1.214272779180227602e+01
1.214272779180227602e+01
1.214272779180227602e+01
9.480699039705221765e+00
9.172175494673011187e+00
1.214272779180227602e+01
9.338319601227137667e+00
1.214272779180227602e+01
1.072659428431572337e+01
1.140268878820336340e+01
1.119090162264067700e+01
9.189820047969144312e+00
1.149672780356551804e+01
9.293488067913690642e+00
1.117825457364076769e+01
1.114357754968205683e+01
1.198897079273457678e+01
1.214272779180227602e+01
9.514051691017034074e+00
1.214272779180227602e+01
1.214272779180227602e+01
1.114958624906162932e+01
1.210173352160217064e+01
1.165028386056961196e+01
1.204185235422374767e+01
7.733010172624700473e+00
1.115157243824148559e+01
1.163285038126134907e+01
1.104279295827037721e+01
1.148719029100226408e+01
1.214272779180227602e+01
8.871326555831979377e+00
8.645204363826959337e+00
1.214272779180227602e+01
1.214272779180227602e+01
9.315025521895252680e+00
1.214272779180227602e+01
1.209965156504023298e+01
1.214272779180227602e+01
1.116291557425072867e+01
1.132798158197579852e+01
9.364044629859387570e+00
8.592639172295584160e+00
9.251043040899025627e+00
9.311261463128474247e+00
9.571691136456923488e+00
1.202057566515269116e+01
1.170484975672546035e+01
1.189026812206474482e+01
1.214272779180227602e+01
1.214272779180227602e+01
8.157242215803574226e+00
1.214272779180227602e+01
1.119227081036451921e+01
9.186427221924635234e+00
1.206197842098642603e+01
1.214272779180227602e+01
1.178073308143175524e+01
1.214272779180227602e+01
1.214272779180227602e+01
8.160863534359453553e+00
1.124458617350430245e+01
1.214272779180227602e+01
1.214272779180227602e+01
1.048361875049980085e+01
1.214272779180227602e+01
8.801878874845058931e+00
9.173984591081708828e+00
1.214272779180227602e+01
1.214272779180227602e+01
1.214272779180227602e+01
1.122858295469837309e+01
9.400828922542281418e+00
9.071069985607822517e+00
1.214272779180227602e+01
1.190952866255202203e+01
1.214272779180227602e+01
1.214272779180227602e+01
1.164836003853574731e+01
1.157436871924585553e+01
1.045842473449223142e+01
8.685479764330310104e+00
1.175798716579398828e+01
1.185001292129313377e+01
1.185098273378666178e+01
9.355922807972126165e+00
1.214272779180227602e+01
1.214272779180227602e+01
8.827113131778904886e+00
1.214272779180227602e+01
9.471134213111820799e+00
1.214272779180227602e+01
1.214272779180227602e+01
1.214272779180227602e+01
1.214272779180227602e+01
9.598462497578896802e+00
1.177221583227985846e+01
8.009656225515692896e+00
8.375853836881043790e+00
1.206803203694071946e+01
