2.118897977631530338e+01
1.149663724622825534e+01
3.341147855691895785e+01
2.511495228484626807e+01
1.864101925346008315e+01
1.389412533365207025e+01
2.254979311356066418e+01
1.782090132568873742e+01
2.450240497256208982e+01
1.921408969558895663e+01
1.753480561518453840e+01
1.787805035030409329e+01
1.617510508892253540e+01
1.793124121591122488e+01
2.142274883886925352e+01
1.504855639534165235e+01
1.793575963119678107e+01
1.388336847839613952e+01
2.308238501668373033e+01
1.503068981901735768e+01
1.020114359404137439e+01
1.624678869732617770e+01
1.739564344631518722e+01
1.227377789810534026e+01
3.497063434154969030e+01
3.198416002497425836e+01
2.604446301008742992e+01
2.151471100566824646e+01
1.110450898036449274e+01
2.664995798180727959e+01
1.410996063385752564e+01
2.144189915247446621e+01
3.901829038803438721e+01
3.690944084240897638e+01
2.030946043470986595e+01
2.260010701746465855e+01
1.798664146983919565e+01
2.448594402390718017e+01
1.809030129390178487e+01
1.761095739747571187e+01
1.541080859766889866e+01
1.955475693988815422e+01
1.600992104006775207e+01
1.788877654963290453e+01
2.251464110438386257e+01
1.710011677970245714e+01
1.820611949968770915e+01
2.223366520738182928e+01
1.314708745877148743e+01
2.120258514289258756e+01
1.507522638664830339e+01
2.483758260841652898e+01
1.256689376863131358e+01
1.939218489646372490e+01
1.964640047557746527e+01
1.624362942731540471e+01
2.087441538308130617e+01
2.071159006472148789e+01
1.122078089056534012e+01
2.997395217600719874e+01
1.749912334966884586e+01
1.932120513932318318e+01
2.344369702127239563e+01
1.757515641921563088e+01
2.483485041166771623e+01
2.731583219874308099e+01
1.933179826099289755e+01
1.692898501336123829e+01
2.903133590106394024e+01
2.234773789013740597e+01
1.843942876280203436e+01
1.222217642374655533e+01
2.628426606634103280e+01
1.703526822370148253e+01
2.813908625720074497e+01
1.498300666461200947e+01
2.494813156664229936e+01
1.720773139864360957e+01
1.056663415667056327e+01
1.543957352095409341e+01
1.338147972180850154e+01
1.950129786405583943e+01
2.560864467770008446e+01
2.210410040401759701e+01
1.793797189148986249e+01
1.854359631093314675e+01
1.394532747085086832e+01
2.129251929137791421e+01
1.506815592922559510e+01
1.963087020163892760e+01
1.376871298418008216e+01
1.623594403218107374e+01
1.327610925796908248e+01
2.112837080095065900e+01
2.044786149515249818e+01
1.625389426110804436e+01
1.751469032819715821e+01
1.361648508683506265e+01
2.198154813909562222e+01
2.051978027086506629e+01
