1.170492172241210938e+01
1.183009147644042969e+01
5.434513092041015625e+01
6.338310241699218750e+01
2.008795738220214844e+01
1.114296913146972656e+01
1.699209213256835938e+01
1.935386657714843750e+01
2.717399597167968750e+01
2.233409881591796875e+01
2.896809577941894531e+01
1.610207557678222656e+01
2.922296524047851562e+01
1.949000358581542969e+01
1.760816574096679688e+01
2.642703056335449219e+01
2.214884757995605469e+01
3.792715072631835938e+01
7.725787162780761719e+01
2.651190757751464844e+01
1.774311065673828125e+01
1.918196678161621094e+01
1.821708679199218750e+01
1.102304458618164062e+01
1.517200469970703125e+01
2.031302452087402344e+01
2.072000503540039062e+01
4.214382171630859375e+01
1.719594001770019531e+01
3.990411758422851562e+01
2.959990501403808594e+01
2.172803878784179688e+01
1.972603797912597656e+01
2.546691894531250000e+01
1.411795616149902344e+01
5.011391639709472656e+01
2.318191528320312500e+01
2.814984321594238281e+01
1.143193244934082031e+01
1.726579666137695312e+01
1.085305213928222656e+01
2.777194976806640625e+01
2.461886405944824219e+01
1.603889465332031250e+01
1.497507095336914062e+01
2.077794075012207031e+01
1.960611343383789062e+01
2.954888343811035156e+01
1.887798309326171875e+01
4.495596885681152344e+01
3.198099136352539062e+01
4.552292823791503906e+01
1.437187194824218750e+01
1.512694358825683594e+01
3.487586975097656250e+01
1.187491416931152344e+01
1.603603363037109375e+01
2.594709396362304688e+01
1.860904693603515625e+01
2.004194259643554688e+01
1.492404937744140625e+01
2.202892303466796875e+01
1.943016052246093750e+01
1.726698875427246094e+01
7.264137268066406250e+00
3.192305564880371094e+01
1.320505142211914062e+01
1.292395591735839844e+01
1.350092887878417969e+01
2.354907989501953125e+01
4.227089881896972656e+01
1.556801795959472656e+01
1.059985160827636719e+01
1.882290840148925781e+01
1.288986206054687500e+01
1.376414299011230469e+01
1.010584831237792969e+01
3.193306922912597656e+01
2.305293083190917969e+01
1.651811599731445312e+01
1.260495185852050781e+01
2.502107620239257812e+01
1.441597938537597656e+01
6.789588928222656250e+01
5.974984169006347656e+01
8.498907089233398438e+01
2.019405364990234375e+01
3.854489326477050781e+01
1.762700080871582031e+01
2.743601799011230469e+01
1.346015930175781250e+01
4.460692405700683594e+01
6.270885467529296875e+00
8.081102371215820312e+01
9.880065917968750000e+00
4.752802848815917969e+01
4.393506050109863281e+01
3.542184829711914062e+01
1.442193984985351562e+01
2.121806144714355469e+01
