1.064091200983221341e+01
1.225957523390379578e+01
1.643666712851108969e+01
2.911872089576111833e+01
2.285990660852804979e+01
1.219178339053861038e+01
1.529704749663172869e+01
1.555117597949404740e+01
1.034989178874494975e+01
1.288561062776569344e+01
2.591123028195371703e+01
9.311502595031582175e+00
2.601006152024028850e+01
2.459168158423885586e+01
1.751708673795216598e+01
2.653520362617084771e+01
1.401072728505868703e+01
1.411224644015326568e+01
1.894828940952495344e+01
1.974654342088656733e+01
1.735017678120901152e+01
2.109254182746578010e+01
1.828960413042499411e+01
9.241555801195065811e+00
1.782564018109880166e+01
2.139541398352925583e+01
1.412082509785661877e+01
1.943594837024699018e+01
1.364426053315002108e+01
2.522935798677969998e+01
1.312886789514312369e+01
1.204352780968667602e+01
2.297017611088341837e+01
2.470951550649967388e+01
1.838668608354134548e+01
2.518053538582739392e+01
1.512606728067769701e+01
1.465239699705971077e+01
1.276562327062748636e+01
1.252178245251454314e+01
9.671402441348085688e+00
2.029729518101290253e+01
2.520650172597802907e+01
1.020210785620121108e+01
1.571663121503208771e+01
2.222124641374778165e+01
1.340746123674519907e+01
1.562770648728507439e+01
1.110813548872077838e+01
1.935930134061246477e+01
2.544062460602829390e+01
2.397735044264481985e+01
1.513560001343778438e+01
1.384067905701261481e+01
1.809656265264235842e+01
1.379965826465204692e+01
2.357209536264516103e+01
1.142957008225574356e+01
1.830909833514137475e+01
1.539922602598314860e+01
1.950873905953486087e+01
1.518112928726048771e+01
1.588741377958785428e+01
1.836898879327843659e+01
1.253877803920524414e+01
2.246839410951003657e+01
1.135657809269492446e+01
1.560827922520007682e+01
1.782510464195016908e+01
1.979527893746625011e+01
1.583375704504371484e+01
1.752842410565717657e+01
1.266444260312301573e+01
1.322397685558095759e+01
1.926370575225532988e+01
1.102405160586354782e+01
9.113499627571849615e+00
1.722502723958031012e+01
1.178550400883657723e+01
1.295792175859865303e+01
1.699791971889790432e+01
1.508332454369818976e+01
1.468049940641878237e+01
3.396178609706605300e+01
2.713821875226396685e+01
1.084127140591441218e+01
1.672818037091513688e+01
1.954571364420353419e+01
1.331314213587997131e+01
1.766872021913938795e+01
1.478492305079569746e+01
2.007385201428080279e+01
1.252464297604319476e+01
3.392699145010256956e+01
1.154275369043968880e+01
1.580750481829375964e+01
3.145445410759691640e+01
2.813040927425979731e+01
1.292668677514168252e+01
1.895936469608342279e+01
