1.987574906647073192e+01
1.500755718795038618e+01
2.421824201360377771e+01
1.627539521187458149e+01
1.602115740004836653e+01
2.852521401305475734e+01
1.965573956838708369e+01
1.732345951508043314e+01
1.689803919775923902e+01
1.585873157943271750e+01
2.248767871722010625e+01
1.758373024312187027e+01
2.462320534056031818e+01
1.785330462248087713e+01
2.077533489412451573e+01
1.183708453248737236e+01
1.228303160336683675e+01
2.451003731420587783e+01
1.976319404215520947e+01
1.902526240418342596e+01
1.523352245733823374e+01
2.275984193097001196e+01
1.778470117347431412e+01
1.632415814112165364e+01
1.094109580899612588e+01
1.104791930143119671e+01
2.236022447472593910e+01
1.041073283176719855e+01
1.588476551049678420e+01
1.212708397575269892e+01
1.730919747856094304e+01
2.126061947517506212e+01
1.757587037739033420e+01
2.140211233199385177e+01
1.481425895509068269e+01
1.443495949655589961e+01
1.287330637742731909e+01
2.394456473522353690e+01
2.335291733965858896e+01
1.758671347872956048e+01
1.806342433959776628e+01
2.364604219559105402e+01
2.251078884750687337e+01
1.163626523932030388e+01
1.142758534403969151e+01
1.995746579874595739e+01
2.414537114009521801e+01
1.152482820849359513e+01
2.208010106569133768e+01
1.311596907895346398e+01
1.438971835757086914e+01
2.132331955671166668e+01
1.513101602829624248e+01
2.068741406975823338e+01
1.242083435615804454e+01
2.708854276343166845e+01
2.585940346466851025e+01
1.337276373438702493e+01
1.014403623636057716e+01
2.229326029069760295e+01
2.443405346379356047e+01
1.767715146376488278e+01
1.090899027124935827e+01
2.120813513135172457e+01
1.425363753342252870e+01
9.372289349054593544e+00
1.258684209121241970e+01
2.290100774101333059e+01
1.406584580162937748e+01
2.717293924104983205e+01
3.583396058476340329e+01
1.530034056587297897e+01
2.736054687569674826e+01
1.217409178755085364e+01
2.626455926400370799e+01
1.277412579013444116e+01
1.678656466096470368e+01
1.199312471473984409e+01
1.398132247003428041e+01
1.797434809868564898e+01
1.443390873703602750e+01
1.440135180796460190e+01
1.289770265778605030e+01
2.346706649439622439e+01
1.382053562410614944e+01
1.726951651136019095e+01
1.802433883267976356e+01
1.658809628353993659e+01
1.519361636844956820e+01
1.520650992680761071e+01
1.704805215717578903e+01
2.196875873545573299e+01
1.649639204126215475e+01
1.355828983723213277e+01
1.337168662099161764e+01
2.468127338837666329e+01
1.177609934041294437e+01
1.060740196409282277e+01
1.639335545950082462e+01
1.026215515603064432e+01
