1.924804534933568334e+01
1.934113824451713981e+01
1.922333097186205819e+01
1.963117727980431226e+01
1.915437510981247016e+01
1.936061435732925773e+01
1.932788281992224810e+01
1.963117727980431226e+01
1.963117727980431226e+01
1.926223051329754554e+01
1.963117727980431226e+01
1.917416300002481222e+01
1.922425061087762543e+01
1.963117727980431226e+01
1.935801401700835811e+01
1.963117727980431226e+01
1.937045408036687633e+01
1.932442361035979062e+01
1.946787530286744783e+01
1.926832157301299731e+01
1.923783428327203993e+01
1.924698693193514032e+01
1.963117727980431226e+01
1.921384175101071179e+01
1.920238403431920204e+01
1.954732545085276740e+01
1.924521447121877671e+01
1.963117727980431226e+01
1.929549546928848258e+01
1.963117727980431226e+01
1.934115051088641835e+01
1.956676487404079978e+01
1.925496624176827254e+01
1.942745702876367631e+01
1.924991805310862958e+01
1.956388672679624463e+01
1.940786946067597896e+01
1.936314633661060824e+01
1.963117727980431226e+01
1.918132928163778672e+01
1.922739146274181365e+01
1.963117727980431226e+01
1.963117727980431226e+01
1.922268568438170533e+01
1.922729172296786970e+01
1.963117727980431226e+01
1.963117727980431226e+01
1.924432789301697255e+01
1.933309154077585745e+01
1.924892971649768114e+01
1.917976183563440173e+01
1.963117727980431226e+01
1.949070537085885491e+01
1.963117727980431226e+01
1.963117727980431226e+01
1.919645087716014586e+01
1.930281374043958564e+01
1.963117727980431226e+01
1.926445268574914849e+01
1.933638307425693625e+01
1.916924016782267870e+01
1.958026280682811660e+01
1.954906303885025665e+01
1.933839956729793741e+01
1.963117727980431226e+01
1.925798881118312877e+01
1.963117727980431226e+01
1.935296841308813498e+01
1.963117727980431226e+01
1.940901052500024804e+01
1.924786427482774798e+01
1.963117727980431226e+01
1.963117727980431226e+01
1.923994033517745805e+01
1.939085931941957597e+01
1.942230558441198340e+01
1.953901536117597004e+01
1.963117727980431226e+01
1.918818561167180547e+01
1.932638093608971630e+01
1.927184104219819361e+01
1.935116103388226350e+01
1.942055970972016610e+01
1.919746932040347076e+01
1.919516869202636755e+01
1.917556552814258453e+01
1.963117727980431226e+01
1.926045309733654776e+01
1.930172165170709775e+01
1.926278932827617396e+01
1.954285921073630306e+01
1.934280872820150066e+01
1.945848272610833618e+01
1.963117727980431226e+01
1.926075683006875039e+01
1.921890973960450566e+01
1.947673191585626640e+01
1.924793414357446864e+01
1.946466680270542327e+01
1.963117727980431226e+01
