1.872295217122074362e+01
1.866132028680427624e+01
1.865753656655394366e+01
1.871986923646639411e+01
1.864288960789879113e+01
1.870071688121337061e+01
1.873087692978965180e+01
1.878123180116983093e+01
1.867494419962588381e+01
1.868587792553001492e+01
1.869208996215933993e+01
1.884707117305016055e+01
1.873891365640802320e+01
1.871544836816678270e+01
1.873633918636293316e+01
1.873959030896087086e+01
1.865873222480405147e+01
1.878035593368956313e+01
1.872644692192611160e+01
1.876171398098463783e+01
1.872336161211404715e+01
1.869488035238995138e+01
1.875877250706384913e+01
1.874416261729803779e+01
1.876094725248569617e+01
1.869873715177987350e+01
1.871359337779393428e+01
1.863892180390089948e+01
1.871886504940052731e+01
1.870811067812456230e+01
1.870382657204674004e+01
1.865663982118510589e+01
1.867216193226904863e+01
1.871698224724001491e+01
1.869621855640624020e+01
1.870924761160096494e+01
1.867027738864333486e+01
1.860459194510494996e+01
1.878097741552395306e+01
1.876543865515846221e+01
1.869257739505435723e+01
1.876464803784212165e+01
1.865381083997505129e+01
1.878189592956771037e+01
1.871158816160659910e+01
1.870884237902943426e+01
1.874423653656345223e+01
1.878701244227136868e+01
1.865526745651251872e+01
1.866042657705023800e+01
1.867429942615445526e+01
1.872494624103188343e+01
1.885718469833918221e+01
1.869201528777751520e+01
1.866366360006726666e+01
1.881997820231619656e+01
1.870714666650686553e+01
1.868471348493817885e+01
1.868725313204991068e+01
1.868380880357177887e+01
1.867228505069816435e+01
1.871494958145684251e+01
1.875544525425673470e+01
1.872709506057292117e+01
1.876188311415091547e+01
1.868666034051176794e+01
1.876615768881251256e+01
1.871490257160523640e+01
1.870847146239232117e+01
1.880236699637178788e+01
1.866031027525076524e+01
1.871389905275059107e+01
1.869195567555150106e+01
1.867548989124369996e+01
1.872030803758566009e+01
1.882034266558996904e+01
1.874848278005730862e+01
1.872527371620454062e+01
1.862501070261271963e+01
1.879787234857566602e+01
1.861283651605487677e+01
1.872883374977421056e+01
1.870592302077307778e+01
1.870290480577295256e+01
1.868865409572197933e+01
1.874700877116206499e+01
1.866085029525098804e+01
1.868942580898556116e+01
1.866360522210688444e+01
1.877993792995390265e+01
1.864884334996381199e+01
1.868144381013154742e+01
1.878034484029867102e+01
1.877617083922506680e+01
1.867669486988522465e+01
1.871644242524904556e+01
1.864269663979016656e+01
1.865677263063841451e+01
1.865191463777729908e+01
1.874694028512224975e+01
