2.813512554471257232e+01
2.325198708521466173e+01
5.288569744629100455e+01
4.925235379672177771e+01
2.989224853836011064e+01
2.266822461789269738e+01
2.074879194351304079e+01
2.232988144927344365e+01
1.963530488686487985e+01
3.496398940977318404e+01
4.982554502220672532e+01
4.846912028806205086e+01
3.229433087140152736e+01
3.785631927011687026e+01
3.451146918067641423e+01
4.086725700720572263e+01
4.018448891898862030e+01
5.514053912616461872e+01
1.779715012275741870e+01
3.314852812815709626e+01
2.090257373536859475e+01
2.264394861119444613e+01
3.410677738839098794e+01
3.302044715520553808e+01
2.554817579380285864e+01
2.812356388164646503e+01
4.126138675227818453e+01
3.509505667615189139e+01
3.181243450878186607e+01
4.322921913392264059e+01
4.743717958553604319e+01
3.117890757121932310e+01
5.166614233988646276e+01
2.958645229744305993e+01
3.423857230182478872e+01
3.662544018406156709e+01
3.478587768323941276e+01
3.045117256028934349e+01
2.465928500195269990e+01
3.547779118736940518e+01
3.416538903211556288e+01
4.507548842930476951e+01
2.894060748745610212e+01
3.969226694462799543e+01
4.051965046157712891e+01
2.906323202877557677e+01
2.723707169943397943e+01
3.120312890978897258e+01
3.920324933953281032e+01
2.966031704317731510e+01
2.958379558585606617e+01
1.817080092910473965e+01
3.677594314121975572e+01
2.815124162547032327e+01
3.341291995218379185e+01
2.819212361445580939e+01
5.073019054700520769e+01
2.588618908811356789e+01
3.372436809807580715e+01
2.978998819056346292e+01
2.417217328583726754e+01
3.811574955785187768e+01
2.503270102004167086e+01
2.454099248304896008e+01
4.029280610843633781e+01
2.283879850558024316e+01
4.210121209327081715e+01
2.062554173461010265e+01
3.646626574931820386e+01
3.100778436202766741e+01
4.097830373841219398e+01
3.576450672659594687e+01
3.484994133598696209e+01
2.905900834132879140e+01
4.491749513578150044e+01
4.277741166227821168e+01
1.691727927182191493e+01
4.023096836890864836e+01
3.669993267259953740e+01
3.579488338231833211e+01
3.460875640467031644e+01
2.678960878122416034e+01
4.277290324664965482e+01
4.460816967630157137e+01
2.381762431500092703e+01
3.145642488158534533e+01
3.856478467879907868e+01
3.988506832144429382e+01
4.518136492613866295e+01
3.580185387241144213e+01
2.768353763624629948e+01
3.698622744662799988e+01
3.596400962921279643e+01
2.349497459455567139e+01
2.200950636989671239e+01
2.483382312834407202e+01
3.536145299794278429e+01
1.944271108627042466e+01
3.401117038277233462e+01
3.398017766522823990e+01
