2.892609331838469444e+01
2.770758640373025017e+01
4.157799415323688663e+01
4.770424813655634466e+01
4.851228975427599721e+01
3.461413173558464251e+01
2.251104077123760661e+01
4.756056271365213206e+01
4.880049648803947093e+01
2.012548851227585445e+01
3.773673179885246753e+01
3.256396686117290074e+01
3.687305146481640605e+01
4.612630260953117300e+01
3.538292787903486669e+01
4.384121144096877742e+01
4.294440728601512092e+01
3.115044369895175080e+01
3.766856656112889112e+01
2.694484619996627828e+01
4.204010631935550890e+01
3.177418742041075106e+01
4.359608265476963851e+01
3.000895162737923627e+01
6.296845373998018403e+01
3.636571774787968536e+01
4.703538927166797379e+01
2.325386367570573753e+01
3.929300923852893135e+01
2.971006791953694304e+01
3.465994528725473600e+01
3.717612468058680264e+01
2.859950821262082954e+01
6.120731157527870891e+01
4.084442434397671917e+01
4.030233839508718319e+01
4.678558257207944848e+01
3.819228957268333602e+01
3.442700849156311449e+01
3.872359105598726359e+01
5.542920904394641468e+01
3.931808274644734524e+01
2.689984974511204996e+01
3.223663235294511509e+01
3.365757268746351372e+01
4.721183401987009631e+01
4.060107295335285471e+01
4.181502381155574000e+01
2.547390352813692260e+01
4.094316557351808683e+01
6.333513968062633381e+01
2.840604137277528096e+01
3.865327624747524737e+01
2.550409256847560258e+01
4.287641043218527415e+01
3.006230125231806483e+01
2.906106710846750829e+01
3.538189561335794764e+01
3.266603022908655163e+01
4.120704850150313092e+01
2.956252333421385003e+01
4.490806938091235168e+01
2.729202692784563311e+01
3.356694598799830231e+01
5.078947670733216313e+01
2.746925246781935570e+01
3.249854233190325203e+01
3.637769756945261435e+01
3.171447436898630201e+01
2.125026397381008536e+01
3.940966698353098252e+01
4.157188709388114489e+01
3.091945732870695451e+01
2.658642001705692337e+01
2.715403342699923073e+01
4.430324970950466934e+01
4.213861617436319307e+01
4.512766670806587399e+01
2.993121353127630968e+01
4.494097189762795352e+01
3.895175979412130118e+01
3.679723312889021258e+01
4.405085297108302456e+01
3.689397934010952440e+01
2.762809541373583855e+01
2.698028882411093932e+01
3.233030560548260013e+01
5.172876929270976376e+01
4.155279335640143756e+01
4.928417157157636552e+01
2.177942155960167625e+01
3.239529208775758207e+01
6.642391311736376736e+01
2.770203145891360919e+01
3.662668630643769774e+01
3.483556440866071569e+01
4.097861376798908140e+01
3.927115209682632013e+01
2.465634224075807523e+01
3.473683356740146166e+01
