7.508993148803710938e+00
6.814956665039062500e+00
6.847143173217773438e+00
7.435798645019531250e+00
6.927013397216796875e+00
6.654977798461914062e+00
7.329940795898437500e+00
6.685018539428710938e+00
6.966114044189453125e+00
7.272005081176757812e+00
6.876945495605468750e+00
6.824970245361328125e+00
7.272005081176757812e+00
7.136821746826171875e+00
6.860017776489257812e+00
6.994962692260742188e+00
6.848096847534179688e+00
6.881952285766601562e+00
7.200956344604492188e+00
7.492065429687500000e+00
6.799936294555664062e+00
6.700992584228515625e+00
6.691932678222656250e+00
7.458925247192382812e+00
6.851911544799804688e+00
7.104158401489257812e+00
7.008075714111328125e+00
6.823778152465820312e+00
7.200002670288085938e+00
6.841897964477539062e+00
6.886005401611328125e+00
7.547855377197265625e+00
6.793975830078125000e+00
6.890058517456054688e+00
6.911993026733398438e+00
6.923913955688476562e+00
7.488012313842773438e+00
6.996154785156250000e+00
6.953954696655273438e+00
7.293224334716796875e+00
6.876945495605468750e+00
6.805896759033203125e+00
7.085084915161132812e+00
6.729841232299804688e+00
7.050037384033203125e+00
6.780862808227539062e+00
6.778001785278320312e+00
6.831884384155273438e+00
7.359981536865234375e+00
7.668972015380859375e+00
6.994009017944335938e+00
7.094860076904296875e+00
6.757020950317382812e+00
6.891965866088867188e+00
6.752014160156250000e+00
6.742000579833984375e+00
7.175922393798828125e+00
7.116079330444335938e+00
6.762027740478515625e+00
7.041931152343750000e+00
6.863832473754882812e+00
7.208824157714843750e+00
6.930112838745117188e+00
6.943941116333007812e+00
6.815910339355468750e+00
6.798028945922851562e+00
7.028818130493164062e+00
6.829023361206054688e+00
6.774902343750000000e+00
6.999015808105468750e+00
6.947040557861328125e+00
6.954908370971679688e+00
6.896018981933593750e+00
6.829023361206054688e+00
6.765842437744140625e+00
7.039070129394531250e+00
7.035017013549804688e+00
6.893873214721679688e+00
7.014989852905273438e+00
6.932973861694335938e+00
6.788015365600585938e+00
6.897926330566406250e+00
6.877183914184570312e+00
6.927013397216796875e+00
6.806850433349609375e+00
6.819009780883789062e+00
6.999969482421875000e+00
6.814956665039062500e+00
6.836175918579101562e+00
6.757974624633789062e+00
6.761789321899414062e+00
6.836891174316406250e+00
6.867885589599609375e+00
6.848096847534179688e+00
6.601810455322265625e+00
7.062911987304687500e+00
6.768941879272460938e+00
6.823062896728515625e+00
6.963014602661132812e+00
7.167100906372070312e+00
