2.040069279399236279e+01
1.703984225150566800e+01
1.849986222597346242e+01
1.646061318625550740e+01
1.490907306855673653e+01
1.943905115698086661e+01
1.874562859830619388e+01
1.471448442419828950e+01
1.793920667129527402e+01
1.925932811177501591e+01
1.666603908502220932e+01
2.204021066149587327e+01
2.139003893713068649e+01
2.588000657620830225e+01
1.482227246164955936e+01
1.542798339462549784e+01
1.825099221114579251e+01
1.623179609691869985e+01
1.652464996080969684e+01
1.818138778112759368e+01
1.618893856503867568e+01
2.180653612616263004e+01
1.743483282408754675e+01
1.481972817720493474e+01
1.960205307520698881e+01
1.663579710742898143e+01
1.558492506758256901e+01
1.860427771473664649e+01
1.861414283090396182e+01
2.476794092535655523e+01
2.963184817091060452e+01
2.048110467780759336e+01
1.451309148011528194e+01
1.857708160681932696e+01
1.517047596689715760e+01
1.595362468064373473e+01
2.624897477500426390e+01
2.295911957012290827e+01
2.045890142025009339e+01
1.843229370063121664e+01
2.206201879447050374e+01
1.682453519928448316e+01
1.723785032117027072e+01
1.669535479211838691e+01
1.570397825929214264e+01
1.770896269192297368e+01
1.478355630625045336e+01
1.489623613505333211e+01
1.743009574806815110e+01
2.408480769870930160e+01
2.294440492656341490e+01
1.512997786566497282e+01
1.588031292480502543e+01
1.732129585017631968e+01
1.926697558576410074e+01
1.571567944394234217e+01
1.548763292785611156e+01
2.052677519876808887e+01
1.529862196586075029e+01
1.586481077356586766e+01
2.077967278989488165e+01
1.955695470905801869e+01
1.641223657001022929e+01
2.254944614382975487e+01
1.533478085816514991e+01
2.176122195564046535e+01
2.260984537672221961e+01
2.029752429567137995e+01
1.826823166024806255e+01
1.529281119915608933e+01
1.778679273003056949e+01
1.691232817961008195e+01
2.260251820067244211e+01
2.766993351169969273e+01
1.761522926919793619e+01
1.611267238035253158e+01
1.810518510259609215e+01
1.646973931546874681e+01
2.237764085862742292e+01
2.157661667340674683e+01
2.486706974044835761e+01
1.956819887431911198e+01
2.377096924803976918e+01
2.215833754458101978e+01
1.581183287705044371e+01
1.618716362735762715e+01
2.090513207550505470e+01
1.895871696066633305e+01
1.622840911212207615e+01
1.706830519970956317e+01
1.752988030216805626e+01
1.587875000364049960e+01
1.495761921453567744e+01
2.424091113617846105e+01
2.531342075394389823e+01
3.401882471380016426e+01
1.646725640177183081e+01
2.060588344776786585e+01
2.152116756762629990e+01
2.563357173715928639e+01
