2.403985927343422446e+01
2.403985927343422446e+01
2.850225783344925645e+01
2.414055122499808093e+01
2.808103306031101809e+01
2.403985927343422446e+01
2.403985927343422446e+01
2.403985927343422446e+01
2.729053541863818566e+01
2.403985927343422446e+01
2.403985927343422446e+01
3.080539641955948582e+01
2.624976881912802185e+01
2.889544442813408409e+01
2.403985927343422446e+01
2.403985927343422446e+01
2.403985927343422446e+01
2.403985927343422446e+01
2.823516773092123344e+01
2.403985927343422446e+01
2.403985927343422446e+01
2.403985927343422446e+01
2.403985927343422446e+01
3.439847163225780236e+01
2.403985927343422446e+01
2.403985927343422446e+01
2.403985927343422446e+01
2.403985927343422446e+01
2.403985927343422446e+01
3.392031035214983348e+01
2.403985927343422446e+01
2.989870814164128987e+01
2.403985927343422446e+01
2.429443355589497244e+01
2.456434034334722938e+01
2.403985927343422446e+01
2.983865678875745431e+01
2.994743571054841169e+01
2.804622411011968097e+01
2.515555000094000704e+01
2.403985927343422446e+01
2.892634982575872371e+01
2.483487678205402815e+01
2.403985927343422446e+01
2.403985927343422446e+01
2.403985927343422446e+01
2.403985927343422446e+01
2.403985927343422446e+01
2.403985927343422446e+01
2.444369764969833625e+01
2.403985927343422446e+01
2.403985927343422446e+01
2.403985927343422446e+01
3.015815474832865206e+01
2.403985927343422446e+01
2.403985927343422446e+01
3.919269908032852356e+01
3.634495178916700553e+01
2.961550869604080560e+01
2.403985927343422446e+01
2.403985927343422446e+01
2.700840129242313381e+01
2.403985927343422446e+01
2.952595845622063919e+01
2.701527556427717514e+01
3.123289201063385079e+01
2.403985927343422446e+01
2.828581203525653365e+01
2.936572785211369663e+01
3.124750305608837664e+01
2.424882395877076746e+01
2.403985927343422446e+01
2.562346227282502653e+01
2.403985927343422446e+01
2.403985927343422446e+01
2.403985927343422446e+01
2.403985927343422446e+01
2.828499403604747897e+01
2.403985927343422446e+01
2.403985927343422446e+01
2.507334657541260370e+01
2.403985927343422446e+01
2.403985927343422446e+01
2.681079630473212916e+01
2.403985927343422446e+01
2.403985927343422446e+01
2.403985927343422446e+01
2.403985927343422446e+01
3.092728520666871361e+01
2.403985927343422446e+01
2.978352438940754610e+01
3.557617757056209484e+01
2.429641360266526817e+01
2.544871388253551814e+01
2.403985927343422446e+01
2.403985927343422446e+01
2.403985927343422446e+01
2.403985927343422446e+01
2.403985927343422446e+01
2.403985927343422446e+01
