3.756303017903297103e+01
3.394693600024905322e+01
4.594666393822018335e+01
2.518835209154633858e+01
2.395096338915262990e+01
2.447616704202813054e+01
3.028359155800934843e+01
4.307197167641969315e+01
4.644839794065315175e+01
3.316259002266408373e+01
2.608325528666966875e+01
3.716293865267522989e+01
4.154911183451285694e+01
2.907383521193988329e+01
2.906849808730716589e+01
4.401462157132218067e+01
3.954151401550485190e+01
3.009585056531265934e+01
2.465371017754037197e+01
2.050704503975682869e+01
3.946666338855707323e+01
4.351970084323949095e+01
4.196404194328081161e+01
3.652075890564610461e+01
3.580206873459496819e+01
3.427133441531033498e+01
3.580107678626253431e+01
4.544184808217153915e+01
3.208888126683622488e+01
3.305524240614641940e+01
3.823446881086606908e+01
2.836657750379812981e+01
3.009515746900198963e+01
2.723675485355778036e+01
3.018376983752394338e+01
3.446735784149802129e+01
5.275740896183605599e+01
3.851989713856096387e+01
4.094584803943224927e+01
3.397436613651150594e+01
3.740029404382591594e+01
4.878432078104937375e+01
5.189620341270764925e+01
2.754225763263970350e+01
3.031290730409258671e+01
4.479571704134599486e+01
3.959600636126644702e+01
4.471404153062928799e+01
3.808451463084813327e+01
3.873345182576777290e+01
3.034907054308612828e+01
3.274529511369755852e+01
3.021699643065669250e+01
4.704754181569927596e+01
4.164123074803399049e+01
5.606132015955845560e+01
3.419057111645059166e+01
3.542158578525350521e+01
3.720709971501782576e+01
2.732727590212897084e+01
3.074941626931046912e+01
3.462832290314715777e+01
4.454865976151345563e+01
2.716902306235843412e+01
3.380753038144594314e+01
3.744915353333315977e+01
5.589411656664503170e+01
4.914534859137149425e+01
3.079064507258833672e+01
4.493657122774354917e+01
2.840529117055132247e+01
2.465571669591079385e+01
2.640944118352782155e+01
3.168775536416487881e+01
2.612215353787229333e+01
3.704144768852383862e+01
3.679772033149489374e+01
2.876780565502921405e+01
2.287766962637042667e+01
5.155942024914728705e+01
2.649104498712959810e+01
4.032588613960734136e+01
3.834977245228035514e+01
3.688314048186776972e+01
4.152857271139278339e+01
3.508759037663281788e+01
4.666002222718677928e+01
2.245354965858758689e+01
2.191185223891639922e+01
2.861075839776426832e+01
3.419844360553273788e+01
2.958367054857095724e+01
3.431660849456556406e+01
2.606142377283144995e+01
3.034562562796651264e+01
2.769533976615382187e+01
3.782984454740396529e+01
6.192598443564597943e+01
2.499062341094973760e+01
5.413652366535436755e+01
