2.104318141937255859e+02
4.629499912261962891e+02
4.052739143371582031e+02
2.278549671173095703e+02
1.129779815673828125e+02
2.635979652404785156e+02
3.339419364929199219e+02
8.376002311706542969e+01
1.073291301727294922e+02
7.014248371124267578e+02
3.952000141143798828e+02
2.498230934143066406e+02
2.614879608154296875e+02
9.995722770690917969e+01
1.797978878021240234e+02
1.625878810882568359e+02
3.219339847564697266e+02
1.077890396118164062e+02
2.419409751892089844e+02
2.584829330444335938e+02
3.325219154357910156e+02
4.159340858459472656e+02
2.859318256378173828e+02
1.858060359954833984e+02
1.370089054107666016e+02
2.326581478118896484e+02
2.057411670684814453e+02
1.011390686035156250e+02
2.547030448913574219e+02
1.421878337860107422e+02
2.438800334930419922e+02
1.131160259246826172e+02
1.753389835357666016e+02
2.639780044555664062e+02
4.999468326568603516e+02
3.192598819732666016e+02
2.490930557250976562e+02
7.212305068969726562e+01
2.652158737182617188e+02
1.835489273071289062e+02
1.384310722351074219e+02
2.243778705596923828e+02
2.378439903259277344e+02
5.669457912445068359e+02
8.538508415222167969e+01
8.472204208374023438e+01
6.850678920745849609e+02
5.102720260620117188e+02
1.202309131622314453e+02
3.233458995819091797e+02
1.192438602447509766e+02
1.581158638000488281e+02
9.628605842590332031e+01
1.002581119537353516e+02
1.912069320678710938e+02
3.146770000457763672e+02
6.145501136779785156e+01
7.654786109924316406e+01
1.526849269866943359e+02
1.449940204620361328e+02
1.489059925079345703e+02
1.574180126190185547e+02
2.129061222076416016e+02
4.922468662261962891e+02
1.175408363342285156e+02
2.414159774780273438e+02
3.465058803558349609e+02
2.701780796051025391e+02
2.359411716461181641e+02
1.289429664611816406e+02
3.938341140747070312e+02
1.144940853118896484e+02
1.668550968170166016e+02
2.564308643341064453e+02
1.097660064697265625e+02
4.045867919921875000e+02
1.770939826965332031e+02
1.691040992736816406e+02
2.251110076904296875e+02
1.973440647125244141e+02
3.788480758666992188e+02
3.071951866149902344e+02
3.370199203491210938e+02
3.868639469146728516e+02
5.228619575500488281e+02
1.874921321868896484e+02
4.048771858215332031e+02
1.239931583404541016e+02
4.656429290771484375e+02
1.333999633789062500e+02
2.724988460540771484e+02
1.877720355987548828e+02
5.346179008483886719e+02
1.498949527740478516e+02
2.750668525695800781e+02
2.035028934478759766e+02
4.675068855285644531e+02
1.083741188049316406e+02
3.026399612426757812e+02
