2.046778481988862097e+01
2.756920548993839759e+01
2.046778481988862097e+01
2.046778481988862097e+01
2.046778481988862097e+01
2.046778481988862097e+01
2.046778481988862097e+01
2.046778481988862097e+01
2.046778481988862097e+01
2.046778481988862097e+01
2.046778481988862097e+01
2.046778481988862097e+01
2.046778481988862097e+01
2.046778481988862097e+01
2.046778481988862097e+01
2.046778481988862097e+01
2.565142710741031351e+01
2.046778481988862097e+01
2.696267870808082634e+01
2.046778481988862097e+01
2.046778481988862097e+01
2.046778481988862097e+01
2.584431824201186600e+01
2.046778481988862097e+01
2.046778481988862097e+01
2.561100404861072377e+01
2.046778481988862097e+01
2.046778481988862097e+01
2.493978290838743206e+01
2.046778481988862097e+01
2.046778481988862097e+01
2.046778481988862097e+01
2.046778481988862097e+01
2.046778481988862097e+01
2.046778481988862097e+01
2.046778481988862097e+01
2.496365109320014497e+01
2.046778481988862097e+01
2.046778481988862097e+01
2.046778481988862097e+01
2.046778481988862097e+01
2.778095041659928199e+01
2.046778481988862097e+01
2.046778481988862097e+01
2.702327306894602543e+01
2.856405406266314984e+01
3.095758682409818974e+01
2.695185170007574271e+01
2.555458216422027107e+01
2.046778481988862097e+01
2.046778481988862097e+01
2.046778481988862097e+01
2.046778481988862097e+01
2.071328761716319278e+01
2.046778481988862097e+01
2.046778481988862097e+01
2.475861999707904815e+01
2.046778481988862097e+01
2.046778481988862097e+01
2.046778481988862097e+01
2.046778481988862097e+01
2.046778481988862097e+01
2.046778481988862097e+01
2.046778481988862097e+01
2.046778481988862097e+01
2.046778481988862097e+01
2.046778481988862097e+01
2.046778481988862097e+01
2.046778481988862097e+01
2.046778481988862097e+01
2.046778481988862097e+01
2.046778481988862097e+01
2.823851709723662751e+01
2.046778481988862097e+01
2.046778481988862097e+01
2.046778481988862097e+01
2.046778481988862097e+01
2.046778481988862097e+01
2.046778481988862097e+01
2.046778481988862097e+01
2.046778481988862097e+01
2.794650761699427477e+01
2.046778481988862097e+01
2.046778481988862097e+01
2.046778481988862097e+01
2.046778481988862097e+01
2.046778481988862097e+01
2.046778481988862097e+01
2.046778481988862097e+01
2.046778481988862097e+01
2.046778481988862097e+01
2.409892994030728630e+01
2.046778481988862097e+01
2.318188966353895708e+01
2.046778481988862097e+01
2.046778481988862097e+01
2.046778481988862097e+01
2.046778481988862097e+01
2.046778481988862097e+01
2.046778481988862097e+01
