3.690886497497558594e+01
5.402898788452148438e+01
8.888101577758789062e+01
6.835484504699707031e+01
2.618217468261718750e+01
6.767988204956054688e+01
1.811504364013671875e+01
4.883193969726562500e+01
5.510592460632324219e+01
7.527709007263183594e+01
9.281396865844726562e+01
1.125729084014892578e+02
3.894090652465820312e+01
4.156112670898437500e+01
3.371191024780273438e+01
2.150461673736572266e+02
1.074590682983398438e+02
4.904985427856445312e+01
5.783796310424804688e+01
9.640693664550781250e+01
3.680706024169921875e+01
3.690314292907714844e+01
3.632497787475585938e+01
5.633401870727539062e+01
4.279112815856933594e+01
1.457419395446777344e+02
8.332610130310058594e+01
9.750699996948242188e+01
2.248289585113525391e+02
2.375197410583496094e+01
1.708984375000000000e+01
3.341007232666015625e+01
1.119790077209472656e+02
7.744288444519042969e+01
2.607703208923339844e+01
2.418303489685058594e+01
1.925859451293945312e+02
2.278304100036621094e+01
4.824590682983398438e+01
4.368996620178222656e+01
7.780408859252929688e+01
4.829311370849609375e+01
7.997488975524902344e+01
5.325102806091308594e+01
9.640502929687500000e+01
8.189487457275390625e+01
3.507685661315917969e+01
1.313149929046630859e+02
2.903578281402587891e+02
2.417559623718261719e+02
2.543370723724365234e+02
6.514620780944824219e+01
1.648101806640625000e+02
3.356385231018066406e+01
1.090230941772460938e+02
2.487587928771972656e+01
5.937600135803222656e+01
3.689193725585937500e+01
6.174397468566894531e+01
1.302461624145507812e+02
9.219717979431152344e+01
5.361413955688476562e+01
7.524800300598144531e+01
2.651596069335937500e+01
7.826709747314453125e+01
1.147718429565429688e+02
3.968088626861572266e+02
5.165505409240722656e+01
7.100391387939453125e+01
3.351783752441406250e+01
1.378970146179199219e+02
3.693199157714843750e+01
1.980495452880859375e+01
6.232190132141113281e+01
6.935501098632812500e+01
3.216409683227539062e+01
2.831315994262695312e+01
4.897212982177734375e+01
3.161716461181640625e+01
5.267000198364257812e+01
2.378990650177001953e+02
3.111600875854492188e+01
3.523769378662109375e+02
6.888294219970703125e+01
6.651687622070312500e+01
4.345607757568359375e+01
4.559302330017089844e+01
1.671385765075683594e+01
7.434201240539550781e+01
9.672188758850097656e+01
1.488430500030517578e+02
4.082822799682617188e+01
1.579959392547607422e+02
4.490804672241210938e+01
8.665204048156738281e+01
2.534508705139160156e+01
4.739499092102050781e+01
1.243941783905029297e+02
6.731796264648437500e+01
6.223106384277343750e+01
