1.055788993835449219e+01
1.144886016845703125e+01
9.696960449218750000e+00
1.049304008483886719e+01
1.069307327270507812e+01
1.177501678466796875e+01
1.048398017883300781e+01
1.980710029602050781e+01
2.622103691101074219e+01
9.755134582519531250e+00
1.091599464416503906e+01
9.788990020751953125e+00
1.003098487854003906e+01
1.808619499206542969e+01
2.314996719360351562e+01
1.333999633789062500e+01
1.027393341064453125e+01
1.085805892944335938e+01
1.469206809997558594e+01
2.018189430236816406e+01
1.662015914916992188e+01
1.076197624206542969e+01
1.043319702148437500e+01
2.248287200927734375e+01
1.045107841491699219e+01
1.073789596557617188e+01
1.846814155578613281e+01
2.522993087768554688e+01
1.521706581115722656e+01
1.358890533447265625e+01
1.030111312866210938e+01
1.630210876464843750e+01
1.646900177001953125e+01
1.637887954711914062e+01
9.706020355224609375e+00
2.781391143798828125e+01
2.038884162902832031e+01
1.120495796203613281e+01
1.114821434020996094e+01
1.688694953918457031e+01
1.035308837890625000e+01
1.105880737304687500e+01
1.422095298767089844e+01
1.386404037475585938e+01
2.063083648681640625e+01
9.810924530029296875e+00
1.027417182922363281e+01
9.171962738037109375e+00
1.855206489562988281e+01
1.040101051330566406e+01
9.880065917968750000e+00
8.911132812500000000e+00
9.104013442993164062e+00
1.703500747680664062e+01
1.811599731445312500e+01
1.848602294921875000e+01
1.023888587951660156e+01
9.366989135742187500e+00
1.094007492065429688e+01
1.621198654174804688e+01
9.079933166503906250e+00
1.044702529907226562e+01
2.527999877929687500e+01
1.465392112731933594e+01
1.105093955993652344e+01
1.524114608764648438e+01
2.544212341308593750e+01
9.696006774902343750e+00
2.954602241516113281e+01
1.068115234375000000e+01
1.717996597290039062e+01
2.134013175964355469e+01
1.455307006835937500e+01
1.055192947387695312e+01
2.093815803527832031e+01
9.501934051513671875e+00
1.537084579467773438e+01
2.366495132446289062e+01
1.473999023437500000e+01
1.033091545104980469e+01
1.604604721069335938e+01
1.412892341613769531e+01
9.979963302612304688e+00
2.130794525146484375e+01
9.990930557250976562e+00
1.076412200927734375e+01
9.667158126831054688e+00
9.491920471191406250e+00
2.140188217163085938e+01
4.220700263977050781e+01
1.393294334411621094e+01
2.032494544982910156e+01
1.130604743957519531e+01
1.026892662048339844e+01
2.627611160278320312e+01
1.194405555725097656e+01
1.613306999206542969e+01
1.103210449218750000e+01
2.102804183959960938e+01
3.960895538330078125e+01
