1.755839827069588566e+01
2.343429360761548352e+01
2.491539305742854893e+01
3.271736411954516655e+01
2.823977279590203082e+01
2.292988429415293439e+01
2.070123598560750011e+01
2.786531491919500070e+01
2.674555440727253952e+01
2.092685210876074819e+01
1.381640596354231221e+01
1.961911759645471776e+01
2.325181535292337642e+01
2.022937710454153404e+01
2.576509402430746221e+01
2.689876779029643217e+01
1.952900716282366389e+01
2.211115754204778483e+01
1.653625803956908058e+01
2.931305594054585129e+01
1.443768446246834714e+01
2.102082432757516983e+01
1.786605476997827324e+01
2.176788816028187767e+01
1.432132131192674507e+01
2.061224564969334239e+01
1.400277229396048995e+01
1.458093958795955558e+01
1.914333843750628361e+01
2.056855731839679180e+01
1.409663383813541060e+01
1.935726376728776188e+01
2.311341780418008085e+01
2.189488495957366965e+01
1.954876976745804740e+01
2.069936309366371319e+01
1.739417961305855087e+01
2.007533626164202190e+01
3.820827919295710728e+01
1.670979349862151864e+01
1.462913841125064884e+01
2.592758743366459484e+01
2.874128321236043604e+01
2.060227704258716486e+01
1.487289829714946521e+01
1.565152118955871430e+01
1.885098174919930258e+01
1.781151212528088834e+01
3.209047953768114780e+01
2.115150559523772600e+01
1.449018162794230946e+01
2.107043662665167716e+01
1.509694178159680966e+01
1.503576709594634764e+01
1.708208915903020753e+01
2.277113902005753232e+01
2.490053909632931450e+01
3.493145668771616386e+01
1.977485892815632695e+01
1.687038641623259849e+01
1.977444778806724557e+01
1.505697084718024747e+01
2.301980519088436949e+01
1.852290661934834404e+01
1.451652234654343943e+01
3.845434341803261447e+01
2.428526604603236549e+01
1.880037251034665502e+01
3.188539823328886413e+01
3.270326365304229199e+01
1.897372861219619722e+01
1.443713287384658628e+01
1.476765784847010110e+01
2.124146143973182532e+01
2.306568041226387678e+01
3.502681035931166065e+01
2.255356098686872457e+01
1.873277941969470106e+01
2.542800552747288734e+01
1.949215844341921411e+01
1.540092152406520931e+01
1.481697953140737312e+01
1.680688368700628388e+01
2.193292915376548891e+01
2.617123439924827366e+01
2.353265860469024773e+01
1.444002365360115192e+01
1.401375789386571391e+01
2.002241442491530776e+01
2.524607065972215736e+01
1.505854302818637613e+01
1.462513518466954565e+01
1.454800119874242448e+01
1.568190952752054557e+01
1.422783234238821848e+01
2.382286902775110349e+01
2.948032893912379748e+01
2.092685582067844052e+01
1.586807152309969915e+01
2.193939393648075864e+01
