3.112138915470037759e+01
3.112138915470037759e+01
3.112138915470037759e+01
3.065999949363964916e+01
3.112138915470037759e+01
3.112138915470037759e+01
3.112138915470037759e+01
2.959916671318826076e+01
3.112138915470037759e+01
3.086205248446151472e+01
3.100477082709595322e+01
3.112138915470037759e+01
3.049139511740705544e+01
3.112138915470037759e+01
3.112138915470037759e+01
3.112138915470037759e+01
3.112138915470037759e+01
3.107213033326648244e+01
3.112138915470037759e+01
3.099544441262444749e+01
3.112138915470037759e+01
3.112138915470037759e+01
3.112138915470037759e+01
3.112138915470037759e+01
3.112138915470037759e+01
3.112138915470037759e+01
3.112138915470037759e+01
2.965382832540711178e+01
3.084376575755374716e+01
3.112138915470037759e+01
3.112138915470037759e+01
3.112138915470037759e+01
3.112138915470037759e+01
3.051160477578745045e+01
2.978906067424700055e+01
3.112138915470037759e+01
3.112138915470037759e+01
3.092804365654866317e+01
3.112138915470037759e+01
3.023864412264038393e+01
3.112138915470037759e+01
2.998885482796519142e+01
3.112138915470037759e+01
3.090340366475065892e+01
3.112138915470037759e+01
3.112138915470037759e+01
3.112138915470037759e+01
3.047073748186348752e+01
3.058982266805776362e+01
3.112138915470037759e+01
3.092648271091852408e+01
3.112138915470037759e+01
3.112138915470037759e+01
3.112138915470037759e+01
3.112138915470037759e+01
3.091407673500878417e+01
3.112138915470037759e+01
3.112138915470037759e+01
3.112138915470037759e+01
3.112138915470037759e+01
3.112138915470037759e+01
3.112138915470037759e+01
3.112138915470037759e+01
3.096876727253068395e+01
2.723741910889207674e+01
3.104035145448323618e+01
3.112138915470037759e+01
3.044454616537791480e+01
3.112138915470037759e+01
3.112138915470037759e+01
3.112138915470037759e+01
3.112138915470037759e+01
3.112138915470037759e+01
3.112138915470037759e+01
3.075062567971417593e+01
2.946054387424601373e+01
3.112138915470037759e+01
3.112138915470037759e+01
3.112138915470037759e+01
3.112138915470037759e+01
3.052337819633402916e+01
2.974492520037614085e+01
3.112138915470037759e+01
2.999604099053575723e+01
3.112138915470037759e+01
3.112138915470037759e+01
3.112138915470037759e+01
3.112138915470037759e+01
3.031888865652958742e+01
3.112138915470037759e+01
3.112138915470037759e+01
3.112138915470037759e+01
3.112138915470037759e+01
3.112138915470037759e+01
3.033407797639790360e+01
3.112138915470037759e+01
3.112138915470037759e+01
3.110409661136512582e+01
3.112138915470037759e+01
3.112138915470037759e+01
