1.853093080489141187e+01
1.853093080489141187e+01
2.136219209573911471e+01
1.853093080489141187e+01
2.664264206690713976e+01
2.024554615254417556e+01
1.996900974483225610e+01
2.930939634011100026e+01
1.853093080489141187e+01
1.853093080489141187e+01
1.853093080489141187e+01
1.853093080489141187e+01
2.327278436817373475e+01
1.853093080489141187e+01
1.853093080489141187e+01
1.853093080489141187e+01
1.853093080489141187e+01
1.853093080489141187e+01
1.853093080489141187e+01
1.853093080489141187e+01
1.853093080489141187e+01
2.457615493331765677e+01
1.853093080489141187e+01
1.853093080489141187e+01
2.108799619023809058e+01
1.853093080489141187e+01
1.853093080489141187e+01
2.389126348829449853e+01
2.451769502427627856e+01
2.621308419113295329e+01
1.853093080489141187e+01
1.853093080489141187e+01
2.075165237515248862e+01
2.326172985905709822e+01
2.671476106847071108e+01
1.853093080489141187e+01
1.853093080489141187e+01
1.853093080489141187e+01
2.442028555089683550e+01
2.285395284158502704e+01
1.853093080489141187e+01
1.853093080489141187e+01
2.087064192349694736e+01
1.853093080489141187e+01
2.362830080300758695e+01
2.306154637658104534e+01
2.150518261853201096e+01
1.853093080489141187e+01
2.584909652790081580e+01
1.853093080489141187e+01
1.853093080489141187e+01
1.853093080489141187e+01
1.853093080489141187e+01
1.853093080489141187e+01
2.478506966760758345e+01
1.853093080489141187e+01
2.447318120842549050e+01
1.853093080489141187e+01
2.537624014613862400e+01
2.795890439010726425e+01
2.168978568741830415e+01
1.853093080489141187e+01
2.285297883009127418e+01
1.853093080489141187e+01
2.131801950769295217e+01
1.853093080489141187e+01
1.853093080489141187e+01
2.257709798973205295e+01
2.253774551995024922e+01
2.521379580621081828e+01
1.853093080489141187e+01
2.152224919520419633e+01
2.403667118963207372e+01
1.853093080489141187e+01
1.853093080489141187e+01
1.853093080489141187e+01
1.853093080489141187e+01
2.531451112361338573e+01
1.853093080489141187e+01
1.853093080489141187e+01
1.853093080489141187e+01
1.853093080489141187e+01
1.853093080489141187e+01
1.853093080489141187e+01
2.033779883184670467e+01
1.853093080489141187e+01
2.802413358627000051e+01
2.034385812463523280e+01
2.117933039226761593e+01
1.853093080489141187e+01
2.326579175366791574e+01
2.200753811557751760e+01
1.853093080489141187e+01
1.853093080489141187e+01
2.403254033881130169e+01
1.853093080489141187e+01
2.603933264830042305e+01
1.853093080489141187e+01
1.853093080489141187e+01
1.853093080489141187e+01
