1.092100143432617188e+01
2.538704872131347656e+01
2.257108688354492188e+01
3.060102462768554688e+01
1.720404624938964844e+01
1.874685287475585938e+01
2.386093139648437500e+01
1.864814758300781250e+01
1.574301719665527344e+01
1.601099967956542969e+01
2.326703071594238281e+01
1.338911056518554688e+01
1.707386970520019531e+01
1.238012313842773438e+01
3.082108497619628906e+01
5.894708633422851562e+01
2.976393699645996094e+01
2.348995208740234375e+01
2.519798278808593750e+01
2.603006362915039062e+01
2.498793601989746094e+01
3.522992134094238281e+01
2.305889129638671875e+01
9.662866592407226562e+00
1.198005676269531250e+01
1.054286956787109375e+01
5.122184753417968750e+01
2.389693260192871094e+01
1.219511032104492188e+01
4.329895973205566406e+01
2.724814414978027344e+01
1.970100402832031250e+01
2.199816703796386719e+01
3.151607513427734375e+01
1.217818260192871094e+01
1.662993431091308594e+01
2.363085746765136719e+01
1.003885269165039062e+01
9.760856628417968750e+00
2.270507812500000000e+01
2.219915390014648438e+01
1.054787635803222656e+01
3.585004806518554688e+01
2.332210540771484375e+01
1.232099533081054688e+01
2.563500404357910156e+01
9.927988052368164062e+00
1.750898361206054688e+01
1.208281517028808594e+01
1.274299621582031250e+01
3.481292724609375000e+01
2.322006225585937500e+01
2.279591560363769531e+01
2.274394035339355469e+01
2.714896202087402344e+01
3.107595443725585938e+01
2.295303344726562500e+01
2.885198593139648438e+01
1.667904853820800781e+01
1.480984687805175781e+01
1.180100440979003906e+01
1.202392578125000000e+01
1.182389259338378906e+01
1.219987869262695312e+01
2.781701087951660156e+01
1.589584350585937500e+01
2.347207069396972656e+01
2.182197570800781250e+01
2.971291542053222656e+01
1.261782646179199219e+01
1.082897186279296875e+01
2.122807502746582031e+01
1.915502548217773438e+01
1.054000854492187500e+01
2.070093154907226562e+01
2.018594741821289062e+01
4.030084609985351562e+01
9.871006011962890625e+00
1.805090904235839844e+01
2.082586288452148438e+01
1.628804206848144531e+01
2.267694473266601562e+01
1.051306724548339844e+01
3.400588035583496094e+01
1.073312759399414062e+01
2.356910705566406250e+01
2.391910552978515625e+01
1.696395874023437500e+01
1.307797431945800781e+01
2.409291267395019531e+01
2.388596534729003906e+01
1.003694534301757812e+01
2.379512786865234375e+01
1.300787925720214844e+01
1.402592658996582031e+01
1.095795631408691406e+01
2.873206138610839844e+01
1.291918754577636719e+01
1.128721237182617188e+01
2.183794975280761719e+01
