1.358008384704589844e+01
1.253795623779296875e+01
1.291990280151367188e+01
1.381516456604003906e+01
1.288199424743652344e+01
1.287603378295898438e+01
1.299309730529785156e+01
1.331710815429687500e+01
2.122092247009277344e+01
1.265096664428710938e+01
1.255393028259277344e+01
1.352095603942871094e+01
1.289892196655273438e+01
1.297593116760253906e+01
1.349306106567382812e+01
1.256108283996582031e+01
1.273107528686523438e+01
1.408815383911132812e+01
1.395678520202636719e+01
1.285004615783691406e+01
1.356410980224609375e+01
2.002811431884765625e+01
1.252484321594238281e+01
1.327395439147949219e+01
1.284193992614746094e+01
1.283502578735351562e+01
1.303219795227050781e+01
1.281905174255371094e+01
1.869893074035644531e+01
1.262998580932617188e+01
1.274800300598144531e+01
1.959395408630371094e+01
1.309084892272949219e+01
1.323604583740234375e+01
1.789402961730957031e+01
1.275205612182617188e+01
1.393985748291015625e+01
1.301383972167968750e+01
1.259994506835937500e+01
1.259779930114746094e+01
1.254701614379882812e+01
1.332378387451171875e+01
2.041888236999511719e+01
1.281595230102539062e+01
1.309990882873535156e+01
1.974511146545410156e+01
1.306295394897460938e+01
1.273107528686523438e+01
1.280498504638671875e+01
1.325201988220214844e+01
1.374506950378417969e+01
1.316499710083007812e+01
1.262712478637695312e+01
1.341819763183593750e+01
1.407480239868164062e+01
1.317691802978515625e+01
1.359200477600097656e+01
1.273393630981445312e+01
1.254701614379882812e+01
1.396298408508300781e+01
1.861691474914550781e+01
1.947879791259765625e+01
1.408195495605468750e+01
1.286292076110839844e+01
1.417398452758789062e+01
1.260900497436523438e+01
1.286697387695312500e+01
1.405978202819824219e+01
1.262593269348144531e+01
2.074193954467773438e+01
1.340794563293457031e+01
1.732993125915527344e+01
1.790499687194824219e+01
1.284503936767578125e+01
1.276183128356933594e+01
1.364803314208984375e+01
1.369714736938476562e+01
1.323509216308593750e+01
1.321387290954589844e+01
2.099800109863281250e+01
1.256990432739257812e+01
1.314687728881835938e+01
1.326298713684082031e+01
1.322412490844726562e+01
1.258301734924316406e+01
1.289391517639160156e+01
1.251697540283203125e+01
1.365303993225097656e+01
1.332211494445800781e+01
1.371884346008300781e+01
1.416206359863281250e+01
1.445603370666503906e+01
1.428914070129394531e+01
1.310515403747558594e+01
1.300001144409179688e+01
1.304197311401367188e+01
1.343917846679687500e+01
1.348185539245605469e+01
1.316690444946289062e+01
1.235485076904296875e+01
