1.990419231573562797e+01
2.593548364147368090e+01
2.741960465350345189e+01
1.990419231573562797e+01
1.990419231573562797e+01
1.990419231573562797e+01
2.603771129295729736e+01
1.990419231573562797e+01
2.966226225346943224e+01
3.088519725381569359e+01
1.990419231573562797e+01
1.990419231573562797e+01
1.990419231573562797e+01
1.990419231573562797e+01
1.990419231573562797e+01
1.990419231573562797e+01
1.990419231573562797e+01
1.990419231573562797e+01
1.990419231573562797e+01
1.990419231573562797e+01
1.990419231573562797e+01
1.990419231573562797e+01
1.990419231573562797e+01
1.990419231573562797e+01
1.990419231573562797e+01
1.990419231573562797e+01
1.990419231573562797e+01
1.990419231573562797e+01
1.990419231573562797e+01
1.990419231573562797e+01
2.452166183135925692e+01
1.990419231573562797e+01
1.990419231573562797e+01
2.879088526550657434e+01
1.990419231573562797e+01
2.962372259379698392e+01
1.990419231573562797e+01
1.990419231573562797e+01
1.990419231573562797e+01
1.990419231573562797e+01
1.990419231573562797e+01
1.990419231573562797e+01
1.990419231573562797e+01
2.908013492531227939e+01
1.990419231573562797e+01
1.990419231573562797e+01
1.990419231573562797e+01
1.990419231573562797e+01
1.990419231573562797e+01
1.990419231573562797e+01
1.990419231573562797e+01
1.990419231573562797e+01
1.990419231573562797e+01
1.990419231573562797e+01
1.990419231573562797e+01
1.990419231573562797e+01
1.990419231573562797e+01
1.990419231573562797e+01
1.990419231573562797e+01
1.990419231573562797e+01
1.990419231573562797e+01
1.990419231573562797e+01
1.990419231573562797e+01
1.990419231573562797e+01
1.990419231573562797e+01
1.990419231573562797e+01
1.990419231573562797e+01
1.990419231573562797e+01
1.990419231573562797e+01
1.990419231573562797e+01
1.990419231573562797e+01
1.990419231573562797e+01
1.990419231573562797e+01
1.990419231573562797e+01
1.990419231573562797e+01
1.990419231573562797e+01
1.990419231573562797e+01
1.990419231573562797e+01
1.990419231573562797e+01
1.990419231573562797e+01
1.990419231573562797e+01
1.990419231573562797e+01
3.275725884189161974e+01
1.990419231573562797e+01
1.990419231573562797e+01
1.990419231573562797e+01
1.990419231573562797e+01
1.990419231573562797e+01
1.990419231573562797e+01
1.990419231573562797e+01
1.990419231573562797e+01
2.483166006013665594e+01
1.990419231573562797e+01
2.794270793844669498e+01
1.990419231573562797e+01
1.990419231573562797e+01
1.990419231573562797e+01
1.990419231573562797e+01
1.990419231573562797e+01
1.990419231573562797e+01
