1.079098598530672604e+01
1.154156397260466704e+01
1.047289557796840676e+01
1.545431450612236546e+01
1.483553827091951760e+01
1.295057187314524327e+01
1.424092771232260901e+01
1.034918117896062739e+01
1.396529822351372196e+01
9.984482364139291022e+00
1.655945307345543327e+01
1.282028906073143837e+01
9.948118816373936468e+00
9.740151789908631841e+00
1.038577640146331582e+01
1.400102151239663684e+01
1.774126275547494203e+01
1.750663287993859640e+01
9.860599054363163418e+00
1.239431902901582561e+01
1.053565584673452804e+01
1.086588797882843949e+01
2.798707572014737366e+01
2.017499415770478777e+01
1.885382457428923075e+01
1.331078583671937920e+01
2.747898839346385813e+01
1.135762813559749418e+01
1.131894819175452760e+01
1.293615003986043455e+01
1.308412790111554003e+01
2.059554697939735490e+01
1.145844127258125944e+01
1.835548794294340880e+01
1.032759183859465146e+01
1.306790284204670094e+01
1.047299130069974638e+01
1.009070991127872041e+01
1.179099982882100228e+01
1.175049343492448806e+01
1.007001845210010771e+01
1.286191473405703611e+01
1.483853926988054006e+01
1.054439007000014961e+01
1.111443751131419333e+01
1.243717711472013754e+01
1.163015656684169130e+01
1.671605129145215685e+01
2.534055144214528354e+01
9.825906103338057918e+00
2.546574123904359865e+01
2.469385461045514774e+01
2.664240011499753891e+01
2.064813196269349760e+01
9.970818233884195081e+00
1.119381192091842792e+01
1.668911658879916970e+01
1.659858611457639199e+01
2.157614238983482480e+01
1.925640230349625526e+01
2.762681756013559209e+01
1.619883402616645540e+01
1.461169935061652758e+01
9.696286728564288637e+00
9.708190165983808129e+00
1.209535082468401690e+01
1.251277912223854472e+01
2.307156931112761100e+01
1.955412233418898893e+01
1.922139574651221849e+01
1.288618202682275893e+01
1.432638571687132689e+01
1.781585715313951468e+01
2.491881204619494028e+01
2.066847410282755959e+01
3.416593770717623357e+01
1.880855060828279335e+01
1.443779542859319420e+01
1.548042238945369320e+01
3.937980281026195684e+01
1.993328500517039714e+01
1.385059374079724037e+01
1.160305174627010416e+01
1.537389656898745116e+01
2.201109586664852813e+01
1.287226314792724224e+01
9.836822873762791630e+00
9.907057881223398255e+00
1.936569983000336492e+01
1.177486713030874732e+01
1.337118315810639047e+01
2.213965195873453240e+01
9.512898955093616493e+00
2.318615458048672551e+01
2.159076055854472997e+01
1.757195260195756603e+01
9.870161505417392789e+00
1.000277022559271600e+01
1.515079732556972125e+01
1.585547815133044480e+01
