4.339520051509431653e+01
1.782868270597648319e+01
2.549825019332904930e+01
2.828845162240300581e+01
3.714116556183921602e+01
3.249578985808831533e+01
3.926836976042764604e+01
3.411793498027866889e+01
5.376499686503423447e+01
2.061375958638431882e+01
2.545205377175054906e+01
2.488326191437582224e+01
4.271552478710902534e+01
3.978016659377739472e+01
2.748065687373222943e+01
3.329484014793180791e+01
3.837087470825473190e+01
1.787170637551072616e+01
4.856886777046796055e+01
3.110949027743775730e+01
1.805209696936334751e+01
2.700426899965068372e+01
2.381691481976350033e+01
1.791076291383858887e+01
4.857213611584136714e+01
3.825759252114205822e+01
2.466802542278962562e+01
2.047588181171336075e+01
1.792436033946584573e+01
5.071988207259575177e+01
1.785402358061566730e+01
2.496663823481920019e+01
3.090241750437323631e+01
2.378386109566987727e+01
2.299337828002861883e+01
4.242891269687456202e+01
3.729738198793239690e+01
1.786899546766246161e+01
5.107060657954724547e+01
1.789995964692997177e+01
2.784078407946550726e+01
1.786683172408214659e+01
3.363263745629994617e+01
3.002252660907633697e+01
2.973983068087584059e+01
5.284588920403063383e+01
3.523932992702718536e+01
2.514780265769032042e+01
2.464975148652917625e+01
3.686297747002087988e+01
1.812000009582727245e+01
1.787405669661499275e+01
4.183438399091414794e+01
1.784351562306142114e+01
2.952386066262202036e+01
3.435889910864359820e+01
2.600639565504663864e+01
2.127392997109419781e+01
5.228812902237290672e+01
1.846547700648496360e+01
2.691448377674943515e+01
2.486205770791457326e+01
2.165870218862434982e+01
2.300109911409688834e+01
3.452826757762407794e+01
4.455441815013872997e+01
2.624355667041403350e+01
