8.804798126220703125e+00
1.086497306823730469e+01
1.228308677673339844e+01
2.909088134765625000e+01
1.366806030273437500e+01
1.477313041687011719e+01
7.911920547485351562e+00
8.017063140869140625e+00
7.918119430541992188e+00
8.453845977783203125e+00
7.340908050537109375e+00
6.783008575439453125e+00
2.681493759155273438e+01
2.640604972839355469e+01
8.671998977661132812e+00
9.975910186767578125e+00
2.823996543884277344e+01
8.475780487060546875e+00
7.989168167114257812e+00
7.642984390258789062e+00
7.380008697509765625e+00
1.640701293945312500e+01
7.107019424438476562e+00
2.634692192077636719e+01
7.476806640625000000e+00
1.427102088928222656e+01
6.019616127014160156e+01
1.458621025085449219e+01
7.544994354248046875e+00
5.155086517333984375e+01
1.408696174621582031e+01
1.412987709045410156e+01
1.709985733032226562e+01
8.116960525512695312e+00
9.541988372802734375e+00
7.991790771484375000e+00
3.731584548950195312e+01
1.702404022216796875e+01
7.225036621093750000e+00
7.079839706420898438e+00
8.387088775634765625e+00
6.989002227783203125e+00
2.779984474182128906e+01
2.022194862365722656e+01
1.682496070861816406e+01
9.094953536987304688e+00
8.080005645751953125e+00
1.183700561523437500e+01
8.631944656372070312e+00
1.109313964843750000e+01
1.377105712890625000e+01
2.012491226196289062e+01
1.036214828491210938e+01
7.286787033081054688e+00
1.152586936950683594e+01
7.618904113769531250e+00
8.558034896850585938e+00
5.654287338256835938e+01
1.800894737243652344e+01
1.615190505981445312e+01
7.730960845947265625e+00
1.902794837951660156e+01
4.332995414733886719e+01
1.265597343444824219e+01
8.766889572143554688e+00
7.630109786987304688e+00
8.389949798583984375e+00
8.803129196166992188e+00
7.608890533447265625e+00
2.336192131042480469e+01
7.530927658081054688e+00
6.355190277099609375e+01
7.966995239257812500e+00
6.716966629028320312e+00
1.711678504943847656e+01
8.103847503662109375e+00
1.316690444946289062e+01
7.163047790527343750e+00
7.981061935424804688e+00
1.131105422973632812e+01
6.923198699951171875e+00
9.275913238525390625e+00
1.229691505432128906e+01
1.539802551269531250e+01
2.263808250427246094e+01
6.763935089111328125e+00
1.699113845825195312e+01
1.355385780334472656e+01
1.492595672607421875e+01
9.484052658081054688e+00
7.220983505249023438e+00
8.780002593994140625e+00
8.381128311157226562e+00
7.004022598266601562e+00
1.134300231933593750e+01
7.501125335693359375e+00
7.737159729003906250e+00
7.785081863403320312e+00
7.729053497314453125e+00
8.046150207519531250e+00
