2.257134025321578008e+01
2.089102181929371227e+01
3.219770431681411793e+01
2.285636378302693217e+01
3.279343870928482829e+01
2.709300565868397825e+01
4.595810477630477919e+01
2.302288767536184722e+01
2.340902091116926798e+01
2.113125550375186279e+01
2.207536360231721417e+01
2.759274304896623065e+01
2.167454334937892213e+01
2.114164514535104900e+01
2.518357770185336975e+01
2.050508259742760231e+01
1.970920721257326846e+01
2.444373522289286882e+01
2.465600384972896819e+01
2.478972394081447561e+01
2.698877659366324622e+01
2.197564673077373243e+01
2.086697339291385944e+01
2.590069157717704940e+01
2.625103730752299569e+01
2.529949429765297353e+01
2.269783127379901799e+01
2.472001570848210861e+01
2.431618737425089094e+01
2.283876745312992185e+01
2.729815048313840364e+01
2.299756574889684302e+01
2.420824918191107855e+01
2.494926352626271182e+01
3.311416575802478945e+01
2.598952281932201913e+01
2.453145978610652378e+01
2.586994713813611568e+01
2.940034578915485497e+01
2.367821028717135334e+01
2.761819038702911655e+01
2.569681188687456697e+01
2.977304774778882646e+01
2.391449780546475168e+01
2.258084745876185551e+01
2.575687940986096791e+01
2.430074839141025222e+01
2.022474159798829163e+01
2.756316889164289918e+01
2.699877746290449210e+01
2.198128911526552187e+01
2.499082539006527170e+01
2.706883046352049504e+01
2.841917114897887586e+01
2.423430565242077250e+01
2.835449277414070579e+01
2.632185567604892640e+01
2.295873682256572579e+01
2.363245292311618329e+01
2.374877747927043004e+01
2.786898294452814895e+01
2.348503236228075863e+01
3.036684311876700804e+01
3.109157625466864516e+01
2.839565261970409438e+01
2.421397722502057093e+01
2.470067099241438768e+01
2.728171884812932291e+01
2.173472307531943670e+01
2.555202367186662116e+01
2.145053017984914590e+01
2.362510504765405983e+01
2.600536841120236531e+01
2.279449667868386342e+01
3.067245905600341516e+01
2.396300800320685198e+01
2.510782467233220672e+01
2.370018039514222608e+01
2.617917982938212873e+01
2.245658255806419135e+01
3.471285418162759129e+01
2.786208514370574107e+01
2.620099021125612992e+01
2.261798636446849997e+01
2.119344993366053487e+01
2.802188417625011141e+01
3.490341356479121515e+01
2.494145228702677741e+01
2.741019228901673799e+01
2.411556999768441401e+01
2.876131741334630476e+01
2.106958463633917589e+01
2.851699441458691453e+01
2.790102293834506497e+01
2.582963186063809857e+01
2.489276674916230903e+01
2.300946367663537728e+01
2.690836688746691152e+01
2.653376686882569402e+01
3.110499715648685637e+01
