1.293688880940869446e+01
1.293688880940869446e+01
1.293688880940869446e+01
1.293688880940869446e+01
1.293688880940869446e+01
1.293688880940869446e+01
1.293688880940869446e+01
1.293688880940869446e+01
1.293688880940869446e+01
1.293688880940869446e+01
1.293688880940869446e+01
1.293688880940869446e+01
1.293688880940869446e+01
1.293688880940869446e+01
1.785971019013140904e+01
1.293688880940869446e+01
1.293688880940869446e+01
1.293688880940869446e+01
2.058059915521294059e+01
1.293688880940869446e+01
1.293688880940869446e+01
1.293688880940869446e+01
1.293688880940869446e+01
1.293688880940869446e+01
1.293688880940869446e+01
1.877015392511212610e+01
1.293688880940869446e+01
1.293688880940869446e+01
1.293688880940869446e+01
1.293688880940869446e+01
1.293688880940869446e+01
1.293688880940869446e+01
1.599921505917366282e+01
1.293688880940869446e+01
1.293688880940869446e+01
1.293688880940869446e+01
1.293688880940869446e+01
1.293688880940869446e+01
1.293688880940869446e+01
1.293688880940869446e+01
1.293688880940869446e+01
2.010513395862910713e+01
1.293688880940869446e+01
1.293688880940869446e+01
1.293688880940869446e+01
1.293688880940869446e+01
1.293688880940869446e+01
1.293688880940869446e+01
1.293688880940869446e+01
1.293688880940869446e+01
1.293688880940869446e+01
1.293688880940869446e+01
2.637046263867750895e+01
1.293688880940869446e+01
1.293688880940869446e+01
1.670638560406944251e+01
1.293688880940869446e+01
1.728724666318268177e+01
2.044657755177780700e+01
1.293688880940869446e+01
1.293688880940869446e+01
1.293688880940869446e+01
1.293688880940869446e+01
1.293688880940869446e+01
1.293688880940869446e+01
1.293688880940869446e+01
1.293688880940869446e+01
1.293688880940869446e+01
1.293688880940869446e+01
1.293688880940869446e+01
1.293688880940869446e+01
1.978376464588173178e+01
1.293688880940869446e+01
1.293688880940869446e+01
1.293688880940869446e+01
1.293688880940869446e+01
1.293688880940869446e+01
1.293688880940869446e+01
1.293688880940869446e+01
1.293688880940869446e+01
1.293688880940869446e+01
1.293688880940869446e+01
1.293688880940869446e+01
1.293688880940869446e+01
1.293688880940869446e+01
1.448885774061765552e+01
1.293688880940869446e+01
1.293688880940869446e+01
1.444786127344174531e+01
1.293688880940869446e+01
1.293688880940869446e+01
1.293688880940869446e+01
1.293688880940869446e+01
1.293688880940869446e+01
1.293688880940869446e+01
1.293688880940869446e+01
2.358294655682637142e+01
1.293688880940869446e+01
1.293688880940869446e+01
1.293688880940869446e+01
