2.465605735778808594e+01
1.329708099365234375e+01
1.271319389343261719e+01
1.279807090759277344e+01
1.312804222106933594e+01
2.108716964721679688e+01
2.351713180541992188e+01
1.258778572082519531e+01
1.234102249145507812e+01
1.207494735717773438e+01
2.563405036926269531e+01
1.267790794372558594e+01
2.093601226806640625e+01
2.412986755371093750e+01
1.261210441589355469e+01
1.209688186645507812e+01
1.297283172607421875e+01
1.331806182861328125e+01
2.174520492553710938e+01
1.343894004821777344e+01
1.278400421142578125e+01
1.289701461791992188e+01
1.194286346435546875e+01
1.864385604858398438e+01
1.227402687072753906e+01
2.332091331481933594e+01
1.242589950561523438e+01
1.179409027099609375e+01
1.209402084350585938e+01
1.345705986022949219e+01
2.985382080078125000e+01
2.118802070617675781e+01
2.200794219970703125e+01
1.203989982604980469e+01
1.281094551086425781e+01
1.175284385681152344e+01
1.272201538085937500e+01
1.402091979980468750e+01
1.373410224914550781e+01
1.270103454589843750e+01
1.245498657226562500e+01
1.206302642822265625e+01
1.267194747924804688e+01
1.152205467224121094e+01
1.367211341857910156e+01
1.189994812011718750e+01
1.268506050109863281e+01
1.253199577331542969e+01
1.281309127807617188e+01
1.154613494873046875e+01
1.265287399291992188e+01
1.199007034301757812e+01
1.229190826416015625e+01
1.194715499877929688e+01
2.125501632690429688e+01
1.303696632385253906e+01
1.297187805175781250e+01
1.236915588378906250e+01
2.302598953247070312e+01
1.157402992248535156e+01
1.432895660400390625e+01
1.251888275146484375e+01
1.331305503845214844e+01
1.243591308593750000e+01
1.156902313232421875e+01
1.196002960205078125e+01
1.205611228942871094e+01
2.198505401611328125e+01
1.235604286193847656e+01
1.412916183471679688e+01
1.260280609130859375e+01
1.358985900878906250e+01
1.275491714477539062e+01
1.258611679077148438e+01
1.228690147399902344e+01
1.364111900329589844e+01
1.215696334838867188e+01
2.350687980651855469e+01
1.387906074523925781e+01
1.197099685668945312e+01
2.157092094421386719e+01
2.340412139892578125e+01
1.154708862304687500e+01
1.207900047302246094e+01
1.230096817016601562e+01
1.237797737121582031e+01
1.196098327636718750e+01
1.293206214904785156e+01
1.209497451782226562e+01
1.192808151245117188e+01
1.264905929565429688e+01
1.250386238098144531e+01
2.401804924011230469e+01
1.332688331604003906e+01
1.206803321838378906e+01
1.346707344055175781e+01
2.320194244384765625e+01
2.214884757995605469e+01
2.322793006896972656e+01
1.276993751525878906e+01
