2.345200043141644386e+01
1.768342267223858499e+01
2.516202093955606856e+01
3.245709212617338579e+01
4.272340689036816741e+01
5.380142166697021366e+01
5.022808189080424768e+01
4.104009651755284693e+01
2.285521593164280674e+01
4.104458278422057305e+01
1.762522961219325524e+01
4.336503426034305875e+01
2.847489528550874738e+01
4.319652391606256714e+01
2.855466439154566416e+01
3.006940119488200480e+01
3.286857699224676566e+01
5.567907627772739687e+01
3.731815219422686880e+01
1.750787084256310067e+01
3.124657904206143400e+01
5.311643682124563526e+01
2.944916529337973543e+01
5.667227861874465589e+01
4.831080365288794809e+01
2.969863652915066865e+01
2.822019092079705160e+01
2.641139676614564280e+01
1.985073439211096513e+01
6.545075836870590535e+01
4.919934502946492927e+01
3.712577968803966399e+01
2.960112704026845165e+01
3.953780723902927008e+01
4.258299998376320161e+01
4.048074892332472530e+01
2.796600614611148927e+01
6.295300557270962116e+01
1.917781268413212103e+01
3.761169652474867320e+01
3.045717469284555889e+01
1.803046671939274148e+01
1.963311098073276995e+01
3.044104546796875255e+01
2.785098313681317705e+01
2.543278048881573739e+01
4.418340380466019468e+01
3.547873092379707316e+01
2.678468658209387243e+01
4.968639463240063492e+01
1.768769629216768635e+01
2.575862334733685799e+01
3.760332191401016644e+01
2.402801948118237974e+01
5.588972486854037669e+01
3.530450759444659070e+01
3.873258185770502138e+01
3.326535388891227285e+01
2.943616976685536457e+01
2.975376891680266667e+01
1.757799270175379647e+01
2.466891366081935644e+01
3.676571928444313642e+01
2.083485430766551971e+01
2.714403869007651338e+01
3.988724652135488213e+01
2.648360771614220255e+01
6.011346967901106808e+01
2.122864906505568072e+01
3.633513301118096450e+01
2.229782519584147238e+01
3.102379689430179255e+01
2.356609749367232354e+01
2.324603845650359446e+01
2.258513622876304794e+01
1.948050302176158866e+01
4.688597112803731903e+01
2.726600564998917164e+01
2.583047969592822213e+01
3.692164016744885657e+01
2.040375766803025570e+01
3.620994794411981132e+01
4.644433836954641492e+01
2.813322961425911473e+01
3.298331997461099263e+01
2.653392778350751158e+01
5.538555771794251825e+01
1.744937538333724092e+01
4.950741618764930507e+01
3.815842272484842823e+01
4.108089752623524760e+01
4.053941393047981734e+01
5.032721125071042678e+01
3.850662060535277220e+01
2.093992166136486688e+01
5.603805678706020643e+01
3.113055314156243014e+01
