1.472997665405273438e+01
1.467084884643554688e+01
1.872014999389648438e+01
2.066612243652343750e+01
1.394009590148925781e+01
5.374097824096679688e+01
1.426482200622558594e+01
1.370906829833984375e+01
2.244496345520019531e+01
1.710104942321777344e+01
2.715611457824707031e+01
1.358485221862792969e+01
1.136493682861328125e+01
2.006316184997558594e+01
2.155804634094238281e+01
1.416206359863281250e+01
3.720092773437500000e+01
3.144717216491699219e+01
3.249597549438476562e+01
1.997804641723632812e+01
2.760481834411621094e+01
1.905393600463867188e+01
1.443099975585937500e+01
1.951789855957031250e+01
1.944303512573242188e+01
1.865482330322265625e+01
1.403617858886718750e+01
1.348805427551269531e+01
5.544185638427734375e+01
2.193999290466308594e+01
1.404404640197753906e+01
2.048110961914062500e+01
1.448202133178710938e+01
2.800512313842773438e+01
2.038598060607910156e+01
1.393079757690429688e+01
1.943397521972656250e+01
1.837129592895507812e+02
1.384496688842773438e+01
1.407718658447265625e+01
1.943492889404296875e+01
1.532108783721923828e+02
1.437091827392578125e+01
2.489399909973144531e+01
1.399493217468261719e+01
2.275109291076660156e+01
1.530790328979492188e+01
3.129291534423828125e+01
3.941798210144042969e+01
1.596188545227050781e+01
2.033305168151855469e+01
4.891514778137207031e+01
1.860904693603515625e+01
1.940488815307617188e+01
2.555012702941894531e+01
1.933813095092773438e+01
1.485204696655273438e+01
3.782796859741210938e+01
2.073907852172851562e+01
3.708505630493164062e+01
2.873611450195312500e+01
1.411604881286621094e+01
5.827498435974121094e+01
2.044796943664550781e+01
1.393294334411621094e+01
3.288006782531738281e+01
2.260017395019531250e+01
5.185699462890625000e+01
4.252195358276367188e+01
1.441383361816406250e+01
2.624201774597167969e+01
1.418805122375488281e+01
8.465695381164550781e+01
1.420998573303222656e+01
1.752495765686035156e+01
2.087688446044921875e+01
3.217601776123046875e+01
1.891684532165527344e+01
1.412701606750488281e+01
1.432585716247558594e+01
1.698994636535644531e+01
9.938502311706542969e+01
3.420400619506835938e+01
1.923584938049316406e+01
1.407408714294433594e+01
1.861000061035156250e+01
1.491904258728027344e+01
1.448011398315429688e+01
4.809093475341796875e+01
1.941204071044921875e+01
3.131890296936035156e+01
1.378583908081054688e+01
3.563618659973144531e+01
1.419711112976074219e+01
1.904296875000000000e+01
1.463913917541503906e+01
1.737380027770996094e+01
6.059002876281738281e+01
2.749991416931152344e+01
1.395201683044433594e+01
