2.204895019531250000e+01
1.066780090332031250e+01
7.795095443725585938e+00
1.211905479431152344e+01
7.544040679931640625e+00
7.218122482299804688e+00
1.802301406860351562e+01
1.048588752746582031e+01
6.876945495605468750e+00
7.044076919555664062e+00
1.072406768798828125e+01
1.290607452392578125e+01
9.960889816284179688e+00
8.617877960205078125e+00
7.242918014526367188e+00
8.101940155029296875e+00
8.529901504516601562e+00
6.448984146118164062e+00
7.411956787109375000e+00
1.040410995483398438e+01
6.668090820312500000e+00
6.917953491210937500e+00
6.824016571044921875e+00
7.827043533325195312e+00
6.958007812500000000e+00
1.079797744750976562e+01
7.423877716064453125e+00
7.788896560668945312e+00
7.193088531494140625e+00
7.292985916137695312e+00
7.679939270019531250e+00
7.668018341064453125e+00
1.108813285827636719e+01
7.200956344604492188e+00
6.937026977539062500e+00
7.114171981811523438e+00
8.810997009277343750e+00
7.984876632690429688e+00
6.621837615966796875e+00
1.022696495056152344e+01
6.627082824707031250e+00
7.658004760742187500e+00
1.708507537841796875e+01
7.019996643066406250e+00
6.690025329589843750e+00
1.230788230895996094e+01
6.587982177734375000e+00
7.534027099609375000e+00
7.329940795898437500e+00
6.927013397216796875e+00
6.844043731689453125e+00
7.066965103149414062e+00
6.550073623657226562e+00
7.654905319213867188e+00
8.141040802001953125e+00
1.550793647766113281e+01
6.911993026733398438e+00
7.369995117187500000e+00
8.219003677368164062e+00
7.540941238403320312e+00
7.772922515869140625e+00
6.447792053222656250e+00
6.691932678222656250e+00
6.644010543823242188e+00
7.204055786132812500e+00
8.110046386718750000e+00
6.030082702636718750e+00
7.339954376220703125e+00
7.113933563232421875e+00
1.218104362487792969e+01
6.914138793945312500e+00
7.100820541381835938e+00
6.354808807373046875e+00
7.028102874755859375e+00
7.766962051391601562e+00
7.428169250488281250e+00
7.688045501708984375e+00
1.620101928710937500e+01
7.702112197875976562e+00
8.137941360473632812e+00
7.942199707031250000e+00
1.243495941162109375e+01
1.578497886657714844e+01
7.650852203369140625e+00
9.840011596679687500e+00
8.666038513183593750e+00
6.232023239135742188e+00
7.795095443725585938e+00
7.405996322631835938e+00
1.201796531677246094e+01
6.952047348022460938e+00
7.065057754516601562e+00
7.008075714111328125e+00
7.634162902832031250e+00
1.000213623046875000e+01
1.255702972412109375e+01
7.249116897583007812e+00
6.873846054077148438e+00
6.907939910888671875e+00
6.564140319824218750e+00
