6.300042806777354620e+00
6.300042806777354620e+00
1.115265762406595584e+01
6.300042806777354620e+00
6.300042806777354620e+00
6.300042806777354620e+00
6.300042806777354620e+00
6.300042806777354620e+00
6.300042806777354620e+00
6.300042806777354620e+00
6.300042806777354620e+00
6.300042806777354620e+00
6.300042806777354620e+00
6.300042806777354620e+00
6.300042806777354620e+00
6.300042806777354620e+00
6.300042806777354620e+00
6.300042806777354620e+00
6.300042806777354620e+00
6.300042806777354620e+00
6.300042806777354620e+00
6.300042806777354620e+00
1.117078843553233369e+01
6.300042806777354620e+00
6.300042806777354620e+00
6.300042806777354620e+00
6.300042806777354620e+00
6.300042806777354620e+00
6.300042806777354620e+00
6.300042806777354620e+00
6.300042806777354620e+00
6.300042806777354620e+00
6.300042806777354620e+00
6.300042806777354620e+00
6.300042806777354620e+00
6.300042806777354620e+00
6.300042806777354620e+00
1.831675597753883267e+01
6.300042806777354620e+00
6.300042806777354620e+00
6.300042806777354620e+00
6.300042806777354620e+00
6.300042806777354620e+00
6.300042806777354620e+00
6.300042806777354620e+00
6.300042806777354620e+00
6.300042806777354620e+00
6.300042806777354620e+00
6.300042806777354620e+00
6.300042806777354620e+00
6.300042806777354620e+00
6.300042806777354620e+00
6.300042806777354620e+00
6.300042806777354620e+00
6.300042806777354620e+00
6.300042806777354620e+00
6.300042806777354620e+00
6.300042806777354620e+00
6.300042806777354620e+00
6.300042806777354620e+00
6.300042806777354620e+00
6.300042806777354620e+00
6.300042806777354620e+00
6.300042806777354620e+00
6.300042806777354620e+00
6.300042806777354620e+00
1.303177927354246712e+01
6.300042806777354620e+00
6.300042806777354620e+00
6.300042806777354620e+00
6.300042806777354620e+00
6.300042806777354620e+00
6.300042806777354620e+00
6.300042806777354620e+00
6.300042806777354620e+00
6.300042806777354620e+00
6.300042806777354620e+00
6.300042806777354620e+00
6.300042806777354620e+00
6.300042806777354620e+00
6.300042806777354620e+00
6.300042806777354620e+00
6.300042806777354620e+00
6.300042806777354620e+00
6.300042806777354620e+00
6.300042806777354620e+00
6.300042806777354620e+00
6.300042806777354620e+00
6.300042806777354620e+00
6.300042806777354620e+00
6.300042806777354620e+00
6.300042806777354620e+00
6.300042806777354620e+00
6.300042806777354620e+00
6.300042806777354620e+00
6.300042806777354620e+00
6.300042806777354620e+00
6.300042806777354620e+00
6.300042806777354620e+00
6.300042806777354620e+00
