0.000000000000000000e+00,7.300376892089843750e-04,0.000000000000000000e+00,1.000000000000000000e+00
1.000000000000000000e+00,3.066062927246093750e-03,0.000000000000000000e+00,2.000000000000000000e+00
2.000000000000000000e+00,3.891944885253906250e-03,0.000000000000000000e+00,1.000000000000000000e+00
3.000000000000000000e+00,6.139993667602539062e-03,0.000000000000000000e+00,3.000000000000000000e+00
4.000000000000000000e+00,8.069038391113281250e-03,2.320524198355294843e+01,2.000000000000000000e+00
5.000000000000000000e+00,9.468078613281250000e-03,2.320524198355294843e+01,4.000000000000000000e+00
6.000000000000000000e+00,1.218295097351074219e-02,2.320524198355294843e+01,3.000000000000000000e+00
7.000000000000000000e+00,1.390504837036132812e-02,2.320524198355294843e+01,5.000000000000000000e+00
8.000000000000000000e+00,1.569414138793945312e-02,2.315666593350730551e+01,4.000000000000000000e+00
9.000000000000000000e+00,1.810693740844726562e-02,2.315666593350730551e+01,6.000000000000000000e+00
1.000000000000000000e+01,1.886010169982910156e-02,2.315666593350730551e+01,3.000000000000000000e+00
1.100000000000000000e+01,2.076196670532226562e-02,2.315666593350730551e+01,7.000000000000000000e+00
1.200000000000000000e+01,2.133011817932128906e-02,2.315666593350730551e+01,3.000000000000000000e+00
1.300000000000000000e+01,2.349996566772460938e-02,2.315666593350730551e+01,8.000000000000000000e+00
1.400000000000000000e+01,2.523303031921386719e-02,2.203050774998433781e+01,4.000000000000000000e+00
1.500000000000000000e+01,2.707910537719726562e-02,2.203050774998433781e+01,9.000000000000000000e+00
1.600000000000000000e+01,2.767515182495117188e-02,2.203050774998433781e+01,3.000000000000000000e+00
1.700000000000000000e+01,2.946901321411132812e-02,2.203050774998433781e+01,1.000000000000000000e+01
1.800000000000000000e+01,3.029108047485351562e-02,2.203050774998433781e+01,3.000000000000000000e+00
1.900000000000000000e+01,3.223705291748046875e-02,2.203050774998433781e+01,1.100000000000000000e+01
2.000000000000000000e+01,3.286910057067871094e-02,2.203050774998433781e+01,3.000000000000000000e+00
2.100000000000000000e+01,3.464007377624511719e-02,2.203050774998433781e+01,1.200000000000000000e+01
2.200000000000000000e+01,3.547811508178710938e-02,2.203050774998433781e+01,3.000000000000000000e+00
2.300000000000000000e+01,3.629112243652343750e-02,2.203050774998433781e+01,1.200000000000000000e+01
2.400000000000000000e+01,3.698301315307617188e-02,2.203050774998433781e+01,3.000000000000000000e+00
2.500000000000000000e+01,3.919005393981933594e-02,2.140218924024005887e+01,1.300000000000000000e+01
2.600000000000000000e+01,4.052400588989257812e-02,2.140218924024005887e+01,1.000000000000000000e+00
2.700000000000000000e+01,4.131197929382324219e-02,2.140218924024005887e+01,1.200000000000000000e+01
2.800000000000000000e+01,4.230713844299316406e-02,2.140218924024005887e+01,1.000000000000000000e+00
2.900000000000000000e+01,4.313898086547851562e-02,2.140218924024005887e+01,1.200000000000000000e+01
3.000000000000000000e+01,4.421710968017578125e-02,2.140218924024005887e+01,1.000000000000000000e+00
3.100000000000000000e+01,4.513216018676757812e-02,2.140218924024005887e+01,1.200000000000000000e+01
3.200000000000000000e+01,4.662013053894042969e-02,2.140218924024005887e+01,1.000000000000000000e+00
3.300000000000000000e+01,4.765510559082031250e-02,2.140218924024005887e+01,1.200000000000000000e+01
3.400000000000000000e+01,4.880905151367187500e-02,2.140218924024005887e+01,1.000000000000000000e+00
3.500000000000000000e+01,4.974102973937988281e-02,2.140218924024005887e+01,1.200000000000000000e+01
3.600000000000000000e+01,5.113601684570312500e-02,2.140218924024005887e+01,1.000000000000000000e+00
3.700000000000000000e+01,5.260705947875976562e-02,2.140218924024005887e+01,1.200000000000000000e+01
3.800000000000000000e+01,5.432701110839843750e-02,2.140218924024005887e+01,1.000000000000000000e+00
3.900000000000000000e+01,5.541896820068359375e-02,2.140218924024005887e+01,1.200000000000000000e+01
4.000000000000000000e+01,5.703306198120117188e-02,2.140218924024005887e+01,1.000000000000000000e+00
4.100000000000000000e+01,5.805802345275878906e-02,2.140218924024005887e+01,1.200000000000000000e+01
4.200000000000000000e+01,5.896997451782226562e-02,2.140218924024005887e+01,1.000000000000000000e+00
4.300000000000000000e+01,6.001210212707519531e-02,2.140218924024005887e+01,1.200000000000000000e+01
4.400000000000000000e+01,6.051111221313476562e-02,2.140218924024005887e+01,1.000000000000000000e+00
4.500000000000000000e+01,6.119203567504882812e-02,2.140218924024005887e+01,1.200000000000000000e+01
4.600000000000000000e+01,6.191205978393554688e-02,2.140218924024005887e+01,1.000000000000000000e+00
4.700000000000000000e+01,6.753015518188476562e-02,2.140218924024005887e+01,1.300000000000000000e+01
4.800000000000000000e+01,6.810998916625976562e-02,2.140218924024005887e+01,1.000000000000000000e+00
4.900000000000000000e+01,7.362008094787597656e-02,2.140218924024005887e+01,1.400000000000000000e+01
5.000000000000000000e+01,7.416701316833496094e-02,2.140218924024005887e+01,1.000000000000000000e+00
5.100000000000000000e+01,7.830500602722167969e-02,2.140218924024005887e+01,1.500000000000000000e+01
5.200000000000000000e+01,7.879114151000976562e-02,2.140218924024005887e+01,1.000000000000000000e+00
5.300000000000000000e+01,8.388304710388183594e-02,2.140218924024005887e+01,1.600000000000000000e+01
5.400000000000000000e+01,8.459806442260742188e-02,2.140218924024005887e+01,1.000000000000000000e+00
5.500000000000000000e+01,8.556509017944335938e-02,2.140218924024005887e+01,1.600000000000000000e+01
5.600000000000000000e+01,8.649706840515136719e-02,2.140218924024005887e+01,1.000000000000000000e+00
5.700000000000000000e+01,8.971595764160156250e-02,2.140218924024005887e+01,1.700000000000000000e+01
5.800000000000000000e+01,9.027504920959472656e-02,2.140218924024005887e+01,1.000000000000000000e+00
5.900000000000000000e+01,9.372401237487792969e-02,2.140218924024005887e+01,1.800000000000000000e+01
6.000000000000000000e+01,9.452199935913085938e-02,2.140218924024005887e+01,1.000000000000000000e+00
6.100000000000000000e+01,9.560298919677734375e-02,2.140218924024005887e+01,1.800000000000000000e+01
6.200000000000000000e+01,9.644699096679687500e-02,2.140218924024005887e+01,1.000000000000000000e+00
6.300000000000000000e+01,9.904193878173828125e-02,2.140218924024005887e+01,1.900000000000000000e+01
6.400000000000000000e+01,1.001091003417968750e-01,2.140218924024005887e+01,1.000000000000000000e+00
6.500000000000000000e+01,1.011159420013427734e-01,2.140218924024005887e+01,1.900000000000000000e+01
6.600000000000000000e+01,1.019699573516845703e-01,2.140218924024005887e+01,1.000000000000000000e+00
6.700000000000000000e+01,1.028010845184326172e-01,2.140218924024005887e+01,1.900000000000000000e+01
6.800000000000000000e+01,1.038661003112792969e-01,2.140218924024005887e+01,1.000000000000000000e+00
6.900000000000000000e+01,1.048500537872314453e-01,2.140218924024005887e+01,1.900000000000000000e+01
7.000000000000000000e+01,1.056880950927734375e-01,2.140218924024005887e+01,1.000000000000000000e+00
7.100000000000000000e+01,1.066370010375976562e-01,2.140218924024005887e+01,1.900000000000000000e+01
7.200000000000000000e+01,1.076481342315673828e-01,2.140218924024005887e+01,1.000000000000000000e+00
7.300000000000000000e+01,1.087031364440917969e-01,2.140218924024005887e+01,1.900000000000000000e+01
7.400000000000000000e+01,1.098921298980712891e-01,2.140218924024005887e+01,1.000000000000000000e+00
7.500000000000000000e+01,1.112699508666992188e-01,2.140218924024005887e+01,1.900000000000000000e+01
7.600000000000000000e+01,1.123530864715576172e-01,2.140218924024005887e+01,1.000000000000000000e+00
7.700000000000000000e+01,1.134409904479980469e-01,2.140218924024005887e+01,1.900000000000000000e+01
7.800000000000000000e+01,1.145761013031005859e-01,2.140218924024005887e+01,1.000000000000000000e+00
7.900000000000000000e+01,1.156761646270751953e-01,2.140218924024005887e+01,1.900000000000000000e+01
8.000000000000000000e+01,1.170680522918701172e-01,2.140218924024005887e+01,1.000000000000000000e+00
8.100000000000000000e+01,1.183431148529052734e-01,2.140218924024005887e+01,1.900000000000000000e+01
8.200000000000000000e+01,1.192150115966796875e-01,2.140218924024005887e+01,1.000000000000000000e+00
8.300000000000000000e+01,1.200671195983886719e-01,2.140218924024005887e+01,1.900000000000000000e+01
8.400000000000000000e+01,1.216540336608886719e-01,2.140218924024005887e+01,1.000000000000000000e+00
8.500000000000000000e+01,1.226971149444580078e-01,2.140218924024005887e+01,1.900000000000000000e+01
8.600000000000000000e+01,1.243309974670410156e-01,2.140218924024005887e+01,1.000000000000000000e+00
8.700000000000000000e+01,1.255290508270263672e-01,2.140218924024005887e+01,1.900000000000000000e+01
8.800000000000000000e+01,1.261520385742187500e-01,2.140218924024005887e+01,1.000000000000000000e+00
8.900000000000000000e+01,1.266989707946777344e-01,2.140218924024005887e+01,1.900000000000000000e+01
9.000000000000000000e+01,1.272759437561035156e-01,2.140218924024005887e+01,1.000000000000000000e+00
9.100000000000000000e+01,1.277871131896972656e-01,2.140218924024005887e+01,1.900000000000000000e+01
9.200000000000000000e+01,1.282811164855957031e-01,2.140218924024005887e+01,1.000000000000000000e+00
9.300000000000000000e+01,1.347110271453857422e-01,2.140218924024005887e+01,2.000000000000000000e+01
9.400000000000000000e+01,1.352679729461669922e-01,2.140218924024005887e+01,1.000000000000000000e+00
9.500000000000000000e+01,1.416311264038085938e-01,2.140218924024005887e+01,2.100000000000000000e+01
9.600000000000000000e+01,1.422691345214843750e-01,2.140218924024005887e+01,1.000000000000000000e+00
9.700000000000000000e+01,1.480090618133544922e-01,2.140218924024005887e+01,2.200000000000000000e+01
9.800000000000000000e+01,1.486411094665527344e-01,2.140218924024005887e+01,1.000000000000000000e+00
9.900000000000000000e+01,1.533031463623046875e-01,2.140218924024005887e+01,2.300000000000000000e+01
1.000000000000000000e+02,1.538729667663574219e-01,2.140218924024005887e+01,1.000000000000000000e+00
1.010000000000000000e+02,1.577939987182617188e-01,2.140218924024005887e+01,2.400000000000000000e+01
1.020000000000000000e+02,1.584179401397705078e-01,2.140218924024005887e+01,1.000000000000000000e+00
1.030000000000000000e+02,1.601960659027099609e-01,2.140218924024005887e+01,2.400000000000000000e+01
1.040000000000000000e+02,1.608309745788574219e-01,2.140218924024005887e+01,1.000000000000000000e+00
1.050000000000000000e+02,1.620321273803710938e-01,2.140218924024005887e+01,2.400000000000000000e+01
1.060000000000000000e+02,1.626160144805908203e-01,2.140218924024005887e+01,1.000000000000000000e+00
1.070000000000000000e+02,1.656529903411865234e-01,2.140218924024005887e+01,2.500000000000000000e+01
1.080000000000000000e+02,1.665711402893066406e-01,2.140218924024005887e+01,1.000000000000000000e+00
1.090000000000000000e+02,1.675570011138916016e-01,2.140218924024005887e+01,2.500000000000000000e+01
1.100000000000000000e+02,1.683959960937500000e-01,2.140218924024005887e+01,1.000000000000000000e+00
1.110000000000000000e+02,1.696529388427734375e-01,2.140218924024005887e+01,2.500000000000000000e+01
1.120000000000000000e+02,1.705560684204101562e-01,2.140218924024005887e+01,1.000000000000000000e+00
1.130000000000000000e+02,1.718220710754394531e-01,2.140218924024005887e+01,2.500000000000000000e+01
1.140000000000000000e+02,1.730051040649414062e-01,2.140218924024005887e+01,1.000000000000000000e+00
1.150000000000000000e+02,1.743431091308593750e-01,2.140218924024005887e+01,2.500000000000000000e+01
1.160000000000000000e+02,1.753640174865722656e-01,2.140218924024005887e+01,1.000000000000000000e+00
1.170000000000000000e+02,1.765739917755126953e-01,2.140218924024005887e+01,2.500000000000000000e+01
1.180000000000000000e+02,1.776070594787597656e-01,2.140218924024005887e+01,1.000000000000000000e+00
1.190000000000000000e+02,1.784560680389404297e-01,2.140218924024005887e+01,2.500000000000000000e+01
1.200000000000000000e+02,1.796400547027587891e-01,2.140218924024005887e+01,1.000000000000000000e+00
1.210000000000000000e+02,1.807971000671386719e-01,2.140218924024005887e+01,2.500000000000000000e+01
1.220000000000000000e+02,1.822299957275390625e-01,2.140218924024005887e+01,1.000000000000000000e+00
1.230000000000000000e+02,1.834239959716796875e-01,2.140218924024005887e+01,2.500000000000000000e+01
1.240000000000000000e+02,1.846489906311035156e-01,2.140218924024005887e+01,1.000000000000000000e+00
1.250000000000000000e+02,1.858010292053222656e-01,2.140218924024005887e+01,2.500000000000000000e+01
1.260000000000000000e+02,1.871120929718017578e-01,2.140218924024005887e+01,1.000000000000000000e+00
1.270000000000000000e+02,1.882679462432861328e-01,2.140218924024005887e+01,2.500000000000000000e+01
1.280000000000000000e+02,1.899149417877197266e-01,2.140218924024005887e+01,1.000000000000000000e+00
1.290000000000000000e+02,1.911461353302001953e-01,2.140218924024005887e+01,2.500000000000000000e+01
1.300000000000000000e+02,1.925439834594726562e-01,2.140218924024005887e+01,1.000000000000000000e+00
1.310000000000000000e+02,1.936910152435302734e-01,2.140218924024005887e+01,2.500000000000000000e+01
1.320000000000000000e+02,1.943709850311279297e-01,2.140218924024005887e+01,1.000000000000000000e+00
1.330000000000000000e+02,1.949250698089599609e-01,2.140218924024005887e+01,2.500000000000000000e+01
1.340000000000000000e+02,1.954629421234130859e-01,2.140218924024005887e+01,1.000000000000000000e+00
1.350000000000000000e+02,2.049441337585449219e-01,2.140218924024005887e+01,2.600000000000000000e+01
1.360000000000000000e+02,2.055630683898925781e-01,2.140218924024005887e+01,1.000000000000000000e+00
1.370000000000000000e+02,2.142350673675537109e-01,2.140218924024005887e+01,2.700000000000000000e+01
1.380000000000000000e+02,2.148311138153076172e-01,2.140218924024005887e+01,1.000000000000000000e+00
1.390000000000000000e+02,2.223050594329833984e-01,2.140218924024005887e+01,2.800000000000000000e+01
1.400000000000000000e+02,2.228269577026367188e-01,2.140218924024005887e+01,1.000000000000000000e+00
1.410000000000000000e+02,2.290730476379394531e-01,2.140218924024005887e+01,2.900000000000000000e+01
1.420000000000000000e+02,2.297699451446533203e-01,2.140218924024005887e+01,1.000000000000000000e+00
1.430000000000000000e+02,2.308189868927001953e-01,2.140218924024005887e+01,2.900000000000000000e+01
1.440000000000000000e+02,2.315399646759033203e-01,2.140218924024005887e+01,1.000000000000000000e+00
1.450000000000000000e+02,2.359700202941894531e-01,2.140218924024005887e+01,3.000000000000000000e+01
1.460000000000000000e+02,2.365500926971435547e-01,2.140218924024005887e+01,1.000000000000000000e+00
1.470000000000000000e+02,2.376339435577392578e-01,2.140218924024005887e+01,3.000000000000000000e+01
1.480000000000000000e+02,2.381589412689208984e-01,2.140218924024005887e+01,1.000000000000000000e+00
1.490000000000000000e+02,2.392361164093017578e-01,2.140218924024005887e+01,3.000000000000000000e+01
1.500000000000000000e+02,2.403230667114257812e-01,2.140218924024005887e+01,1.000000000000000000e+00
1.510000000000000000e+02,2.430260181427001953e-01,2.140218924024005887e+01,3.100000000000000000e+01
1.520000000000000000e+02,2.439589500427246094e-01,2.140218924024005887e+01,1.000000000000000000e+00
1.530000000000000000e+02,2.450759410858154297e-01,2.140218924024005887e+01,3.100000000000000000e+01
1.540000000000000000e+02,2.456851005554199219e-01,2.140218924024005887e+01,1.000000000000000000e+00
1.550000000000000000e+02,2.466289997100830078e-01,2.140218924024005887e+01,3.100000000000000000e+01
1.560000000000000000e+02,2.479391098022460938e-01,2.140218924024005887e+01,1.000000000000000000e+00
1.570000000000000000e+02,2.492041587829589844e-01,2.140218924024005887e+01,3.100000000000000000e+01
1.580000000000000000e+02,2.502579689025878906e-01,2.140218924024005887e+01,1.000000000000000000e+00
1.590000000000000000e+02,2.514040470123291016e-01,2.140218924024005887e+01,3.100000000000000000e+01
1.600000000000000000e+02,2.525589466094970703e-01,2.140218924024005887e+01,1.000000000000000000e+00
1.610000000000000000e+02,2.537550926208496094e-01,2.140218924024005887e+01,3.100000000000000000e+01
1.620000000000000000e+02,2.548110485076904297e-01,2.140218924024005887e+01,1.000000000000000000e+00
1.630000000000000000e+02,2.557220458984375000e-01,2.140218924024005887e+01,3.100000000000000000e+01
1.640000000000000000e+02,2.568049430847167969e-01,2.140218924024005887e+01,1.000000000000000000e+00
1.650000000000000000e+02,2.581479549407958984e-01,2.140218924024005887e+01,3.100000000000000000e+01
1.660000000000000000e+02,2.594139575958251953e-01,2.140218924024005887e+01,1.000000000000000000e+00
1.670000000000000000e+02,2.606639862060546875e-01,2.140218924024005887e+01,3.100000000000000000e+01
1.680000000000000000e+02,2.621691226959228516e-01,2.140218924024005887e+01,1.000000000000000000e+00
1.690000000000000000e+02,2.634401321411132812e-01,2.140218924024005887e+01,3.100000000000000000e+01
1.700000000000000000e+02,2.647330760955810547e-01,2.140218924024005887e+01,1.000000000000000000e+00
1.710000000000000000e+02,2.656259536743164062e-01,2.140218924024005887e+01,3.100000000000000000e+01
1.720000000000000000e+02,2.667000293731689453e-01,2.140218924024005887e+01,1.000000000000000000e+00
1.730000000000000000e+02,2.679259777069091797e-01,2.140218924024005887e+01,3.100000000000000000e+01
1.740000000000000000e+02,2.693841457366943359e-01,2.140218924024005887e+01,1.000000000000000000e+00
1.750000000000000000e+02,2.706301212310791016e-01,2.140218924024005887e+01,3.100000000000000000e+01
1.760000000000000000e+02,2.712111473083496094e-01,2.140218924024005887e+01,1.000000000000000000e+00
1.770000000000000000e+02,2.842581272125244141e-01,2.140218924024005887e+01,3.200000000000000000e+01
1.780000000000000000e+02,2.848451137542724609e-01,2.140218924024005887e+01,1.000000000000000000e+00
1.790000000000000000e+02,2.968750000000000000e-01,2.140218924024005887e+01,3.300000000000000000e+01
1.800000000000000000e+02,2.973890304565429688e-01,2.140218924024005887e+01,1.000000000000000000e+00
1.810000000000000000e+02,3.061029911041259766e-01,2.140218924024005887e+01,3.400000000000000000e+01
1.820000000000000000e+02,3.066761493682861328e-01,2.140218924024005887e+01,1.000000000000000000e+00
1.830000000000000000e+02,3.136429786682128906e-01,2.140218924024005887e+01,3.500000000000000000e+01
1.840000000000000000e+02,3.142240047454833984e-01,2.140218924024005887e+01,1.000000000000000000e+00
1.850000000000000000e+02,3.209249973297119141e-01,2.140218924024005887e+01,3.600000000000000000e+01
1.860000000000000000e+02,3.216669559478759766e-01,2.140218924024005887e+01,1.000000000000000000e+00
1.870000000000000000e+02,3.277540206909179688e-01,2.140218924024005887e+01,3.700000000000000000e+01
1.880000000000000000e+02,3.284289836883544922e-01,2.140218924024005887e+01,1.000000000000000000e+00
1.890000000000000000e+02,3.295941352844238281e-01,2.140218924024005887e+01,3.700000000000000000e+01
1.900000000000000000e+02,3.303239345550537109e-01,2.140218924024005887e+01,1.000000000000000000e+00
1.910000000000000000e+02,3.354301452636718750e-01,2.140218924024005887e+01,3.800000000000000000e+01
1.920000000000000000e+02,3.362381458282470703e-01,2.140218924024005887e+01,1.000000000000000000e+00
1.930000000000000000e+02,3.404841423034667969e-01,2.140218924024005887e+01,3.900000000000000000e+01
1.940000000000000000e+02,3.414630889892578125e-01,2.140218924024005887e+01,1.000000000000000000e+00
1.950000000000000000e+02,3.425879478454589844e-01,2.140218924024005887e+01,3.900000000000000000e+01
1.960000000000000000e+02,3.438069820404052734e-01,2.140218924024005887e+01,1.000000000000000000e+00
1.970000000000000000e+02,3.447041511535644531e-01,2.140218924024005887e+01,3.900000000000000000e+01
1.980000000000000000e+02,3.453309535980224609e-01,2.140218924024005887e+01,1.000000000000000000e+00
1.990000000000000000e+02,3.466620445251464844e-01,2.140218924024005887e+01,3.900000000000000000e+01
2.000000000000000000e+02,3.475739955902099609e-01,2.140218924024005887e+01,1.000000000000000000e+00
2.010000000000000000e+02,3.486919403076171875e-01,2.140218924024005887e+01,3.900000000000000000e+01
2.020000000000000000e+02,3.496260643005371094e-01,2.140218924024005887e+01,1.000000000000000000e+00
2.030000000000000000e+02,3.511099815368652344e-01,2.140218924024005887e+01,3.900000000000000000e+01
2.040000000000000000e+02,3.523609638214111328e-01,2.140218924024005887e+01,1.000000000000000000e+00
2.050000000000000000e+02,3.534259796142578125e-01,2.140218924024005887e+01,3.900000000000000000e+01
2.060000000000000000e+02,3.545680046081542969e-01,2.140218924024005887e+01,1.000000000000000000e+00
2.070000000000000000e+02,3.559520244598388672e-01,2.140218924024005887e+01,3.900000000000000000e+01
2.080000000000000000e+02,3.571839332580566406e-01,2.140218924024005887e+01,1.000000000000000000e+00
2.090000000000000000e+02,3.584761619567871094e-01,2.140218924024005887e+01,3.900000000000000000e+01
2.100000000000000000e+02,3.598811626434326172e-01,2.140218924024005887e+01,1.000000000000000000e+00
2.110000000000000000e+02,3.609211444854736328e-01,2.140218924024005887e+01,3.900000000000000000e+01
2.120000000000000000e+02,3.622190952301025391e-01,2.140218924024005887e+01,1.000000000000000000e+00
2.130000000000000000e+02,3.631360530853271484e-01,2.140218924024005887e+01,3.900000000000000000e+01
2.140000000000000000e+02,3.644340038299560547e-01,2.140218924024005887e+01,1.000000000000000000e+00
2.150000000000000000e+02,3.653960227966308594e-01,2.140218924024005887e+01,3.900000000000000000e+01
2.160000000000000000e+02,3.669440746307373047e-01,2.140218924024005887e+01,1.000000000000000000e+00
2.170000000000000000e+02,3.685050010681152344e-01,2.140218924024005887e+01,3.900000000000000000e+01
2.180000000000000000e+02,3.699710369110107422e-01,2.140218924024005887e+01,1.000000000000000000e+00
2.190000000000000000e+02,3.709299564361572266e-01,2.140218924024005887e+01,3.900000000000000000e+01
2.200000000000000000e+02,3.726401329040527344e-01,2.140218924024005887e+01,2.000000000000000000e+00
2.210000000000000000e+02,3.737201690673828125e-01,2.140218924024005887e+01,3.900000000000000000e+01
2.220000000000000000e+02,3.754150867462158203e-01,2.140218924024005887e+01,3.000000000000000000e+00
2.230000000000000000e+02,3.890600204467773438e-01,2.140218924024005887e+01,4.000000000000000000e+01
2.240000000000000000e+02,3.896479606628417969e-01,2.140218924024005887e+01,3.000000000000000000e+00
2.250000000000000000e+02,4.001131057739257812e-01,2.140218924024005887e+01,4.100000000000000000e+01
2.260000000000000000e+02,4.007279872894287109e-01,2.140218924024005887e+01,3.000000000000000000e+00
2.270000000000000000e+02,4.110500812530517578e-01,2.140218924024005887e+01,4.200000000000000000e+01
2.280000000000000000e+02,4.115500450134277344e-01,2.140218924024005887e+01,3.000000000000000000e+00
2.290000000000000000e+02,4.187390804290771484e-01,2.140218924024005887e+01,4.300000000000000000e+01
2.300000000000000000e+02,4.195470809936523438e-01,2.140218924024005887e+01,3.000000000000000000e+00
2.310000000000000000e+02,4.270620346069335938e-01,2.140218924024005887e+01,4.400000000000000000e+01
2.320000000000000000e+02,4.275741577148437500e-01,2.140218924024005887e+01,3.000000000000000000e+00
2.330000000000000000e+02,4.325051307678222656e-01,2.140218924024005887e+01,4.500000000000000000e+01
2.340000000000000000e+02,4.335529804229736328e-01,2.140218924024005887e+01,3.000000000000000000e+00
2.350000000000000000e+02,4.377210140228271484e-01,2.140218924024005887e+01,4.600000000000000000e+01
2.360000000000000000e+02,4.386091232299804688e-01,2.140218924024005887e+01,3.000000000000000000e+00
2.370000000000000000e+02,4.427571296691894531e-01,2.140218924024005887e+01,4.700000000000000000e+01
2.380000000000000000e+02,4.435429573059082031e-01,2.140218924024005887e+01,3.000000000000000000e+00
2.390000000000000000e+02,4.449009895324707031e-01,2.140218924024005887e+01,4.700000000000000000e+01
2.400000000000000000e+02,4.457559585571289062e-01,2.140218924024005887e+01,3.000000000000000000e+00
2.410000000000000000e+02,4.489350318908691406e-01,2.140218924024005887e+01,4.800000000000000000e+01
2.420000000000000000e+02,4.496340751647949219e-01,2.140218924024005887e+01,3.000000000000000000e+00
2.430000000000000000e+02,4.510951042175292969e-01,2.140218924024005887e+01,4.800000000000000000e+01
2.440000000000000000e+02,4.523830413818359375e-01,2.140218924024005887e+01,3.000000000000000000e+00
2.450000000000000000e+02,4.537961483001708984e-01,2.140218924024005887e+01,4.800000000000000000e+01
2.460000000000000000e+02,4.552421569824218750e-01,2.140218924024005887e+01,3.000000000000000000e+00
2.470000000000000000e+02,4.563541412353515625e-01,2.140218924024005887e+01,4.800000000000000000e+01
2.480000000000000000e+02,4.574990272521972656e-01,2.140218924024005887e+01,3.000000000000000000e+00
2.490000000000000000e+02,4.585609436035156250e-01,2.140218924024005887e+01,4.800000000000000000e+01
2.500000000000000000e+02,4.597859382629394531e-01,2.140218924024005887e+01,3.000000000000000000e+00
2.510000000000000000e+02,4.609680175781250000e-01,2.140218924024005887e+01,4.800000000000000000e+01
2.520000000000000000e+02,4.624321460723876953e-01,2.140218924024005887e+01,3.000000000000000000e+00
2.530000000000000000e+02,4.634220600128173828e-01,2.140218924024005887e+01,4.800000000000000000e+01
2.540000000000000000e+02,4.642851352691650391e-01,2.140218924024005887e+01,3.000000000000000000e+00
2.550000000000000000e+02,4.656960964202880859e-01,2.140218924024005887e+01,4.800000000000000000e+01
2.560000000000000000e+02,4.669809341430664062e-01,2.140218924024005887e+01,3.000000000000000000e+00
2.570000000000000000e+02,4.681351184844970703e-01,2.140218924024005887e+01,4.800000000000000000e+01
2.580000000000000000e+02,4.689199924468994141e-01,2.140218924024005887e+01,3.000000000000000000e+00
2.590000000000000000e+02,4.700059890747070312e-01,2.140218924024005887e+01,4.800000000000000000e+01
2.600000000000000000e+02,4.709880352020263672e-01,2.140218924024005887e+01,3.000000000000000000e+00
2.610000000000000000e+02,4.724690914154052734e-01,2.140218924024005887e+01,4.800000000000000000e+01
2.620000000000000000e+02,4.735090732574462891e-01,2.140218924024005887e+01,3.000000000000000000e+00
2.630000000000000000e+02,4.749779701232910156e-01,2.140218924024005887e+01,4.800000000000000000e+01
2.640000000000000000e+02,4.769451618194580078e-01,2.140218924024005887e+01,4.000000000000000000e+00
2.650000000000000000e+02,4.780981540679931641e-01,2.140218924024005887e+01,4.800000000000000000e+01
2.660000000000000000e+02,4.787220954895019531e-01,2.140218924024005887e+01,4.000000000000000000e+00
2.670000000000000000e+02,4.937231540679931641e-01,2.140218924024005887e+01,4.900000000000000000e+01
2.680000000000000000e+02,4.942920207977294922e-01,2.140218924024005887e+01,4.000000000000000000e+00
2.690000000000000000e+02,5.056281089782714844e-01,2.140218924024005887e+01,5.000000000000000000e+01
2.700000000000000000e+02,5.062029361724853516e-01,2.140218924024005887e+01,4.000000000000000000e+00
2.710000000000000000e+02,5.172989368438720703e-01,2.140218924024005887e+01,5.100000000000000000e+01
2.720000000000000000e+02,5.180561542510986328e-01,2.140218924024005887e+01,4.000000000000000000e+00
2.730000000000000000e+02,5.254490375518798828e-01,2.140218924024005887e+01,5.200000000000000000e+01
2.740000000000000000e+02,5.261771678924560547e-01,2.140218924024005887e+01,4.000000000000000000e+00
2.750000000000000000e+02,5.334081649780273438e-01,2.140218924024005887e+01,5.300000000000000000e+01
2.760000000000000000e+02,5.342390537261962891e-01,2.140218924024005887e+01,4.000000000000000000e+00
2.770000000000000000e+02,5.398671627044677734e-01,2.140218924024005887e+01,5.400000000000000000e+01
2.780000000000000000e+02,5.405831336975097656e-01,2.140218924024005887e+01,4.000000000000000000e+00
2.790000000000000000e+02,5.456900596618652344e-01,2.140218924024005887e+01,5.500000000000000000e+01
2.800000000000000000e+02,5.467121601104736328e-01,2.140218924024005887e+01,4.000000000000000000e+00
2.810000000000000000e+02,5.480489730834960938e-01,2.140218924024005887e+01,5.500000000000000000e+01
2.820000000000000000e+02,5.486259460449218750e-01,2.140218924024005887e+01,4.000000000000000000e+00
2.830000000000000000e+02,5.500681400299072266e-01,2.140218924024005887e+01,5.500000000000000000e+01
2.840000000000000000e+02,5.506720542907714844e-01,2.140218924024005887e+01,4.000000000000000000e+00
2.850000000000000000e+02,5.532181262969970703e-01,2.140218924024005887e+01,5.600000000000000000e+01
2.860000000000000000e+02,5.541191101074218750e-01,2.140218924024005887e+01,4.000000000000000000e+00
2.870000000000000000e+02,5.555181503295898438e-01,2.140218924024005887e+01,5.600000000000000000e+01
2.880000000000000000e+02,5.563299655914306641e-01,2.140218924024005887e+01,4.000000000000000000e+00
2.890000000000000000e+02,5.574829578399658203e-01,2.140218924024005887e+01,5.600000000000000000e+01
2.900000000000000000e+02,5.583529472351074219e-01,2.140218924024005887e+01,4.000000000000000000e+00
2.910000000000000000e+02,5.592939853668212891e-01,2.140218924024005887e+01,5.600000000000000000e+01
2.920000000000000000e+02,5.603239536285400391e-01,2.140218924024005887e+01,4.000000000000000000e+00
2.930000000000000000e+02,5.613930225372314453e-01,2.140218924024005887e+01,5.600000000000000000e+01
2.940000000000000000e+02,5.625450611114501953e-01,2.140218924024005887e+01,4.000000000000000000e+00
2.950000000000000000e+02,5.639431476593017578e-01,2.140218924024005887e+01,5.600000000000000000e+01
2.960000000000000000e+02,5.649960041046142578e-01,2.140218924024005887e+01,4.000000000000000000e+00
2.970000000000000000e+02,5.660250186920166016e-01,2.140218924024005887e+01,5.600000000000000000e+01
2.980000000000000000e+02,5.668151378631591797e-01,2.140218924024005887e+01,4.000000000000000000e+00
2.990000000000000000e+02,5.685420036315917969e-01,2.140218924024005887e+01,5.600000000000000000e+01
3.000000000000000000e+02,5.698790550231933594e-01,2.140218924024005887e+01,4.000000000000000000e+00
3.010000000000000000e+02,5.714681148529052734e-01,2.140218924024005887e+01,5.600000000000000000e+01
3.020000000000000000e+02,5.723590850830078125e-01,2.140218924024005887e+01,4.000000000000000000e+00
3.030000000000000000e+02,5.739419460296630859e-01,2.140218924024005887e+01,5.600000000000000000e+01
3.040000000000000000e+02,5.748620033264160156e-01,2.140218924024005887e+01,4.000000000000000000e+00
3.050000000000000000e+02,5.759789943695068359e-01,2.140218924024005887e+01,5.600000000000000000e+01
3.060000000000000000e+02,5.768470764160156250e-01,2.140218924024005887e+01,4.000000000000000000e+00
3.070000000000000000e+02,5.786831378936767578e-01,2.140218924024005887e+01,5.600000000000000000e+01
3.080000000000000000e+02,5.792529582977294922e-01,2.140218924024005887e+01,4.000000000000000000e+00
3.090000000000000000e+02,5.805521011352539062e-01,2.140218924024005887e+01,5.600000000000000000e+01
3.100000000000000000e+02,5.812201499938964844e-01,2.140218924024005887e+01,4.000000000000000000e+00
3.110000000000000000e+02,5.989780426025390625e-01,2.140218924024005887e+01,5.700000000000000000e+01
3.120000000000000000e+02,5.995731353759765625e-01,2.140218924024005887e+01,4.000000000000000000e+00
3.130000000000000000e+02,6.168720722198486328e-01,2.140218924024005887e+01,5.800000000000000000e+01
3.140000000000000000e+02,6.173889636993408203e-01,2.140218924024005887e+01,4.000000000000000000e+00
3.150000000000000000e+02,6.291570663452148438e-01,2.140218924024005887e+01,5.900000000000000000e+01
3.160000000000000000e+02,6.296460628509521484e-01,2.140218924024005887e+01,4.000000000000000000e+00
3.170000000000000000e+02,6.311590671539306641e-01,2.140218924024005887e+01,5.900000000000000000e+01
3.180000000000000000e+02,6.316599845886230469e-01,2.140218924024005887e+01,4.000000000000000000e+00
3.190000000000000000e+02,6.400079727172851562e-01,2.140218924024005887e+01,6.000000000000000000e+01
3.200000000000000000e+02,6.406610012054443359e-01,2.140218924024005887e+01,4.000000000000000000e+00
3.210000000000000000e+02,6.467919349670410156e-01,2.140218924024005887e+01,6.100000000000000000e+01
3.220000000000000000e+02,6.474981307983398438e-01,2.140218924024005887e+01,4.000000000000000000e+00
3.230000000000000000e+02,6.525821685791015625e-01,2.140218924024005887e+01,6.200000000000000000e+01
3.240000000000000000e+02,6.532111167907714844e-01,2.140218924024005887e+01,4.000000000000000000e+00
3.250000000000000000e+02,6.547429561614990234e-01,2.140218924024005887e+01,6.200000000000000000e+01
3.260000000000000000e+02,6.553270816802978516e-01,2.140218924024005887e+01,4.000000000000000000e+00
3.270000000000000000e+02,6.586821079254150391e-01,2.140218924024005887e+01,6.300000000000000000e+01
3.280000000000000000e+02,6.593360900878906250e-01,2.140218924024005887e+01,4.000000000000000000e+00
3.290000000000000000e+02,6.609640121459960938e-01,2.140218924024005887e+01,6.300000000000000000e+01
3.300000000000000000e+02,6.615560054779052734e-01,2.140218924024005887e+01,4.000000000000000000e+00
3.310000000000000000e+02,6.624729633331298828e-01,2.140218924024005887e+01,6.300000000000000000e+01
3.320000000000000000e+02,6.638741493225097656e-01,2.140218924024005887e+01,4.000000000000000000e+00
3.330000000000000000e+02,6.657879352569580078e-01,2.140218924024005887e+01,6.300000000000000000e+01
3.340000000000000000e+02,6.665151119232177734e-01,2.140218924024005887e+01,4.000000000000000000e+00
3.350000000000000000e+02,6.675410270690917969e-01,2.140218924024005887e+01,6.300000000000000000e+01
3.360000000000000000e+02,6.684181690216064453e-01,2.140218924024005887e+01,4.000000000000000000e+00
3.370000000000000000e+02,6.693739891052246094e-01,2.140218924024005887e+01,6.300000000000000000e+01
3.380000000000000000e+02,6.703419685363769531e-01,2.140218924024005887e+01,4.000000000000000000e+00
3.390000000000000000e+02,6.719009876251220703e-01,2.140218924024005887e+01,6.300000000000000000e+01
3.400000000000000000e+02,6.726701259613037109e-01,2.140218924024005887e+01,4.000000000000000000e+00
3.410000000000000000e+02,6.740911006927490234e-01,2.140218924024005887e+01,6.300000000000000000e+01
3.420000000000000000e+02,6.749060153961181641e-01,2.140218924024005887e+01,4.000000000000000000e+00
3.430000000000000000e+02,6.761860847473144531e-01,2.140218924024005887e+01,6.300000000000000000e+01
3.440000000000000000e+02,6.770629882812500000e-01,2.140218924024005887e+01,4.000000000000000000e+00
3.450000000000000000e+02,6.786160469055175781e-01,2.140218924024005887e+01,6.300000000000000000e+01
3.460000000000000000e+02,6.794590950012207031e-01,2.140218924024005887e+01,4.000000000000000000e+00
3.470000000000000000e+02,6.804449558258056641e-01,2.140218924024005887e+01,6.300000000000000000e+01
3.480000000000000000e+02,6.815450191497802734e-01,2.140218924024005887e+01,4.000000000000000000e+00
3.490000000000000000e+02,6.833031177520751953e-01,2.140218924024005887e+01,6.300000000000000000e+01
3.500000000000000000e+02,6.843781471252441406e-01,2.140218924024005887e+01,4.000000000000000000e+00
3.510000000000000000e+02,6.859710216522216797e-01,2.140218924024005887e+01,6.300000000000000000e+01
3.520000000000000000e+02,6.880979537963867188e-01,2.140218924024005887e+01,5.000000000000000000e+00
3.530000000000000000e+02,7.100789546966552734e-01,2.140218924024005887e+01,6.400000000000000000e+01
3.540000000000000000e+02,7.106850147247314453e-01,2.140218924024005887e+01,5.000000000000000000e+00
3.550000000000000000e+02,7.115280628204345703e-01,2.140218924024005887e+01,6.400000000000000000e+01
3.560000000000000000e+02,7.122080326080322266e-01,2.140218924024005887e+01,5.000000000000000000e+00
3.570000000000000000e+02,7.282569408416748047e-01,2.140218924024005887e+01,6.500000000000000000e+01
3.580000000000000000e+02,7.292621135711669922e-01,2.140218924024005887e+01,5.000000000000000000e+00
3.590000000000000000e+02,7.449080944061279297e-01,2.140218924024005887e+01,6.600000000000000000e+01
3.600000000000000000e+02,7.458591461181640625e-01,2.140218924024005887e+01,5.000000000000000000e+00
3.610000000000000000e+02,7.587130069732666016e-01,2.140218924024005887e+01,6.700000000000000000e+01
3.620000000000000000e+02,7.593519687652587891e-01,2.140218924024005887e+01,5.000000000000000000e+00
3.630000000000000000e+02,7.698750495910644531e-01,2.140218924024005887e+01,6.800000000000000000e+01
3.640000000000000000e+02,7.704310417175292969e-01,2.140218924024005887e+01,5.000000000000000000e+00
3.650000000000000000e+02,7.718479633331298828e-01,2.140218924024005887e+01,6.800000000000000000e+01
3.660000000000000000e+02,7.725250720977783203e-01,2.140218924024005887e+01,5.000000000000000000e+00
3.670000000000000000e+02,7.797639369964599609e-01,2.140218924024005887e+01,6.900000000000000000e+01
3.680000000000000000e+02,7.804780006408691406e-01,2.140218924024005887e+01,5.000000000000000000e+00
3.690000000000000000e+02,7.852010726928710938e-01,2.140218924024005887e+01,7.000000000000000000e+01
3.700000000000000000e+02,7.859771251678466797e-01,2.140218924024005887e+01,5.000000000000000000e+00
3.710000000000000000e+02,7.877740859985351562e-01,2.140218924024005887e+01,7.000000000000000000e+01
3.720000000000000000e+02,7.884891033172607422e-01,2.140218924024005887e+01,5.000000000000000000e+00
3.730000000000000000e+02,7.911009788513183594e-01,2.140218924024005887e+01,7.100000000000000000e+01
3.740000000000000000e+02,7.917311191558837891e-01,2.140218924024005887e+01,5.000000000000000000e+00
3.750000000000000000e+02,7.926671504974365234e-01,2.140218924024005887e+01,7.100000000000000000e+01
3.760000000000000000e+02,7.941529750823974609e-01,2.140218924024005887e+01,5.000000000000000000e+00
3.770000000000000000e+02,7.958180904388427734e-01,2.140218924024005887e+01,7.100000000000000000e+01
3.780000000000000000e+02,7.970399856567382812e-01,2.140218924024005887e+01,5.000000000000000000e+00
3.790000000000000000e+02,7.989070415496826172e-01,2.140218924024005887e+01,7.200000000000000000e+01
3.800000000000000000e+02,7.997591495513916016e-01,2.140218924024005887e+01,5.000000000000000000e+00
3.810000000000000000e+02,8.007459640502929688e-01,2.140218924024005887e+01,7.200000000000000000e+01
3.820000000000000000e+02,8.016290664672851562e-01,2.140218924024005887e+01,5.000000000000000000e+00
3.830000000000000000e+02,8.037531375885009766e-01,2.140218924024005887e+01,7.200000000000000000e+01
3.840000000000000000e+02,8.045201301574707031e-01,2.140218924024005887e+01,5.000000000000000000e+00
3.850000000000000000e+02,8.065781593322753906e-01,2.140218924024005887e+01,7.200000000000000000e+01
3.860000000000000000e+02,8.073689937591552734e-01,2.140218924024005887e+01,5.000000000000000000e+00
3.870000000000000000e+02,8.090310096740722656e-01,2.140218924024005887e+01,7.200000000000000000e+01
3.880000000000000000e+02,8.102731704711914062e-01,2.140218924024005887e+01,5.000000000000000000e+00
3.890000000000000000e+02,8.112909793853759766e-01,2.140218924024005887e+01,7.200000000000000000e+01
3.900000000000000000e+02,8.129169940948486328e-01,2.140218924024005887e+01,5.000000000000000000e+00
3.910000000000000000e+02,8.139441013336181641e-01,2.140218924024005887e+01,7.200000000000000000e+01
3.920000000000000000e+02,8.148081302642822266e-01,2.140218924024005887e+01,5.000000000000000000e+00
3.930000000000000000e+02,8.158700466156005859e-01,2.140218924024005887e+01,7.200000000000000000e+01
3.940000000000000000e+02,8.169150352478027344e-01,2.140218924024005887e+01,5.000000000000000000e+00
3.950000000000000000e+02,8.186471462249755859e-01,2.140218924024005887e+01,7.200000000000000000e+01
3.960000000000000000e+02,8.191730976104736328e-01,2.140218924024005887e+01,5.000000000000000000e+00
3.970000000000000000e+02,8.216559886932373047e-01,2.140218924024005887e+01,7.200000000000000000e+01
3.980000000000000000e+02,8.222110271453857422e-01,2.140218924024005887e+01,5.000000000000000000e+00
3.990000000000000000e+02,8.234391212463378906e-01,2.140218924024005887e+01,7.200000000000000000e+01
4.000000000000000000e+02,8.240280151367187500e-01,2.140218924024005887e+01,5.000000000000000000e+00
4.010000000000000000e+02,8.250350952148437500e-01,2.140218924024005887e+01,7.200000000000000000e+01
4.020000000000000000e+02,8.255259990692138672e-01,2.140218924024005887e+01,5.000000000000000000e+00
4.030000000000000000e+02,8.419661521911621094e-01,2.140218924024005887e+01,7.300000000000000000e+01
4.040000000000000000e+02,8.425259590148925781e-01,2.140218924024005887e+01,5.000000000000000000e+00
4.050000000000000000e+02,8.535611629486083984e-01,2.140218924024005887e+01,7.400000000000000000e+01
4.060000000000000000e+02,8.542270660400390625e-01,2.140218924024005887e+01,5.000000000000000000e+00
4.070000000000000000e+02,8.667430877685546875e-01,2.140218924024005887e+01,7.500000000000000000e+01
4.080000000000000000e+02,8.674271106719970703e-01,2.140218924024005887e+01,5.000000000000000000e+00
4.090000000000000000e+02,8.771340847015380859e-01,2.140218924024005887e+01,7.600000000000000000e+01
4.100000000000000000e+02,8.779170513153076172e-01,2.140218924024005887e+01,5.000000000000000000e+00
4.110000000000000000e+02,8.832230567932128906e-01,2.140218924024005887e+01,7.700000000000000000e+01
4.120000000000000000e+02,8.840250968933105469e-01,2.140218924024005887e+01,5.000000000000000000e+00
4.130000000000000000e+02,8.890790939331054688e-01,2.140218924024005887e+01,7.800000000000000000e+01
4.140000000000000000e+02,8.898639678955078125e-01,2.140218924024005887e+01,5.000000000000000000e+00
4.150000000000000000e+02,8.916749954223632812e-01,2.140218924024005887e+01,7.800000000000000000e+01
4.160000000000000000e+02,8.923790454864501953e-01,2.140218924024005887e+01,5.000000000000000000e+00
4.170000000000000000e+02,8.951420783996582031e-01,2.140218924024005887e+01,7.900000000000000000e+01
4.180000000000000000e+02,8.959441184997558594e-01,2.140218924024005887e+01,5.000000000000000000e+00
4.190000000000000000e+02,8.984701633453369141e-01,2.140218924024005887e+01,8.000000000000000000e+01
4.200000000000000000e+02,8.991920948028564453e-01,2.140218924024005887e+01,5.000000000000000000e+00
4.210000000000000000e+02,9.005651473999023438e-01,2.140218924024005887e+01,8.000000000000000000e+01
4.220000000000000000e+02,9.013090133666992188e-01,2.140218924024005887e+01,5.000000000000000000e+00
4.230000000000000000e+02,9.023480415344238281e-01,2.140218924024005887e+01,8.000000000000000000e+01
4.240000000000000000e+02,9.034049510955810547e-01,2.140218924024005887e+01,5.000000000000000000e+00
4.250000000000000000e+02,9.045600891113281250e-01,2.140218924024005887e+01,8.000000000000000000e+01
4.260000000000000000e+02,9.056470394134521484e-01,2.140218924024005887e+01,5.000000000000000000e+00
4.270000000000000000e+02,9.078240394592285156e-01,2.140218924024005887e+01,8.000000000000000000e+01
4.280000000000000000e+02,9.090249538421630859e-01,2.140218924024005887e+01,5.000000000000000000e+00
4.290000000000000000e+02,9.109139442443847656e-01,2.140218924024005887e+01,8.000000000000000000e+01
4.300000000000000000e+02,9.122409820556640625e-01,2.140218924024005887e+01,5.000000000000000000e+00
4.310000000000000000e+02,9.134149551391601562e-01,2.140218924024005887e+01,8.000000000000000000e+01
4.320000000000000000e+02,9.142391681671142578e-01,2.140218924024005887e+01,5.000000000000000000e+00
4.330000000000000000e+02,9.163041114807128906e-01,2.140218924024005887e+01,8.000000000000000000e+01
4.340000000000000000e+02,9.173481464385986328e-01,2.140218924024005887e+01,5.000000000000000000e+00
4.350000000000000000e+02,9.184350967407226562e-01,2.140218924024005887e+01,8.000000000000000000e+01
4.360000000000000000e+02,9.194011688232421875e-01,2.140218924024005887e+01,5.000000000000000000e+00
4.370000000000000000e+02,9.211840629577636719e-01,2.140218924024005887e+01,8.000000000000000000e+01
4.380000000000000000e+02,9.220881462097167969e-01,2.140218924024005887e+01,5.000000000000000000e+00
4.390000000000000000e+02,9.241671562194824219e-01,2.140218924024005887e+01,8.000000000000000000e+01
4.400000000000000000e+02,9.247610569000244141e-01,2.140218924024005887e+01,5.000000000000000000e+00
4.410000000000000000e+02,9.257309436798095703e-01,2.140218924024005887e+01,8.000000000000000000e+01
4.420000000000000000e+02,9.262020587921142578e-01,2.140218924024005887e+01,5.000000000000000000e+00
4.430000000000000000e+02,9.535739421844482422e-01,2.140218924024005887e+01,8.100000000000000000e+01
4.440000000000000000e+02,9.542341232299804688e-01,2.140218924024005887e+01,5.000000000000000000e+00
4.450000000000000000e+02,9.790921211242675781e-01,2.140218924024005887e+01,8.200000000000000000e+01
4.460000000000000000e+02,9.799649715423583984e-01,2.140218924024005887e+01,5.000000000000000000e+00
4.470000000000000000e+02,1.000582933425903320e+00,2.140218924024005887e+01,8.300000000000000000e+01
4.480000000000000000e+02,1.001161098480224609e+00,2.140218924024005887e+01,5.000000000000000000e+00
4.490000000000000000e+02,1.016762018203735352e+00,2.140218924024005887e+01,8.400000000000000000e+01
4.500000000000000000e+02,1.017861127853393555e+00,2.140218924024005887e+01,5.000000000000000000e+00
4.510000000000000000e+02,1.019613981246948242e+00,2.140218924024005887e+01,8.400000000000000000e+01
4.520000000000000000e+02,1.020288944244384766e+00,2.140218924024005887e+01,5.000000000000000000e+00
4.530000000000000000e+02,1.030859947204589844e+00,2.140218924024005887e+01,8.500000000000000000e+01
4.540000000000000000e+02,1.031562089920043945e+00,2.140218924024005887e+01,5.000000000000000000e+00
4.550000000000000000e+02,1.039240121841430664e+00,2.140218924024005887e+01,8.600000000000000000e+01
4.560000000000000000e+02,1.039895057678222656e+00,2.140218924024005887e+01,5.000000000000000000e+00
4.570000000000000000e+02,1.046561956405639648e+00,2.140218924024005887e+01,8.700000000000000000e+01
4.580000000000000000e+02,1.047209024429321289e+00,2.140218924024005887e+01,5.000000000000000000e+00
4.590000000000000000e+02,1.051921129226684570e+00,2.140218924024005887e+01,8.800000000000000000e+01
4.600000000000000000e+02,1.052842140197753906e+00,2.140218924024005887e+01,5.000000000000000000e+00
4.610000000000000000e+02,1.056632995605468750e+00,2.140218924024005887e+01,8.900000000000000000e+01
4.620000000000000000e+02,1.057271003723144531e+00,2.140218924024005887e+01,5.000000000000000000e+00
4.630000000000000000e+02,1.059105157852172852e+00,2.140218924024005887e+01,8.900000000000000000e+01
4.640000000000000000e+02,1.059834957122802734e+00,2.140218924024005887e+01,5.000000000000000000e+00
4.650000000000000000e+02,1.060991048812866211e+00,2.140218924024005887e+01,8.900000000000000000e+01
4.660000000000000000e+02,1.061661005020141602e+00,2.140218924024005887e+01,5.000000000000000000e+00
4.670000000000000000e+02,1.062692165374755859e+00,2.140218924024005887e+01,8.900000000000000000e+01
4.680000000000000000e+02,1.063684940338134766e+00,2.140218924024005887e+01,5.000000000000000000e+00
4.690000000000000000e+02,1.065017938613891602e+00,2.140218924024005887e+01,8.900000000000000000e+01
4.700000000000000000e+02,1.065907955169677734e+00,2.140218924024005887e+01,5.000000000000000000e+00
4.710000000000000000e+02,1.067780971527099609e+00,2.140218924024005887e+01,8.900000000000000000e+01
4.720000000000000000e+02,1.068547964096069336e+00,2.140218924024005887e+01,5.000000000000000000e+00
4.730000000000000000e+02,1.069760084152221680e+00,2.140218924024005887e+01,8.900000000000000000e+01
4.740000000000000000e+02,1.070516109466552734e+00,2.140218924024005887e+01,5.000000000000000000e+00
4.750000000000000000e+02,1.072376966476440430e+00,2.140218924024005887e+01,8.900000000000000000e+01
4.760000000000000000e+02,1.073189020156860352e+00,2.140218924024005887e+01,5.000000000000000000e+00
4.770000000000000000e+02,1.074396133422851562e+00,2.140218924024005887e+01,8.900000000000000000e+01
4.780000000000000000e+02,1.075546979904174805e+00,2.140218924024005887e+01,5.000000000000000000e+00
4.790000000000000000e+02,1.077540159225463867e+00,2.140218924024005887e+01,8.900000000000000000e+01
4.800000000000000000e+02,1.078427076339721680e+00,2.140218924024005887e+01,5.000000000000000000e+00
4.810000000000000000e+02,1.080415010452270508e+00,2.140218924024005887e+01,8.900000000000000000e+01
4.820000000000000000e+02,1.081493139266967773e+00,2.140218924024005887e+01,5.000000000000000000e+00
4.830000000000000000e+02,1.083495140075683594e+00,2.140218924024005887e+01,8.900000000000000000e+01
4.840000000000000000e+02,1.086367130279541016e+00,2.140218924024005887e+01,6.000000000000000000e+00
4.850000000000000000e+02,1.117793083190917969e+00,2.140218924024005887e+01,9.000000000000000000e+01
4.860000000000000000e+02,1.118427038192749023e+00,2.140218924024005887e+01,6.000000000000000000e+00
4.870000000000000000e+02,1.119495153427124023e+00,2.140218924024005887e+01,9.000000000000000000e+01
4.880000000000000000e+02,1.121610164642333984e+00,2.140218924024005887e+01,7.000000000000000000e+00
4.890000000000000000e+02,1.144582986831665039e+00,2.140218924024005887e+01,9.100000000000000000e+01
4.900000000000000000e+02,1.145238161087036133e+00,2.140218924024005887e+01,7.000000000000000000e+00
4.910000000000000000e+02,1.162901163101196289e+00,2.140218924024005887e+01,9.200000000000000000e+01
4.920000000000000000e+02,1.163541078567504883e+00,2.140218924024005887e+01,7.000000000000000000e+00
4.930000000000000000e+02,1.165477037429809570e+00,2.140218924024005887e+01,9.200000000000000000e+01
4.940000000000000000e+02,1.166146039962768555e+00,2.140218924024005887e+01,7.000000000000000000e+00
4.950000000000000000e+02,1.179437160491943359e+00,2.140218924024005887e+01,9.300000000000000000e+01
4.960000000000000000e+02,1.180079936981201172e+00,2.140218924024005887e+01,7.000000000000000000e+00
4.970000000000000000e+02,1.190541028976440430e+00,2.140218924024005887e+01,9.400000000000000000e+01
4.980000000000000000e+02,1.191664934158325195e+00,2.140218924024005887e+01,7.000000000000000000e+00
4.990000000000000000e+02,1.199972152709960938e+00,2.140218924024005887e+01,9.500000000000000000e+01
