0.000000000000000000e+00,4.501342773437500000e-04,1.784296351337549424e+01,1.000000000000000000e+00
1.000000000000000000e+00,9.460449218750000000e-04,1.784296351337549424e+01,1.000000000000000000e+00
2.000000000000000000e+00,1.357078552246093750e-03,1.784296351337549424e+01,1.000000000000000000e+00
3.000000000000000000e+00,1.868963241577148438e-03,1.784296351337549424e+01,1.000000000000000000e+00
4.000000000000000000e+00,2.304077148437500000e-03,1.784296351337549424e+01,1.000000000000000000e+00
5.000000000000000000e+00,2.832174301147460938e-03,1.784296351337549424e+01,1.000000000000000000e+00
6.000000000000000000e+00,3.576993942260742188e-03,1.784296351337549424e+01,1.000000000000000000e+00
7.000000000000000000e+00,4.222154617309570312e-03,1.784296351337549424e+01,1.000000000000000000e+00
8.000000000000000000e+00,4.770040512084960938e-03,1.784296351337549424e+01,1.000000000000000000e+00
9.000000000000000000e+00,5.568027496337890625e-03,1.784296351337549424e+01,1.000000000000000000e+00
1.000000000000000000e+01,6.083965301513671875e-03,1.784296351337549424e+01,1.000000000000000000e+00
1.100000000000000000e+01,7.056951522827148438e-03,1.784296351337549424e+01,1.000000000000000000e+00
1.200000000000000000e+01,7.847070693969726562e-03,1.784296351337549424e+01,1.000000000000000000e+00
1.300000000000000000e+01,8.836984634399414062e-03,1.784296351337549424e+01,1.000000000000000000e+00
1.400000000000000000e+01,9.544134140014648438e-03,1.784296351337549424e+01,1.000000000000000000e+00
1.500000000000000000e+01,1.038312911987304688e-02,1.784296351337549424e+01,1.000000000000000000e+00
1.600000000000000000e+01,1.116108894348144531e-02,1.784296351337549424e+01,1.000000000000000000e+00
1.700000000000000000e+01,1.201009750366210938e-02,1.784296351337549424e+01,1.000000000000000000e+00
1.800000000000000000e+01,1.285910606384277344e-02,1.784296351337549424e+01,1.000000000000000000e+00
1.900000000000000000e+01,1.378011703491210938e-02,1.784296351337549424e+01,1.000000000000000000e+00
2.000000000000000000e+01,1.449203491210937500e-02,1.784296351337549424e+01,1.000000000000000000e+00
2.100000000000000000e+01,1.491212844848632812e-02,1.784296351337549424e+01,1.000000000000000000e+00
2.200000000000000000e+01,1.536297798156738281e-02,1.784296351337549424e+01,1.000000000000000000e+00
2.300000000000000000e+01,1.592898368835449219e-02,1.784296351337549424e+01,1.000000000000000000e+00
2.400000000000000000e+01,1.640796661376953125e-02,1.784296351337549424e+01,1.000000000000000000e+00
2.500000000000000000e+01,1.700401306152343750e-02,1.784296351337549424e+01,1.000000000000000000e+00
2.600000000000000000e+01,1.748609542846679688e-02,1.784296351337549424e+01,1.000000000000000000e+00
2.700000000000000000e+01,1.807808876037597656e-02,1.784296351337549424e+01,1.000000000000000000e+00
2.800000000000000000e+01,1.858210563659667969e-02,1.784296351337549424e+01,1.000000000000000000e+00
2.900000000000000000e+01,1.920104026794433594e-02,1.784296351337549424e+01,1.000000000000000000e+00
3.000000000000000000e+01,1.975107192993164062e-02,1.784296351337549424e+01,1.000000000000000000e+00
3.100000000000000000e+01,2.049207687377929688e-02,1.784296351337549424e+01,1.000000000000000000e+00
3.200000000000000000e+01,2.114415168762207031e-02,1.784296351337549424e+01,1.000000000000000000e+00
3.300000000000000000e+01,2.187204360961914062e-02,1.784296351337549424e+01,1.000000000000000000e+00
3.400000000000000000e+01,2.254009246826171875e-02,1.784296351337549424e+01,1.000000000000000000e+00
3.500000000000000000e+01,2.375698089599609375e-02,1.784296351337549424e+01,1.000000000000000000e+00
3.600000000000000000e+01,2.453303337097167969e-02,1.784296351337549424e+01,1.000000000000000000e+00
3.700000000000000000e+01,2.530097961425781250e-02,1.784296351337549424e+01,1.000000000000000000e+00
3.800000000000000000e+01,2.608013153076171875e-02,1.784296351337549424e+01,1.000000000000000000e+00
3.900000000000000000e+01,2.685213088989257812e-02,1.784296351337549424e+01,1.000000000000000000e+00
4.000000000000000000e+01,2.753710746765136719e-02,1.784296351337549424e+01,1.000000000000000000e+00
4.100000000000000000e+01,2.795004844665527344e-02,1.784296351337549424e+01,1.000000000000000000e+00
4.200000000000000000e+01,2.839803695678710938e-02,1.784296351337549424e+01,1.000000000000000000e+00
4.300000000000000000e+01,2.885198593139648438e-02,1.784296351337549424e+01,1.000000000000000000e+00
4.400000000000000000e+01,2.935194969177246094e-02,1.784296351337549424e+01,1.000000000000000000e+00
4.500000000000000000e+01,2.992200851440429688e-02,1.784296351337549424e+01,1.000000000000000000e+00
4.600000000000000000e+01,3.035616874694824219e-02,1.784296351337549424e+01,1.000000000000000000e+00
4.700000000000000000e+01,3.098511695861816406e-02,1.784296351337549424e+01,1.000000000000000000e+00
4.800000000000000000e+01,3.157901763916015625e-02,1.784296351337549424e+01,1.000000000000000000e+00
4.900000000000000000e+01,3.224802017211914062e-02,1.784296351337549424e+01,1.000000000000000000e+00
5.000000000000000000e+01,3.294110298156738281e-02,1.784296351337549424e+01,1.000000000000000000e+00
5.100000000000000000e+01,3.375911712646484375e-02,1.784296351337549424e+01,1.000000000000000000e+00
5.200000000000000000e+01,3.445196151733398438e-02,1.784296351337549424e+01,1.000000000000000000e+00
5.300000000000000000e+01,3.531503677368164062e-02,1.784296351337549424e+01,1.000000000000000000e+00
5.400000000000000000e+01,3.595805168151855469e-02,1.784296351337549424e+01,1.000000000000000000e+00
5.500000000000000000e+01,3.687214851379394531e-02,1.784296351337549424e+01,1.000000000000000000e+00
5.600000000000000000e+01,3.771114349365234375e-02,1.784296351337549424e+01,1.000000000000000000e+00
5.700000000000000000e+01,3.850197792053222656e-02,1.784296351337549424e+01,1.000000000000000000e+00
5.800000000000000000e+01,3.941512107849121094e-02,1.784296351337549424e+01,1.000000000000000000e+00
5.900000000000000000e+01,4.033803939819335938e-02,1.784296351337549424e+01,1.000000000000000000e+00
6.000000000000000000e+01,4.075598716735839844e-02,1.784296351337549424e+01,1.000000000000000000e+00
6.100000000000000000e+01,4.117512702941894531e-02,1.784296351337549424e+01,1.000000000000000000e+00
6.200000000000000000e+01,4.158616065979003906e-02,1.784296351337549424e+01,1.000000000000000000e+00
6.300000000000000000e+01,4.207015037536621094e-02,1.784296351337549424e+01,1.000000000000000000e+00
6.400000000000000000e+01,4.257202148437500000e-02,1.784296351337549424e+01,1.000000000000000000e+00
6.500000000000000000e+01,4.319810867309570312e-02,1.784296351337549424e+01,1.000000000000000000e+00
6.600000000000000000e+01,4.369807243347167969e-02,1.784296351337549424e+01,1.000000000000000000e+00
6.700000000000000000e+01,4.434704780578613281e-02,1.784296351337549424e+01,1.000000000000000000e+00
6.800000000000000000e+01,4.483103752136230469e-02,1.784296351337549424e+01,1.000000000000000000e+00
6.900000000000000000e+01,4.573798179626464844e-02,1.784296351337549424e+01,1.000000000000000000e+00
7.000000000000000000e+01,4.637813568115234375e-02,1.784296351337549424e+01,1.000000000000000000e+00
7.100000000000000000e+01,4.752898216247558594e-02,1.784296351337549424e+01,1.000000000000000000e+00
7.200000000000000000e+01,4.827499389648437500e-02,1.784296351337549424e+01,1.000000000000000000e+00
7.300000000000000000e+01,4.918503761291503906e-02,1.784296351337549424e+01,1.000000000000000000e+00
7.400000000000000000e+01,4.982614517211914062e-02,1.784296351337549424e+01,1.000000000000000000e+00
7.500000000000000000e+01,5.069708824157714844e-02,1.784296351337549424e+01,1.000000000000000000e+00
7.600000000000000000e+01,5.142498016357421875e-02,1.784296351337549424e+01,1.000000000000000000e+00
7.700000000000000000e+01,5.245304107666015625e-02,1.784296351337549424e+01,1.000000000000000000e+00
7.800000000000000000e+01,5.326914787292480469e-02,1.784296351337549424e+01,1.000000000000000000e+00
7.900000000000000000e+01,5.413198471069335938e-02,1.784296351337549424e+01,1.000000000000000000e+00
8.000000000000000000e+01,5.454301834106445312e-02,1.784296351337549424e+01,1.000000000000000000e+00
8.100000000000000000e+01,5.497002601623535156e-02,1.784296351337549424e+01,1.000000000000000000e+00
8.200000000000000000e+01,5.534505844116210938e-02,1.784296351337549424e+01,1.000000000000000000e+00
8.300000000000000000e+01,5.577611923217773438e-02,1.784296351337549424e+01,1.000000000000000000e+00
8.400000000000000000e+01,5.621099472045898438e-02,1.784296351337549424e+01,1.000000000000000000e+00
8.500000000000000000e+01,5.675411224365234375e-02,1.784296351337549424e+01,1.000000000000000000e+00
8.600000000000000000e+01,5.744099617004394531e-02,1.784296351337549424e+01,1.000000000000000000e+00
8.700000000000000000e+01,5.799603462219238281e-02,1.784296351337549424e+01,1.000000000000000000e+00
8.800000000000000000e+01,5.852794647216796875e-02,1.784296351337549424e+01,1.000000000000000000e+00
8.900000000000000000e+01,5.917811393737792969e-02,1.784296351337549424e+01,1.000000000000000000e+00
9.000000000000000000e+01,5.986809730529785156e-02,1.784296351337549424e+01,1.000000000000000000e+00
9.100000000000000000e+01,6.084895133972167969e-02,1.784296351337549424e+01,1.000000000000000000e+00
9.200000000000000000e+01,6.149315834045410156e-02,1.784296351337549424e+01,1.000000000000000000e+00
9.300000000000000000e+01,6.250500679016113281e-02,1.784296351337549424e+01,1.000000000000000000e+00
9.400000000000000000e+01,6.320810317993164062e-02,1.784296351337549424e+01,1.000000000000000000e+00
9.500000000000000000e+01,6.486701965332031250e-02,1.784296351337549424e+01,1.000000000000000000e+00
9.600000000000000000e+01,6.559801101684570312e-02,1.784296351337549424e+01,1.000000000000000000e+00
9.700000000000000000e+01,6.662917137145996094e-02,1.784296351337549424e+01,1.000000000000000000e+00
9.800000000000000000e+01,6.739902496337890625e-02,1.784296351337549424e+01,1.000000000000000000e+00
9.900000000000000000e+01,6.818199157714843750e-02,1.784296351337549424e+01,1.000000000000000000e+00
1.000000000000000000e+02,6.864595413208007812e-02,1.784296351337549424e+01,1.000000000000000000e+00
1.010000000000000000e+02,6.919693946838378906e-02,1.784296351337549424e+01,1.000000000000000000e+00
1.020000000000000000e+02,6.963706016540527344e-02,1.784296351337549424e+01,1.000000000000000000e+00
1.030000000000000000e+02,7.007312774658203125e-02,1.784296351337549424e+01,1.000000000000000000e+00
1.040000000000000000e+02,7.066297531127929688e-02,1.784296351337549424e+01,1.000000000000000000e+00
1.050000000000000000e+02,7.120895385742187500e-02,1.784296351337549424e+01,1.000000000000000000e+00
1.060000000000000000e+02,7.171916961669921875e-02,1.784296351337549424e+01,1.000000000000000000e+00
1.070000000000000000e+02,7.234096527099609375e-02,1.784296351337549424e+01,1.000000000000000000e+00
1.080000000000000000e+02,7.278800010681152344e-02,1.784296351337549424e+01,1.000000000000000000e+00
1.090000000000000000e+02,7.342505455017089844e-02,1.784296351337549424e+01,1.000000000000000000e+00
1.100000000000000000e+02,7.401704788208007812e-02,1.784296351337549424e+01,1.000000000000000000e+00
1.110000000000000000e+02,7.483911514282226562e-02,1.784296351337549424e+01,1.000000000000000000e+00
1.120000000000000000e+02,7.546210289001464844e-02,1.784296351337549424e+01,1.000000000000000000e+00
1.130000000000000000e+02,7.636499404907226562e-02,1.784296351337549424e+01,1.000000000000000000e+00
1.140000000000000000e+02,7.704305648803710938e-02,1.784296351337549424e+01,1.000000000000000000e+00
1.150000000000000000e+02,7.809901237487792969e-02,1.784296351337549424e+01,1.000000000000000000e+00
1.160000000000000000e+02,7.890796661376953125e-02,1.784296351337549424e+01,1.000000000000000000e+00
1.170000000000000000e+02,7.994103431701660156e-02,1.784296351337549424e+01,1.000000000000000000e+00
1.180000000000000000e+02,8.074498176574707031e-02,1.784296351337549424e+01,1.000000000000000000e+00
1.190000000000000000e+02,8.158707618713378906e-02,1.784296351337549424e+01,1.000000000000000000e+00
1.200000000000000000e+02,8.205294609069824219e-02,1.784296351337549424e+01,1.000000000000000000e+00
1.210000000000000000e+02,8.245897293090820312e-02,1.784296351337549424e+01,1.000000000000000000e+00
1.220000000000000000e+02,8.335304260253906250e-02,1.784296351337549424e+01,1.000000000000000000e+00
1.230000000000000000e+02,8.383798599243164062e-02,1.784296351337549424e+01,1.000000000000000000e+00
1.240000000000000000e+02,8.439207077026367188e-02,1.784296351337549424e+01,1.000000000000000000e+00
1.250000000000000000e+02,8.497095108032226562e-02,1.784296351337549424e+01,1.000000000000000000e+00
1.260000000000000000e+02,8.539295196533203125e-02,1.784296351337549424e+01,1.000000000000000000e+00
1.270000000000000000e+02,8.600616455078125000e-02,1.784296351337549424e+01,1.000000000000000000e+00
1.280000000000000000e+02,8.690810203552246094e-02,1.784296351337549424e+01,1.000000000000000000e+00
1.290000000000000000e+02,8.755707740783691406e-02,1.784296351337549424e+01,1.000000000000000000e+00
1.300000000000000000e+02,8.818697929382324219e-02,1.784296351337549424e+01,1.000000000000000000e+00
1.310000000000000000e+02,8.887410163879394531e-02,1.784296351337549424e+01,1.000000000000000000e+00
1.320000000000000000e+02,8.955001831054687500e-02,1.784296351337549424e+01,1.000000000000000000e+00
1.330000000000000000e+02,9.027409553527832031e-02,1.784296351337549424e+01,1.000000000000000000e+00
1.340000000000000000e+02,9.101796150207519531e-02,1.784296351337549424e+01,1.000000000000000000e+00
1.350000000000000000e+02,9.177994728088378906e-02,1.784296351337549424e+01,1.000000000000000000e+00
1.360000000000000000e+02,9.250307083129882812e-02,1.784296351337549424e+01,1.000000000000000000e+00
1.370000000000000000e+02,9.326004981994628906e-02,1.784296351337549424e+01,1.000000000000000000e+00
1.380000000000000000e+02,9.410214424133300781e-02,1.784296351337549424e+01,1.000000000000000000e+00
1.390000000000000000e+02,9.491014480590820312e-02,1.784296351337549424e+01,1.000000000000000000e+00
1.400000000000000000e+02,9.533715248107910156e-02,1.784296351337549424e+01,1.000000000000000000e+00
1.410000000000000000e+02,9.578108787536621094e-02,1.784296351337549424e+01,1.000000000000000000e+00
1.420000000000000000e+02,9.639310836791992188e-02,1.784296351337549424e+01,1.000000000000000000e+00
1.430000000000000000e+02,9.687805175781250000e-02,1.784296351337549424e+01,1.000000000000000000e+00
1.440000000000000000e+02,9.725403785705566406e-02,1.784296351337549424e+01,1.000000000000000000e+00
1.450000000000000000e+02,9.781599044799804688e-02,1.784296351337549424e+01,1.000000000000000000e+00
1.460000000000000000e+02,9.829902648925781250e-02,1.784296351337549424e+01,1.000000000000000000e+00
1.470000000000000000e+02,9.892511367797851562e-02,1.784296351337549424e+01,1.000000000000000000e+00
1.480000000000000000e+02,9.948110580444335938e-02,1.784296351337549424e+01,1.000000000000000000e+00
1.490000000000000000e+02,1.001780033111572266e-01,1.784296351337549424e+01,1.000000000000000000e+00
1.500000000000000000e+02,1.009540557861328125e-01,1.784296351337549424e+01,1.000000000000000000e+00
1.510000000000000000e+02,1.016650199890136719e-01,1.784296351337549424e+01,1.000000000000000000e+00
1.520000000000000000e+02,1.022930145263671875e-01,1.784296351337549424e+01,1.000000000000000000e+00
1.530000000000000000e+02,1.031219959259033203e-01,1.784296351337549424e+01,1.000000000000000000e+00
1.540000000000000000e+02,1.040990352630615234e-01,1.784296351337549424e+01,1.000000000000000000e+00
1.550000000000000000e+02,1.051311492919921875e-01,1.784296351337549424e+01,1.000000000000000000e+00
1.560000000000000000e+02,1.061689853668212891e-01,1.784296351337549424e+01,1.000000000000000000e+00
1.570000000000000000e+02,1.079809665679931641e-01,1.784296351337549424e+01,1.000000000000000000e+00
1.580000000000000000e+02,1.092841625213623047e-01,1.784296351337549424e+01,1.000000000000000000e+00
1.590000000000000000e+02,1.105029582977294922e-01,1.784296351337549424e+01,1.000000000000000000e+00
1.600000000000000000e+02,1.111409664154052734e-01,1.784296351337549424e+01,1.000000000000000000e+00
1.610000000000000000e+02,1.119351387023925781e-01,1.784296351337549424e+01,1.000000000000000000e+00
1.620000000000000000e+02,1.126301288604736328e-01,1.784296351337549424e+01,1.000000000000000000e+00
1.630000000000000000e+02,1.132590770721435547e-01,1.784296351337549424e+01,1.000000000000000000e+00
1.640000000000000000e+02,1.138169765472412109e-01,1.784296351337549424e+01,1.000000000000000000e+00
1.650000000000000000e+02,1.144151687622070312e-01,1.784296351337549424e+01,1.000000000000000000e+00
1.660000000000000000e+02,1.152260303497314453e-01,1.784296351337549424e+01,1.000000000000000000e+00
1.670000000000000000e+02,1.159260272979736328e-01,1.784296351337549424e+01,1.000000000000000000e+00
1.680000000000000000e+02,1.164879798889160156e-01,1.784296351337549424e+01,1.000000000000000000e+00
1.690000000000000000e+02,1.172101497650146484e-01,1.784296351337549424e+01,1.000000000000000000e+00
1.700000000000000000e+02,1.178660392761230469e-01,1.784296351337549424e+01,1.000000000000000000e+00
1.710000000000000000e+02,1.186549663543701172e-01,1.784296351337549424e+01,1.000000000000000000e+00
1.720000000000000000e+02,1.193339824676513672e-01,1.784296351337549424e+01,1.000000000000000000e+00
1.730000000000000000e+02,1.204490661621093750e-01,1.784296351337549424e+01,1.000000000000000000e+00
1.740000000000000000e+02,1.211340427398681641e-01,1.784296351337549424e+01,1.000000000000000000e+00
1.750000000000000000e+02,1.221051216125488281e-01,1.784296351337549424e+01,1.000000000000000000e+00
1.760000000000000000e+02,1.231989860534667969e-01,1.784296351337549424e+01,1.000000000000000000e+00
1.770000000000000000e+02,1.243650913238525391e-01,1.784296351337549424e+01,1.000000000000000000e+00
1.780000000000000000e+02,1.257259845733642578e-01,1.784296351337549424e+01,1.000000000000000000e+00
1.790000000000000000e+02,1.268520355224609375e-01,1.784296351337549424e+01,1.000000000000000000e+00
1.800000000000000000e+02,1.278560161590576172e-01,1.784296351337549424e+01,1.000000000000000000e+00
1.810000000000000000e+02,1.284501552581787109e-01,1.784296351337549424e+01,1.000000000000000000e+00
1.820000000000000000e+02,1.290431022644042969e-01,1.784296351337549424e+01,1.000000000000000000e+00
1.830000000000000000e+02,1.295709609985351562e-01,1.784296351337549424e+01,1.000000000000000000e+00
1.840000000000000000e+02,1.301810741424560547e-01,1.784296351337549424e+01,1.000000000000000000e+00
1.850000000000000000e+02,1.307339668273925781e-01,1.784296351337549424e+01,1.000000000000000000e+00
1.860000000000000000e+02,1.313810348510742188e-01,1.784296351337549424e+01,1.000000000000000000e+00
1.870000000000000000e+02,1.320900917053222656e-01,1.784296351337549424e+01,1.000000000000000000e+00
1.880000000000000000e+02,1.327011585235595703e-01,1.784296351337549424e+01,1.000000000000000000e+00
1.890000000000000000e+02,1.336059570312500000e-01,1.784296351337549424e+01,1.000000000000000000e+00
1.900000000000000000e+02,1.343221664428710938e-01,1.784296351337549424e+01,1.000000000000000000e+00
1.910000000000000000e+02,1.354770660400390625e-01,1.784296351337549424e+01,1.000000000000000000e+00
1.920000000000000000e+02,1.362111568450927734e-01,1.784296351337549424e+01,1.000000000000000000e+00
1.930000000000000000e+02,1.370160579681396484e-01,1.784296351337549424e+01,1.000000000000000000e+00
1.940000000000000000e+02,1.376960277557373047e-01,1.784296351337549424e+01,1.000000000000000000e+00
1.950000000000000000e+02,1.391201019287109375e-01,1.784296351337549424e+01,1.000000000000000000e+00
1.960000000000000000e+02,1.401400566101074219e-01,1.784296351337549424e+01,1.000000000000000000e+00
1.970000000000000000e+02,1.420359611511230469e-01,1.784296351337549424e+01,1.000000000000000000e+00
1.980000000000000000e+02,1.431550979614257812e-01,1.784296351337549424e+01,1.000000000000000000e+00
1.990000000000000000e+02,1.442720890045166016e-01,1.784296351337549424e+01,1.000000000000000000e+00
2.000000000000000000e+02,1.448490619659423828e-01,1.784296351337549424e+01,1.000000000000000000e+00
2.010000000000000000e+02,1.453771591186523438e-01,1.784296351337549424e+01,1.000000000000000000e+00
2.020000000000000000e+02,1.461050510406494141e-01,1.784296351337549424e+01,1.000000000000000000e+00
2.030000000000000000e+02,1.465761661529541016e-01,1.784296351337549424e+01,1.000000000000000000e+00
2.040000000000000000e+02,1.472280025482177734e-01,1.784296351337549424e+01,1.000000000000000000e+00
2.050000000000000000e+02,1.478569507598876953e-01,1.784296351337549424e+01,1.000000000000000000e+00
2.060000000000000000e+02,1.484460830688476562e-01,1.784296351337549424e+01,1.000000000000000000e+00
2.070000000000000000e+02,1.492061614990234375e-01,1.784296351337549424e+01,1.000000000000000000e+00
2.080000000000000000e+02,1.497840881347656250e-01,1.784296351337549424e+01,1.000000000000000000e+00
2.090000000000000000e+02,1.506891250610351562e-01,1.784296351337549424e+01,1.000000000000000000e+00
2.100000000000000000e+02,1.516041755676269531e-01,1.784296351337549424e+01,1.000000000000000000e+00
2.110000000000000000e+02,1.525011062622070312e-01,1.784296351337549424e+01,1.000000000000000000e+00
2.120000000000000000e+02,1.533451080322265625e-01,1.784296351337549424e+01,1.000000000000000000e+00
2.130000000000000000e+02,1.541759967803955078e-01,1.784296351337549424e+01,1.000000000000000000e+00
2.140000000000000000e+02,1.548709869384765625e-01,1.784296351337549424e+01,1.000000000000000000e+00
2.150000000000000000e+02,1.560561656951904297e-01,1.784296351337549424e+01,1.000000000000000000e+00
2.160000000000000000e+02,1.568379402160644531e-01,1.784296351337549424e+01,1.000000000000000000e+00
2.170000000000000000e+02,1.578381061553955078e-01,1.784296351337549424e+01,1.000000000000000000e+00
2.180000000000000000e+02,1.586601734161376953e-01,1.784296351337549424e+01,1.000000000000000000e+00
2.190000000000000000e+02,1.598041057586669922e-01,1.784296351337549424e+01,1.000000000000000000e+00
2.200000000000000000e+02,1.604039669036865234e-01,1.784296351337549424e+01,1.000000000000000000e+00
2.210000000000000000e+02,1.608190536499023438e-01,1.784296351337549424e+01,1.000000000000000000e+00
2.220000000000000000e+02,1.612401008605957031e-01,1.784296351337549424e+01,1.000000000000000000e+00
2.230000000000000000e+02,1.617510318756103516e-01,1.784296351337549424e+01,1.000000000000000000e+00
2.240000000000000000e+02,1.622130870819091797e-01,1.784296351337549424e+01,1.000000000000000000e+00
2.250000000000000000e+02,1.628429889678955078e-01,1.784296351337549424e+01,1.000000000000000000e+00
2.260000000000000000e+02,1.636359691619873047e-01,1.784296351337549424e+01,1.000000000000000000e+00
2.270000000000000000e+02,1.641941070556640625e-01,1.784296351337549424e+01,1.000000000000000000e+00
2.280000000000000000e+02,1.653189659118652344e-01,1.784296351337549424e+01,1.000000000000000000e+00
2.290000000000000000e+02,1.659519672393798828e-01,1.784296351337549424e+01,1.000000000000000000e+00
2.300000000000000000e+02,1.664121150970458984e-01,1.784296351337549424e+01,1.000000000000000000e+00
2.310000000000000000e+02,1.671061515808105469e-01,1.784296351337549424e+01,1.000000000000000000e+00
2.320000000000000000e+02,1.677350997924804688e-01,1.784296351337549424e+01,1.000000000000000000e+00
2.330000000000000000e+02,1.688451766967773438e-01,1.784296351337549424e+01,1.000000000000000000e+00
2.340000000000000000e+02,1.695930957794189453e-01,1.784296351337549424e+01,1.000000000000000000e+00
2.350000000000000000e+02,1.703860759735107422e-01,1.784296351337549424e+01,1.000000000000000000e+00
2.360000000000000000e+02,1.710741519927978516e-01,1.784296351337549424e+01,1.000000000000000000e+00
2.370000000000000000e+02,1.719210147857666016e-01,1.784296351337549424e+01,1.000000000000000000e+00
2.380000000000000000e+02,1.731290817260742188e-01,1.784296351337549424e+01,1.000000000000000000e+00
2.390000000000000000e+02,1.740331649780273438e-01,1.784296351337549424e+01,1.000000000000000000e+00
2.400000000000000000e+02,1.746699810028076172e-01,1.784296351337549424e+01,1.000000000000000000e+00
2.410000000000000000e+02,1.752879619598388672e-01,1.784296351337549424e+01,1.000000000000000000e+00
2.420000000000000000e+02,1.758911609649658203e-01,1.784296351337549424e+01,1.000000000000000000e+00
2.430000000000000000e+02,1.763060092926025391e-01,1.784296351337549424e+01,1.000000000000000000e+00
2.440000000000000000e+02,1.769709587097167969e-01,1.784296351337549424e+01,1.000000000000000000e+00
2.450000000000000000e+02,1.775419712066650391e-01,1.784296351337549424e+01,1.000000000000000000e+00
2.460000000000000000e+02,1.783950328826904297e-01,1.784296351337549424e+01,1.000000000000000000e+00
2.470000000000000000e+02,1.790311336517333984e-01,1.784296351337549424e+01,1.000000000000000000e+00
2.480000000000000000e+02,1.796791553497314453e-01,1.784296351337549424e+01,1.000000000000000000e+00
2.490000000000000000e+02,1.803390979766845703e-01,1.784296351337549424e+01,1.000000000000000000e+00
2.500000000000000000e+02,1.811120510101318359e-01,1.784296351337549424e+01,1.000000000000000000e+00
2.510000000000000000e+02,1.820321083068847656e-01,1.784296351337549424e+01,1.000000000000000000e+00
2.520000000000000000e+02,1.827340126037597656e-01,1.784296351337549424e+01,1.000000000000000000e+00
2.530000000000000000e+02,1.836040019989013672e-01,1.784296351337549424e+01,1.000000000000000000e+00
2.540000000000000000e+02,1.843450069427490234e-01,1.784296351337549424e+01,1.000000000000000000e+00
2.550000000000000000e+02,1.851501464843750000e-01,1.784296351337549424e+01,1.000000000000000000e+00
2.560000000000000000e+02,1.859209537506103516e-01,1.784296351337549424e+01,1.000000000000000000e+00
2.570000000000000000e+02,1.868989467620849609e-01,1.784296351337549424e+01,1.000000000000000000e+00
2.580000000000000000e+02,1.877331733703613281e-01,1.784296351337549424e+01,1.000000000000000000e+00
2.590000000000000000e+02,1.886651515960693359e-01,1.784296351337549424e+01,1.000000000000000000e+00
2.600000000000000000e+02,1.891491413116455078e-01,1.784296351337549424e+01,1.000000000000000000e+00
2.610000000000000000e+02,1.898169517517089844e-01,1.784296351337549424e+01,1.000000000000000000e+00
2.620000000000000000e+02,1.909489631652832031e-01,1.784296351337549424e+01,1.000000000000000000e+00
2.630000000000000000e+02,1.914820671081542969e-01,1.784296351337549424e+01,1.000000000000000000e+00
2.640000000000000000e+02,1.921939849853515625e-01,1.784296351337549424e+01,1.000000000000000000e+00
2.650000000000000000e+02,1.927671432495117188e-01,1.784296351337549424e+01,1.000000000000000000e+00
2.660000000000000000e+02,1.932890415191650391e-01,1.784296351337549424e+01,1.000000000000000000e+00
2.670000000000000000e+02,1.938960552215576172e-01,1.784296351337549424e+01,1.000000000000000000e+00
2.680000000000000000e+02,1.946160793304443359e-01,1.784296351337549424e+01,1.000000000000000000e+00
2.690000000000000000e+02,1.955661773681640625e-01,1.784296351337549424e+01,1.000000000000000000e+00
2.700000000000000000e+02,1.963369846343994141e-01,1.784296351337549424e+01,1.000000000000000000e+00
2.710000000000000000e+02,1.970760822296142578e-01,1.784296351337549424e+01,1.000000000000000000e+00
2.720000000000000000e+02,1.977550983428955078e-01,1.784296351337549424e+01,1.000000000000000000e+00
2.730000000000000000e+02,1.988711357116699219e-01,1.784296351337549424e+01,1.000000000000000000e+00
2.740000000000000000e+02,1.995601654052734375e-01,1.784296351337549424e+01,1.000000000000000000e+00
2.750000000000000000e+02,2.004981040954589844e-01,1.784296351337549424e+01,1.000000000000000000e+00
2.760000000000000000e+02,2.013289928436279297e-01,1.784296351337549424e+01,1.000000000000000000e+00
2.770000000000000000e+02,2.021660804748535156e-01,1.784296351337549424e+01,1.000000000000000000e+00
2.780000000000000000e+02,2.029509544372558594e-01,1.784296351337549424e+01,1.000000000000000000e+00
2.790000000000000000e+02,2.037611007690429688e-01,1.784296351337549424e+01,1.000000000000000000e+00
2.800000000000000000e+02,2.041809558868408203e-01,1.784296351337549424e+01,1.000000000000000000e+00
2.810000000000000000e+02,2.046639919281005859e-01,1.784296351337549424e+01,1.000000000000000000e+00
2.820000000000000000e+02,2.053360939025878906e-01,1.784296351337549424e+01,1.000000000000000000e+00
2.830000000000000000e+02,2.057640552520751953e-01,1.784296351337549424e+01,1.000000000000000000e+00
2.840000000000000000e+02,2.062151432037353516e-01,1.784296351337549424e+01,1.000000000000000000e+00
2.850000000000000000e+02,2.067310810089111328e-01,1.784296351337549424e+01,1.000000000000000000e+00
2.860000000000000000e+02,2.075541019439697266e-01,1.784296351337549424e+01,1.000000000000000000e+00
2.870000000000000000e+02,2.081780433654785156e-01,1.784296351337549424e+01,1.000000000000000000e+00
2.880000000000000000e+02,2.089500427246093750e-01,1.784296351337549424e+01,1.000000000000000000e+00
2.890000000000000000e+02,2.095830440521240234e-01,1.784296351337549424e+01,1.000000000000000000e+00
2.900000000000000000e+02,2.101171016693115234e-01,1.784296351337549424e+01,1.000000000000000000e+00
2.910000000000000000e+02,2.109611034393310547e-01,1.784296351337549424e+01,1.000000000000000000e+00
2.920000000000000000e+02,2.117390632629394531e-01,1.784296351337549424e+01,1.000000000000000000e+00
2.930000000000000000e+02,2.127611637115478516e-01,1.784296351337549424e+01,1.000000000000000000e+00
2.940000000000000000e+02,2.134330272674560547e-01,1.784296351337549424e+01,1.000000000000000000e+00
2.950000000000000000e+02,2.142181396484375000e-01,1.784296351337549424e+01,1.000000000000000000e+00
2.960000000000000000e+02,2.149870395660400391e-01,1.784296351337549424e+01,1.000000000000000000e+00
2.970000000000000000e+02,2.158091068267822266e-01,1.784296351337549424e+01,1.000000000000000000e+00
2.980000000000000000e+02,2.166640758514404297e-01,1.784296351337549424e+01,1.000000000000000000e+00
2.990000000000000000e+02,2.176020145416259766e-01,1.784296351337549424e+01,1.000000000000000000e+00
3.000000000000000000e+02,2.183201313018798828e-01,1.784296351337549424e+01,1.000000000000000000e+00
3.010000000000000000e+02,2.187650203704833984e-01,1.784296351337549424e+01,1.000000000000000000e+00
3.020000000000000000e+02,2.193961143493652344e-01,1.784296351337549424e+01,1.000000000000000000e+00
3.030000000000000000e+02,2.199621200561523438e-01,1.784296351337549424e+01,1.000000000000000000e+00
3.040000000000000000e+02,2.208659648895263672e-01,1.784296351337549424e+01,1.000000000000000000e+00
3.050000000000000000e+02,2.213799953460693359e-01,1.784296351337549424e+01,1.000000000000000000e+00
3.060000000000000000e+02,2.219009399414062500e-01,1.784296351337549424e+01,1.000000000000000000e+00
3.070000000000000000e+02,2.224841117858886719e-01,1.784296351337549424e+01,1.000000000000000000e+00
3.080000000000000000e+02,2.231011390686035156e-01,1.784296351337549424e+01,1.000000000000000000e+00
3.090000000000000000e+02,2.240021228790283203e-01,1.784296351337549424e+01,1.000000000000000000e+00
3.100000000000000000e+02,2.245550155639648438e-01,1.784296351337549424e+01,1.000000000000000000e+00
3.110000000000000000e+02,2.252521514892578125e-01,1.784296351337549424e+01,1.000000000000000000e+00
3.120000000000000000e+02,2.258479595184326172e-01,1.784296351337549424e+01,1.000000000000000000e+00
3.130000000000000000e+02,2.265610694885253906e-01,1.784296351337549424e+01,1.000000000000000000e+00
3.140000000000000000e+02,2.272651195526123047e-01,1.784296351337549424e+01,1.000000000000000000e+00
3.150000000000000000e+02,2.280960083007812500e-01,1.784296351337549424e+01,1.000000000000000000e+00
3.160000000000000000e+02,2.288420200347900391e-01,1.784296351337549424e+01,1.000000000000000000e+00
3.170000000000000000e+02,2.296831607818603516e-01,1.784296351337549424e+01,1.000000000000000000e+00
3.180000000000000000e+02,2.304990291595458984e-01,1.784296351337549424e+01,1.000000000000000000e+00
3.190000000000000000e+02,2.312760353088378906e-01,1.784296351337549424e+01,1.000000000000000000e+00
3.200000000000000000e+02,2.317521572113037109e-01,1.784296351337549424e+01,1.000000000000000000e+00
3.210000000000000000e+02,2.323319911956787109e-01,1.784296351337549424e+01,1.000000000000000000e+00
3.220000000000000000e+02,2.327389717102050781e-01,1.784296351337549424e+01,1.000000000000000000e+00
3.230000000000000000e+02,2.333500385284423828e-01,1.784296351337549424e+01,1.000000000000000000e+00
3.240000000000000000e+02,2.338099479675292969e-01,1.784296351337549424e+01,1.000000000000000000e+00
3.250000000000000000e+02,2.343220710754394531e-01,1.784296351337549424e+01,1.000000000000000000e+00
3.260000000000000000e+02,2.347769737243652344e-01,1.784296351337549424e+01,1.000000000000000000e+00
3.270000000000000000e+02,2.353451251983642578e-01,1.784296351337549424e+01,1.000000000000000000e+00
3.280000000000000000e+02,2.358050346374511719e-01,1.784296351337549424e+01,1.000000000000000000e+00
3.290000000000000000e+02,2.364561557769775391e-01,1.784296351337549424e+01,1.000000000000000000e+00
3.300000000000000000e+02,2.369620800018310547e-01,1.784296351337549424e+01,1.000000000000000000e+00
3.310000000000000000e+02,2.376539707183837891e-01,1.784296351337549424e+01,1.000000000000000000e+00
3.320000000000000000e+02,2.382800579071044922e-01,1.784296351337549424e+01,1.000000000000000000e+00
3.330000000000000000e+02,2.390079498291015625e-01,1.784296351337549424e+01,1.000000000000000000e+00
3.340000000000000000e+02,2.396981716156005859e-01,1.784296351337549424e+01,1.000000000000000000e+00
3.350000000000000000e+02,2.404391765594482422e-01,1.784296351337549424e+01,1.000000000000000000e+00
3.360000000000000000e+02,2.411589622497558594e-01,1.784296351337549424e+01,1.000000000000000000e+00
3.370000000000000000e+02,2.419691085815429688e-01,1.784296351337549424e+01,1.000000000000000000e+00
3.380000000000000000e+02,2.429130077362060547e-01,1.784296351337549424e+01,1.000000000000000000e+00
3.390000000000000000e+02,2.436950206756591797e-01,1.784296351337549424e+01,1.000000000000000000e+00
3.400000000000000000e+02,2.442791461944580078e-01,1.784296351337549424e+01,1.000000000000000000e+00
3.410000000000000000e+02,2.447710037231445312e-01,1.784296351337549424e+01,1.000000000000000000e+00
3.420000000000000000e+02,2.453510761260986328e-01,1.784296351337549424e+01,1.000000000000000000e+00
3.430000000000000000e+02,2.459411621093750000e-01,1.784296351337549424e+01,1.000000000000000000e+00
3.440000000000000000e+02,2.464179992675781250e-01,1.784296351337549424e+01,1.000000000000000000e+00
3.450000000000000000e+02,2.470741271972656250e-01,1.784296351337549424e+01,1.000000000000000000e+00
3.460000000000000000e+02,2.476370334625244141e-01,1.784296351337549424e+01,1.000000000000000000e+00
3.470000000000000000e+02,2.483820915222167969e-01,1.784296351337549424e+01,1.000000000000000000e+00
3.480000000000000000e+02,2.488169670104980469e-01,1.784296351337549424e+01,1.000000000000000000e+00
3.490000000000000000e+02,2.495801448822021484e-01,1.784296351337549424e+01,1.000000000000000000e+00
3.500000000000000000e+02,2.500920295715332031e-01,1.784296351337549424e+01,1.000000000000000000e+00
3.510000000000000000e+02,2.507960796356201172e-01,1.784296351337549424e+01,1.000000000000000000e+00
3.520000000000000000e+02,2.513861656188964844e-01,1.784296351337549424e+01,1.000000000000000000e+00
3.530000000000000000e+02,2.522411346435546875e-01,1.784296351337549424e+01,1.000000000000000000e+00
3.540000000000000000e+02,2.529060840606689453e-01,1.784296351337549424e+01,1.000000000000000000e+00
3.550000000000000000e+02,2.539660930633544922e-01,1.784296351337549424e+01,1.000000000000000000e+00
3.560000000000000000e+02,2.547669410705566406e-01,1.784296351337549424e+01,1.000000000000000000e+00
3.570000000000000000e+02,2.558259963989257812e-01,1.784296351337549424e+01,1.000000000000000000e+00
3.580000000000000000e+02,2.567081451416015625e-01,1.784296351337549424e+01,1.000000000000000000e+00
3.590000000000000000e+02,2.578170299530029297e-01,1.784296351337549424e+01,1.000000000000000000e+00
3.600000000000000000e+02,2.584769725799560547e-01,1.784296351337549424e+01,1.000000000000000000e+00
3.610000000000000000e+02,2.589609622955322266e-01,1.784296351337549424e+01,1.000000000000000000e+00
3.620000000000000000e+02,2.594161033630371094e-01,1.784296351337549424e+01,1.000000000000000000e+00
3.630000000000000000e+02,2.599339485168457031e-01,1.784296351337549424e+01,1.000000000000000000e+00
3.640000000000000000e+02,2.605650424957275391e-01,1.784296351337549424e+01,1.000000000000000000e+00
3.650000000000000000e+02,2.610270977020263672e-01,1.784296351337549424e+01,1.000000000000000000e+00
3.660000000000000000e+02,2.614800930023193359e-01,1.784296351337549424e+01,1.000000000000000000e+00
3.670000000000000000e+02,2.621231079101562500e-01,1.784296351337549424e+01,1.000000000000000000e+00
3.680000000000000000e+02,2.626011371612548828e-01,1.784296351337549424e+01,1.000000000000000000e+00
3.690000000000000000e+02,2.632660865783691406e-01,1.784296351337549424e+01,1.000000000000000000e+00
3.700000000000000000e+02,2.638659477233886719e-01,1.784296351337549424e+01,1.000000000000000000e+00
3.710000000000000000e+02,2.646610736846923828e-01,1.784296351337549424e+01,1.000000000000000000e+00
3.720000000000000000e+02,2.652370929718017578e-01,1.784296351337549424e+01,1.000000000000000000e+00
3.730000000000000000e+02,2.663531303405761719e-01,1.784296351337549424e+01,1.000000000000000000e+00
3.740000000000000000e+02,2.669999599456787109e-01,1.784296351337549424e+01,1.000000000000000000e+00
3.750000000000000000e+02,2.680339813232421875e-01,1.784296351337549424e+01,1.000000000000000000e+00
3.760000000000000000e+02,2.687470912933349609e-01,1.784296351337549424e+01,1.000000000000000000e+00
3.770000000000000000e+02,2.695469856262207031e-01,1.784296351337549424e+01,1.000000000000000000e+00
3.780000000000000000e+02,2.703461647033691406e-01,1.784296351337549424e+01,1.000000000000000000e+00
3.790000000000000000e+02,2.711901664733886719e-01,1.784296351337549424e+01,1.000000000000000000e+00
3.800000000000000000e+02,2.717130184173583984e-01,1.784296351337549424e+01,1.000000000000000000e+00
3.810000000000000000e+02,2.722761631011962891e-01,1.784296351337549424e+01,1.000000000000000000e+00
3.820000000000000000e+02,2.728240489959716797e-01,1.784296351337549424e+01,1.000000000000000000e+00
3.830000000000000000e+02,2.733161449432373047e-01,1.784296351337549424e+01,1.000000000000000000e+00
3.840000000000000000e+02,2.738661766052246094e-01,1.784296351337549424e+01,1.000000000000000000e+00
3.850000000000000000e+02,2.743799686431884766e-01,1.784296351337549424e+01,1.000000000000000000e+00
3.860000000000000000e+02,2.747960090637207031e-01,1.784296351337549424e+01,1.000000000000000000e+00
3.870000000000000000e+02,2.754571437835693359e-01,1.784296351337549424e+01,1.000000000000000000e+00
3.880000000000000000e+02,2.759089469909667969e-01,1.784296351337549424e+01,1.000000000000000000e+00
3.890000000000000000e+02,2.767159938812255859e-01,1.784296351337549424e+01,1.000000000000000000e+00
3.900000000000000000e+02,2.772109508514404297e-01,1.784296351337549424e+01,1.000000000000000000e+00
3.910000000000000000e+02,2.779991626739501953e-01,1.784296351337549424e+01,1.000000000000000000e+00
3.920000000000000000e+02,2.786400318145751953e-01,1.784296351337549424e+01,1.000000000000000000e+00
3.930000000000000000e+02,2.795281410217285156e-01,1.784296351337549424e+01,1.000000000000000000e+00
3.940000000000000000e+02,2.801790237426757812e-01,1.784296351337549424e+01,1.000000000000000000e+00
3.950000000000000000e+02,2.809309959411621094e-01,1.784296351337549424e+01,1.000000000000000000e+00
3.960000000000000000e+02,2.817089557647705078e-01,1.784296351337549424e+01,1.000000000000000000e+00
3.970000000000000000e+02,2.824599742889404297e-01,1.784296351337549424e+01,1.000000000000000000e+00
3.980000000000000000e+02,2.832660675048828125e-01,1.784296351337549424e+01,1.000000000000000000e+00
3.990000000000000000e+02,2.840540409088134766e-01,1.784296351337549424e+01,1.000000000000000000e+00
4.000000000000000000e+02,2.846369743347167969e-01,1.784296351337549424e+01,1.000000000000000000e+00
4.010000000000000000e+02,2.850651741027832031e-01,1.784296351337549424e+01,1.000000000000000000e+00
4.020000000000000000e+02,2.859690189361572266e-01,1.784296351337549424e+01,1.000000000000000000e+00
4.030000000000000000e+02,2.864000797271728516e-01,1.784296351337549424e+01,1.000000000000000000e+00
4.040000000000000000e+02,2.876350879669189453e-01,1.784296351337549424e+01,1.000000000000000000e+00
4.050000000000000000e+02,2.881510257720947266e-01,1.784296351337549424e+01,1.000000000000000000e+00
4.060000000000000000e+02,2.890210151672363281e-01,1.784296351337549424e+01,1.000000000000000000e+00
4.070000000000000000e+02,2.895951271057128906e-01,1.784296351337549424e+01,1.000000000000000000e+00
4.080000000000000000e+02,2.902591228485107422e-01,1.784296351337549424e+01,1.000000000000000000e+00
4.090000000000000000e+02,2.909150123596191406e-01,1.784296351337549424e+01,1.000000000000000000e+00
4.100000000000000000e+02,2.914650440216064453e-01,1.784296351337549424e+01,1.000000000000000000e+00
4.110000000000000000e+02,2.923591136932373047e-01,1.784296351337549424e+01,1.000000000000000000e+00
4.120000000000000000e+02,2.929501533508300781e-01,1.784296351337549424e+01,1.000000000000000000e+00
4.130000000000000000e+02,2.939500808715820312e-01,1.784296351337549424e+01,1.000000000000000000e+00
4.140000000000000000e+02,2.947499752044677734e-01,1.784296351337549424e+01,1.000000000000000000e+00
4.150000000000000000e+02,2.957811355590820312e-01,1.784296351337549424e+01,1.000000000000000000e+00
4.160000000000000000e+02,2.966010570526123047e-01,1.784296351337549424e+01,1.000000000000000000e+00
4.170000000000000000e+02,2.975020408630371094e-01,1.784296351337549424e+01,1.000000000000000000e+00
4.180000000000000000e+02,2.983341217041015625e-01,1.784296351337549424e+01,1.000000000000000000e+00
4.190000000000000000e+02,2.992539405822753906e-01,1.784296351337549424e+01,1.000000000000000000e+00
4.200000000000000000e+02,2.999060153961181641e-01,1.784296351337549424e+01,1.000000000000000000e+00
4.210000000000000000e+02,3.004710674285888672e-01,1.784296351337549424e+01,1.000000000000000000e+00
4.220000000000000000e+02,3.008639812469482422e-01,1.784296351337549424e+01,1.000000000000000000e+00
4.230000000000000000e+02,3.013851642608642578e-01,1.784296351337549424e+01,1.000000000000000000e+00
4.240000000000000000e+02,3.021199703216552734e-01,1.784296351337549424e+01,1.000000000000000000e+00
4.250000000000000000e+02,3.026380538940429688e-01,1.784296351337549424e+01,1.000000000000000000e+00
4.260000000000000000e+02,3.032541275024414062e-01,1.784296351337549424e+01,1.000000000000000000e+00
4.270000000000000000e+02,3.038830757141113281e-01,1.784296351337549424e+01,1.000000000000000000e+00
4.280000000000000000e+02,3.044979572296142578e-01,1.784296351337549424e+01,1.000000000000000000e+00
4.290000000000000000e+02,3.051850795745849609e-01,1.784296351337549424e+01,1.000000000000000000e+00
4.300000000000000000e+02,3.057031631469726562e-01,1.784296351337549424e+01,1.000000000000000000e+00
4.310000000000000000e+02,3.064429759979248047e-01,1.784296351337549424e+01,1.000000000000000000e+00
4.320000000000000000e+02,3.070571422576904297e-01,1.784296351337549424e+01,1.000000000000000000e+00
4.330000000000000000e+02,3.081290721893310547e-01,1.784296351337549424e+01,1.000000000000000000e+00
4.340000000000000000e+02,3.088760375976562500e-01,1.784296351337549424e+01,1.000000000000000000e+00
4.350000000000000000e+02,3.098211288452148438e-01,1.784296351337549424e+01,1.000000000000000000e+00
4.360000000000000000e+02,3.105700016021728516e-01,1.784296351337549424e+01,1.000000000000000000e+00
4.370000000000000000e+02,3.113491535186767578e-01,1.784296351337549424e+01,1.000000000000000000e+00
4.380000000000000000e+02,3.121311664581298828e-01,1.784296351337549424e+01,1.000000000000000000e+00
4.390000000000000000e+02,3.129539489746093750e-01,1.784296351337549424e+01,1.000000000000000000e+00
4.400000000000000000e+02,3.133730888366699219e-01,1.784296351337549424e+01,1.000000000000000000e+00
4.410000000000000000e+02,3.138971328735351562e-01,1.784296351337549424e+01,1.000000000000000000e+00
4.420000000000000000e+02,3.142740726470947266e-01,1.784296351337549424e+01,1.000000000000000000e+00
4.430000000000000000e+02,3.147759437561035156e-01,1.784296351337549424e+01,1.000000000000000000e+00
4.440000000000000000e+02,3.151710033416748047e-01,1.784296351337549424e+01,1.000000000000000000e+00
4.450000000000000000e+02,3.156931400299072266e-01,1.784296351337549424e+01,1.000000000000000000e+00
4.460000000000000000e+02,3.161230087280273438e-01,1.784296351337549424e+01,1.000000000000000000e+00
4.470000000000000000e+02,3.167040348052978516e-01,1.784296351337549424e+01,1.000000000000000000e+00
4.480000000000000000e+02,3.171970844268798828e-01,1.784296351337549424e+01,1.000000000000000000e+00
4.490000000000000000e+02,3.178560733795166016e-01,1.784296351337549424e+01,1.000000000000000000e+00
4.500000000000000000e+02,3.185930252075195312e-01,1.784296351337549424e+01,1.000000000000000000e+00
4.510000000000000000e+02,3.192701339721679688e-01,1.784296351337549424e+01,1.000000000000000000e+00
4.520000000000000000e+02,3.198590278625488281e-01,1.784296351337549424e+01,1.000000000000000000e+00
4.530000000000000000e+02,3.205909729003906250e-01,1.784296351337549424e+01,1.000000000000000000e+00
4.540000000000000000e+02,3.212411403656005859e-01,1.784296351337549424e+01,1.000000000000000000e+00
4.550000000000000000e+02,3.219830989837646484e-01,1.784296351337549424e+01,1.000000000000000000e+00
4.560000000000000000e+02,3.228111267089843750e-01,1.784296351337549424e+01,1.000000000000000000e+00
4.570000000000000000e+02,3.239541053771972656e-01,1.784296351337549424e+01,1.000000000000000000e+00
4.580000000000000000e+02,3.248529434204101562e-01,1.784296351337549424e+01,1.000000000000000000e+00
4.590000000000000000e+02,3.257300853729248047e-01,1.784296351337549424e+01,1.000000000000000000e+00
4.600000000000000000e+02,3.261921405792236328e-01,1.784296351337549424e+01,1.000000000000000000e+00
4.610000000000000000e+02,3.266830444335937500e-01,1.784296351337549424e+01,1.000000000000000000e+00
4.620000000000000000e+02,3.271510601043701172e-01,1.784296351337549424e+01,1.000000000000000000e+00
4.630000000000000000e+02,3.277921676635742188e-01,1.784296351337549424e+01,1.000000000000000000e+00
4.640000000000000000e+02,3.282330036163330078e-01,1.784296351337549424e+01,1.000000000000000000e+00
4.650000000000000000e+02,3.287041187286376953e-01,1.784296351337549424e+01,1.000000000000000000e+00
4.660000000000000000e+02,3.291189670562744141e-01,1.784296351337549424e+01,1.000000000000000000e+00
4.670000000000000000e+02,3.297760486602783203e-01,1.784296351337549424e+01,1.000000000000000000e+00
4.680000000000000000e+02,3.302509784698486328e-01,1.784296351337549424e+01,1.000000000000000000e+00
4.690000000000000000e+02,3.308589458465576172e-01,1.784296351337549424e+01,1.000000000000000000e+00
4.700000000000000000e+02,3.313391208648681641e-01,1.784296351337549424e+01,1.000000000000000000e+00
4.710000000000000000e+02,3.321840763092041016e-01,1.784296351337549424e+01,1.000000000000000000e+00
4.720000000000000000e+02,3.328871726989746094e-01,1.784296351337549424e+01,1.000000000000000000e+00
4.730000000000000000e+02,3.339371681213378906e-01,1.784296351337549424e+01,1.000000000000000000e+00
4.740000000000000000e+02,3.346991539001464844e-01,1.784296351337549424e+01,1.000000000000000000e+00
4.750000000000000000e+02,3.357470035552978516e-01,1.784296351337549424e+01,1.000000000000000000e+00
4.760000000000000000e+02,3.364720344543457031e-01,1.784296351337549424e+01,1.000000000000000000e+00
4.770000000000000000e+02,3.373539447784423828e-01,1.784296351337549424e+01,1.000000000000000000e+00
4.780000000000000000e+02,3.381960391998291016e-01,1.784296351337549424e+01,1.000000000000000000e+00
4.790000000000000000e+02,3.391151428222656250e-01,1.784296351337549424e+01,1.000000000000000000e+00
4.800000000000000000e+02,3.398590087890625000e-01,1.784296351337549424e+01,1.000000000000000000e+00
4.810000000000000000e+02,3.404059410095214844e-01,1.784296351337549424e+01,1.000000000000000000e+00
4.820000000000000000e+02,3.409039974212646484e-01,1.784296351337549424e+01,1.000000000000000000e+00
4.830000000000000000e+02,3.414020538330078125e-01,1.784296351337549424e+01,1.000000000000000000e+00
4.840000000000000000e+02,3.419389724731445312e-01,1.784296351337549424e+01,1.000000000000000000e+00
4.850000000000000000e+02,3.424489498138427734e-01,1.784296351337549424e+01,1.000000000000000000e+00
4.860000000000000000e+02,3.432800769805908203e-01,1.784296351337549424e+01,1.000000000000000000e+00
4.870000000000000000e+02,3.438601493835449219e-01,1.784296351337549424e+01,1.000000000000000000e+00
4.880000000000000000e+02,3.443081378936767578e-01,1.784296351337549424e+01,1.000000000000000000e+00
4.890000000000000000e+02,3.450050354003906250e-01,1.784296351337549424e+01,1.000000000000000000e+00
4.900000000000000000e+02,3.456339836120605469e-01,1.784296351337549424e+01,1.000000000000000000e+00
4.910000000000000000e+02,3.463490009307861328e-01,1.784296351337549424e+01,1.000000000000000000e+00
4.920000000000000000e+02,3.470599651336669922e-01,1.784296351337549424e+01,1.000000000000000000e+00
4.930000000000000000e+02,3.478629589080810547e-01,1.784296351337549424e+01,1.000000000000000000e+00
4.940000000000000000e+02,3.484661579132080078e-01,1.784296351337549424e+01,1.000000000000000000e+00
4.950000000000000000e+02,3.492231369018554688e-01,1.784296351337549424e+01,1.000000000000000000e+00
4.960000000000000000e+02,3.500061035156250000e-01,1.784296351337549424e+01,1.000000000000000000e+00
4.970000000000000000e+02,3.508961200714111328e-01,1.784296351337549424e+01,1.000000000000000000e+00
4.980000000000000000e+02,3.520870208740234375e-01,1.784296351337549424e+01,1.000000000000000000e+00
4.990000000000000000e+02,3.529641628265380859e-01,1.784296351337549424e+01,1.000000000000000000e+00
