-1.424999999999998712e+00,-6.494804694057165761e-15,0.000000000000000000e+00,3.042000000000000703e+00
1.600335605710289544e+00,3.179755852601954258e-01,1.047197551196597798e-01,3.028999999999999915e+00
4.563144688332986476e+00,9.477400967471883986e-01,2.094395102393195596e-01,2.080470965295043051e+00
6.632218615996873901e+00,1.165208529622450806e+00,1.047197551196597798e-01,1.542000000000000037e+00
8.174218615996874604e+00,1.165208529622450806e+00,0.000000000000000000e+00,9.344858845171275519e-01
9.103585289061745911e+00,1.067528156168561670e+00,-1.047197551196597798e-01,8.524973174542800347e-01
9.937453494761655293e+00,8.902839974790381916e-01,-2.094395102393195596e-01,9.444984394500786085e-01
1.083572489023125662e+01,5.984179285283466321e-01,-3.141592653589793116e-01,1.295720459187964080e+00
1.201942443009700590e+01,7.140093859359974982e-02,-4.188790204786391191e-01,2.217667870831840027e+00
1.393998114339392558e+01,-1.037432996822320153e+00,-5.235987755982989267e-01,2.760376618407357263e+00
1.422851906935600930e+01,1.707821989646429284e+00,-1.675516081914556477e+00,1.342000000000000304e+00
1.450753655843344347e+01,3.020496069831196451e+00,-1.780235837034216173e+00,1.079755832643195079e+00
1.504741447475504046e+01,3.955592050784622060e+00,-2.094395102393195707e+00,1.003552812808830241e+00
1.563728801802069945e+01,4.767483331099745314e+00,-2.199114857512855625e+00,9.419999999999999485e-01
1.610828801802070132e+01,5.583279261464686449e+00,-2.094395102393195707e+00,1.135171219946131016e+00
1.631222640635590437e+01,6.142359100398305571e+00,-1.899397548560725735e+00,6.449386365926403908e-01
