-1.424999999999999822e+00,6.661338147750939243e-16,0.000000000000000000e+00,1.634582403567252262e+00
2.006279901313317016e-01,-1.708603867292315948e-01,-1.047197551196597798e-01,1.030061301782110084e+00
1.230689291913441785e+00,-1.708603867292315948e-01,0.000000000000000000e+00,9.419999999999999485e-01
2.167528917350355133e+00,-7.239457433110202400e-02,1.047197551196597798e-01,1.079755832643195079e+00
3.223689494428628954e+00,1.520992865040822484e-01,2.094395102393195596e-01,1.671468812791236269e+00
4.813350800617858027e+00,6.686115552242917204e-01,3.141592653589793116e-01,2.715592452822641611e+00
5.652515018336401909e+00,-1.914070342634620836e+00,1.884955592153875870e+00,1.742000000000000215e+00
6.361050250574446174e+00,-3.505466529848031865e+00,1.989675347273535566e+00,1.142000000000000126e+00
6.713947658150635434e+00,-4.591573071457097477e+00,1.884955592153875870e+00,8.420000000000000817e-01
6.990822575849885645e+00,-5.679975294249359763e+00,1.649691408824057959e+00,7.419999999999999929e-01
