-1.424999999999989386e+00,-2.289834988289385365e-15,0.000000000000000000e+00,2.241999999999999993e+00
8.047180894156793496e-01,2.343528146460767680e-01,1.047197551196597798e-01,2.266154027718932262e+00
3.070872117134610946e+00,2.343528146460767403e-01,0.000000000000000000e+00,1.491509756796392638e+00
4.554211227424032060e+00,3.902580374727152579e-01,1.047197551196597798e-01,1.142000000000000126e+00
5.671255787462038178e+00,6.276931883865963790e-01,2.094395102393195596e-01,9.344858845171275519e-01
6.560004677317892607e+00,9.164652077058933477e-01,3.141592653589793116e-01,8.655384061671342888e-01
7.406628992653237376e+00,1.096420761199810689e+00,2.094395102393195318e-01,9.419999999999999485e-01
8.302524231003271638e+00,1.387514769901011080e+00,3.141592653589793116e-01,8.101541692269405015e-01
9.042636892290758510e+00,1.717034157066240629e+00,4.188790204786391191e-01,6.183054614240210967e-01
9.578105129182620914e+00,2.026186887778250956e+00,5.235987755982989267e-01,5.821219466856726310e-01
1.004905167684995781e+01,2.368349583075874509e+00,6.283185307179587342e-01,7.224493814764858524e-01
1.058593619636355143e+01,2.851762575766817687e+00,7.330382858376185418e-01,9.344858845171275519e-01
1.134195115794141273e+01,3.401039597161472638e+00,6.283185307179587342e-01,1.642000000000000126e+00
1.276396487095546028e+01,4.222039597161472813e+00,5.235987755982989267e-01,3.028999999999999915e+00
9.996835679756022941e+00,5.454044889038071275e+00,-4.188790204786390081e-01,1.144271554554524117e+00
9.005867444683893552e+00,6.026180666315333667e+00,-5.235987755982988157e-01,1.135171219946131016e+00
7.968836933055495564e+00,6.487896397632483492e+00,-4.188790204786390081e-01,9.816078054371140116e-01
7.035272433248342949e+00,6.791229891323648182e+00,-3.141592653589792006e-01,1.261482700948640234e+00
5.801356155948229620e+00,7.053506892615233781e+00,-2.094395102393194208e-01,1.625281572999748070e+00
4.932430596644342913e+00,6.970592478123261770e+00,4.023648168157065858e-02,1.261482700948640234e+00
