-1.425000000000011369e+00,1.745121688784992329e-16,0.000000000000000000e+00,2.923205847478876684e+00
1.482192219986300685e+00,-3.055582150519854379e-01,-1.047197551196597798e-01,2.266154027718932262e+00
3.698825345092824346e+00,-7.767181306085040315e-01,-2.094395102393195596e-01,3.028999999999999915e+00
3.698825345092824346e+00,2.252281869391495661e+00,-1.570796326794896558e+00,2.343470270338990247e+00
3.453865999020857114e+00,4.582914364388228634e+00,-1.466076571675236861e+00,1.903418578992169818e+00
3.058123023928658313e+00,6.444738680621568960e+00,-1.361356816555577165e+00,1.542000000000000037e+00
2.896940133569937181e+00,7.978291443279446504e+00,-1.466076571675236861e+00,1.342000000000000304e+00
2.896940133569937625e+00,9.320291443279446142e+00,-1.570796326794896558e+00,1.342000000000000304e+00
2.756662935864746533e+00,1.065493982686366969e+01,-1.466076571675236861e+00,1.242000000000000215e+00
2.498436615869089383e+00,1.186979914697505656e+01,-1.361356816555577165e+00,9.419999999999999485e-01
2.500000000000001332e+00,1.242500000000001137e+01,4.712388980384689674e+00,1.042000000000000037e+00
