-1.424999999999984501e+00,7.660538869913580129e-15,0.000000000000000000e+00,1.910164415931166149e+00
4.747003353969094785e-01,-1.996665509858319976e-01,-1.047197551196597798e-01,2.515513677041127494e+00
2.117575564070360294e-01,2.302066878929924343e+00,-1.466076571675236639e+00,2.074091952673165373e+00
2.117575564070361682e-01,4.376158831603089716e+00,-1.570796326794896336e+00,1.401674775249768912e+00
3.582724666649280687e-01,5.770155085774388404e+00,-1.675516081914556032e+00,9.668456731316588115e-01
5.592909853255658703e-01,6.715872861227981439e+00,-1.780235837034215729e+00,9.419999999999999485e-01
6.577567977236949970e-01,7.652712486664894342e+00,-1.675516081914556032e+00,1.079755832643195079e+00
6.577567977236945529e-01,8.732468319308090088e+00,-1.570796326794896336e+00,1.522697580112788218e+00
4.985915596531296790e-01,1.024682440275454276e+01,-1.466076571675236639e+00,1.749133769523639748e+00
1.349262001650283760e-01,1.195773540277656721e+01,-1.361356816555576943e+00,1.915213749463701154e+00
-6.526814989549270529e-02,1.386245741092858452e+01,-1.466076571675236639e+00,1.089091055358389015e+00
1.611666128785677332e-01,1.492774921370804009e+01,-1.780235837034215951e+00,8.733207915827967405e-01
2.473259743950011469e-01,1.536244792846500573e+01,-1.755289008418035035e+00,8.208294228055936781e-01
