-1.424999999999998046e+00,2.775557561562891351e-16,0.000000000000000000e+00,1.151072203437452091e+00
-2.802334905316485880e-01,1.203198085354289376e-01,1.047197551196597798e-01,1.242000000000000215e+00
9.617665094683516269e-01,1.203198085354289654e-01,0.000000000000000000e+00,1.142000000000000126e+00
2.097510513978919633e+00,2.396913135870892275e-01,1.047197551196597798e-01,1.142000000000000126e+00
3.239510513978919537e+00,2.396913135870892275e-01,0.000000000000000000e+00,1.358609194718914503e+00
4.590677105375537970e+00,9.767798228181689968e-02,-1.047197551196597798e-01,8.420000000000000817e-01
4.169677105375537707e+00,8.268713722683141976e-01,-1.047197551196597631e+00,1.346163056034261674e+00
3.889794068279052386e+00,2.143617535724714696e+00,-1.361356816555576943e+00,3.737821063276354216e-01
3.850723199107678241e+00,2.515352024564420308e+00,-1.466076571675236639e+00,2.572946437965906163e-01
3.850723199107678241e+00,2.772646668361010924e+00,-1.570796326794896336e+00,2.419999999999999929e-01
3.876019087218450565e+00,3.013320967040133080e+00,-1.675516081914556032e+00,2.419999999999999929e-01
3.926333716396348095e+00,3.250032686417713812e+00,-1.780235837034215729e+00,3.562135623730950940e-01
3.963568172666303902e+00,3.604294873624889206e+00,-1.675516081914556032e+00,4.651546211727817237e-01
4.060279256446031049e+00,4.059284750295288013e+00,-1.780235837034215729e+00,7.419999999999999929e-01
4.137839376190629359e+00,4.797219996658546926e+00,-1.675516081914556032e+00,7.530770276274834085e-01
4.137839376190629359e+00,5.550297024286030556e+00,-1.570796326794896336e+00,6.449386365926403908e-01
4.070424931605664653e+00,6.191702619546373576e+00,-1.466076571675236639e+00,6.884249196572980178e-01
4.060819469902257062e+00,6.632464590105120017e+00,-1.461486480378430652e+00,6.420000000000001261e-01
