-1.424999999999997158e+00,1.219510603611695387e-14,0.000000000000000000e+00,2.769531841800928262e+00
1.329360056590646710e+00,2.894949073942972295e-01,1.047197551196597798e-01,3.028999999999999915e+00
4.292169139213343421e+00,9.192594188812901468e-01,2.094395102393195596e-01,1.342000000000000304e+00
5.289469495004007094e+00,1.817232692614878076e+00,7.330382858376183197e-01,5.698820596099707370e-01
5.750513766017870232e+00,2.152200962799678763e+00,6.283185307179585122e-01,4.684337522473747129e-01
6.156189295454162824e+00,2.386417838923366119e+00,5.235987755982987046e-01,3.632670403551896410e-01
6.488050250081917270e+00,2.534171855457516997e+00,4.188790204786388971e-01,3.737821063276354216e-01
6.843538157979343062e+00,2.649676878506019850e+00,3.141592653589790896e-01,3.562135623730950940e-01
7.191967599363428221e+00,2.723737842551227306e+00,2.094395102393193098e-01,4.419999999999999485e-01
7.631546277116204813e+00,2.769939423315530114e+00,1.047197551196595300e-01,4.419999999999999485e-01
8.073546277116204095e+00,2.769939423315530114e+00,-2.498001805406602216e-16,4.552745950421557275e-01
8.526326830290551939e+00,2.722350269530970035e+00,-1.047197551196600296e-01,5.972945357246848275e-01
9.110569047341064319e+00,2.598165752692242148e+00,-2.094395102393198094e-01,7.777559750685820728e-01
9.850258935517530290e+00,2.357825938919392073e+00,-3.141592653589795892e-01,8.733207915827967405e-01
1.064807717773283535e+01,2.002614371822704520e+00,-4.188790204786393412e-01,9.117715603592209117e-01
1.143769451145209715e+01,1.546728591643093953e+00,-5.235987755982991487e-01,9.218989873223331077e-01
1.227989114372572743e+01,1.171758492284628250e+00,-4.188790204786393412e-01,1.358609194718914503e+00
1.357200527146166280e+01,7.519251624024212433e-01,-3.141592653589795336e-01,1.447992817228333839e+00
1.583817108537005325e+01,-5.095261717616875741e-01,-5.353415818299478435e-01,2.156031735997639309e+00
