-1.424999999999995381e+00,1.909583602355269250e-14,0.000000000000000000e+00,3.042000000000000703e+00
1.600335605710292874e+00,-3.179755852601828248e-01,-1.047197551196597798e-01,2.303547262794322315e+00
3.853544833989484442e+00,-7.969099915463717654e-01,-2.094395102393195596e-01,1.415863375370596478e+00
5.261651961645570807e+00,-9.449080143708130652e-01,-1.047197551196597798e-01,1.222350850198276051e+00
6.457291513021941931e+00,-1.199049046408062313e+00,-2.094395102393195596e-01,1.632724809414742184e+00
8.081072085095893698e+00,-1.369715261675157780e+00,-1.047197551196597798e-01,1.941999999999999948e+00
9.980634725720943123e+00,-1.773479765243246353e+00,-2.094395102393195596e-01,2.342000000000000526e+00
1.220800908688419284e+01,-2.497197566069373487e+00,-3.141592653589793116e-01,2.266154027718932262e+00
1.427824380522530845e+01,-3.418925447996475686e+00,-4.188790204786391191e-01,1.857475947422650320e+00
1.537004077360833065e+01,-4.921655056104105697e+00,-9.424777960769379348e-01,7.308543819998318813e-01
1.573546796460824737e+01,-5.554593517383136891e+00,-1.047197551196597631e+00,4.419999999999999485e-01
1.591524556084775099e+01,-5.958380609661166005e+00,-1.151917306316257328e+00,2.761664064126334583e-01
1.600058567370471252e+01,-6.221030470061716500e+00,-1.256637061435917024e+00,2.419999999999999929e-01
1.605090030288261005e+01,-6.457742189439297675e+00,-1.361356816555576721e+00,2.419999999999999929e-01
1.607619619099338237e+01,-6.698416488118419387e+00,-1.466076571675236417e+00,2.419999999999999929e-01
1.607619619099338237e+01,-6.940416488118419380e+00,-1.570796326794896114e+00,2.761664064126334583e-01
1.610506344106184429e+01,-7.215070026060956820e+00,-1.466076571675236417e+00,2.836407864998740092e-01
1.616403567656791296e+01,-7.492512580846057979e+00,-1.361356816555576721e+00,3.737821063276354216e-01
1.627954069961641537e+01,-7.848000488743483771e+00,-1.256637061435917024e+00,5.040499351813307882e-01
1.648455627819464553e+01,-8.308473017453435361e+00,-1.151917306316257328e+00,7.111806012954131617e-01
1.684014657884235078e+01,-8.924373484853955318e+00,-1.047197551196597631e+00,9.544611797498110395e-01
1.740116478418496371e+01,-9.696548799742714664e+00,-9.424777960769378238e-01,1.459935662402834344e+00
1.858227754576290280e+01,-1.055467745139894298e+01,-6.283185307179585122e-01,2.342000000000000526e+00
2.080965190692615252e+01,-1.127839525222506900e+01,-3.141592653589792006e-01,2.863734310225515500e+00
2.215745409268327748e+01,-1.161095726133237349e+01,-7.905007800460395195e-02,2.197764119219941747e+00
