-1.425000000000000933e+00,1.026956297778269800e-15,0.000000000000000000e+00,1.178067977499789754e+00
-2.533856021442417727e-01,1.231416353128866187e-01,1.047197551196597798e-01,9.519751242241778488e-01
6.985895220799359651e-01,1.231416353128866048e-01,0.000000000000000000e+00,1.044379604162864128e+00
1.737247905495954647e+00,2.323090304041110221e-01,1.047197551196597798e-01,1.242000000000000215e+00
2.979247905495954640e+00,2.323090304041110499e-01,0.000000000000000000e+00,1.079755832643195079e+00
4.053088722711213343e+00,3.451742482945898693e-01,1.047197551196597798e-01,1.144271554554524117e+00
5.172355198386663133e+00,5.830816819566868592e-01,2.094395102393195596e-01,1.079755832643195079e+00
6.199264019029673278e+00,9.167445840189056838e-01,3.141592653589793116e-01,1.079755832643195079e+00
7.185670055303968518e+00,1.355920846729714357e+00,4.188790204786391191e-01,9.816078054371140116e-01
8.035767351365601385e+00,1.846724749448271474e+00,5.235987755982989267e-01,4.419999999999999485e-01
7.899181839851874720e+00,1.426357769245813589e+00,1.256637061435917246e+00,8.420000000000000817e-01
7.899181839851874720e+00,5.843577692458133965e-01,1.570796326794896558e+00,1.267940669922601460e+00
8.290997054717113457e+00,-6.215254671597193470e-01,1.884955592153875870e+00,6.063316977093238247e-01
8.537614374033854148e+00,-1.175437035426798893e+00,1.989675347273535566e+00,6.884249196572980178e-01
8.750349373559167532e+00,-1.830168041246839739e+00,1.884955592153875870e+00,7.668287590894660166e-01
8.909782037429142321e+00,-2.580239752123882457e+00,1.780235837034216173e+00,6.420000000000001261e-01
8.976889310846976500e+00,-3.218722808950313929e+00,1.675516081914556477e+00,6.449386365926403908e-01
9.110979593254652897e+00,-3.849567988953936926e+00,1.780235837034216173e+00,5.912422502470642272e-01
9.172781237091887974e+00,-4.437571352291450388e+00,1.675516081914556477e+00,7.419999999999999929e-01
9.268831759638157308e+00,-5.057202960651314250e+00,1.705370783524617240e+00,7.447756377319947330e-01
