-1.425000000000001599e+00,9.853229343548264296e-16,0.000000000000000000e+00,1.003552812808830241e+00
-4.269447545032017954e-01,1.048998333308391179e-01,1.047197551196597798e-01,1.044379604162864128e+00
6.174348496596623326e-01,1.048998333308391040e-01,0.000000000000000000e+00,1.042000000000000037e+00
1.653726664633403232e+00,2.138184920557340274e-01,1.047197551196597798e-01,1.155594362117865481e+00
2.809321026751268491e+00,2.138184920557339996e-01,0.000000000000000000e+00,1.142000000000000126e+00
3.945065031261836719e+00,3.331899971073942757e-01,1.047197551196597798e-01,1.250679276123039196e+00
5.195744307384876137e+00,3.331899971073942757e-01,0.000000000000000000e+00,1.042000000000000037e+00
6.232036122358616481e+00,2.242713383824993523e-01,-1.047197551196597798e-01,1.042000000000000037e+00
7.274036122358616296e+00,2.242713383824993523e-01,0.000000000000000000e+00,1.044379604162864128e+00
8.312694505774635090e+00,3.334387334737237696e-01,1.047197551196597798e-01,1.447992817228333839e+00
9.729045205826313492e+00,6.344933683956374137e-01,2.094395102393195596e-01,1.393530134426252731e+00
8.909948744185413716e+00,-4.928961925288061208e-01,9.424777960769379348e-01,1.209156809750927097e+00
8.783557441012529665e+00,-1.695429114759752665e+00,1.466076571675236639e+00,4.717058540778356068e-01
8.783557441012529665e+00,-2.167134968837588271e+00,1.570796326794896336e+00,4.419999999999999485e-01
8.829759021776832029e+00,-2.606713646590364863e+00,1.675516081914556032e+00,4.944174696260024149e-01
8.932554193856612201e+00,-3.090326908265918604e+00,1.780235837034215729e+00,4.717058540778356068e-01
9.078319319112813091e+00,-3.538945834561214809e+00,1.884955592153875426e+00,5.420000000000000373e-01
9.298770579659896285e+00,-4.034087472603504310e+00,1.989675347273535122e+00,7.530770276274834085e-01
9.377488564079968114e+00,-4.783039065477894702e+00,1.675516081914555810e+00,7.419999999999999929e-01
9.438331090053354799e+00,-5.519461867850544046e+00,1.656597917637014916e+00,7.859088914585774521e-01
