-1.424999999999981615e+00,-1.987299214079030207e-14,0.000000000000000000e+00,3.042000000000000703e+00
1.600335605710306641e+00,3.179755852601820476e-01,1.047197551196597798e-01,3.028999999999999915e+00
4.563144688333003351e+00,9.477400967471749649e-01,2.094395102393195596e-01,3.028999999999999915e+00
7.443894876191023968e+00,1.883752572708890627e+00,3.141592653589793116e-01,2.217667870831840027e+00
9.613101383269635036e+00,2.344831649405758611e+00,2.094395102393195318e-01,1.242000000000000215e+00
1.084829757731703026e+01,2.474656000784184240e+00,1.047197551196597520e-01,1.142000000000000126e+00
1.199029757731702972e+01,2.474656000784184240e+00,-2.775557561562891351e-17,1.198102834535695438e+00
1.318183707916556990e+01,2.599891848914820169e+00,1.047197551196597520e-01,1.142000000000000126e+00
1.429888163920357513e+01,2.837326999828701179e+00,2.094395102393195318e-01,9.643748416156683323e-01
1.521605661647326357e+01,3.135335214835591078e+00,3.141592653589793116e-01,1.082093455903269552e+00
1.620459817785847889e+01,3.575462274583978139e+00,4.188790204786391191e-01,1.583968962724581209e+00
1.757635553838405329e+01,4.367446755946268411e+00,5.235987755982989267e-01,2.576556369077249720e+00
1.901868156549353728e+01,6.379050608527370159e+00,-7.774409043764003435e-01,2.836868418830089666e+00
