-1.424999999999990052e+00,-1.554312234475219157e-14,0.000000000000000000e+00,2.252589071449369484e+00
8.152491528236955887e-01,-2.354596740121286114e-01,-1.047197551196597798e-01,2.526689665786983952e+00
3.286724587212134896e+00,-7.607879945976596670e-01,-2.094395102393195596e-01,2.789076812334268851e+00
5.359412588157332458e+00,-2.627044653216320302e+00,-7.330382858376183197e-01,1.449987240796890786e+00
6.329643429804363564e+00,-3.704595168222773793e+00,-8.377580409572781273e-01,9.344858845171275519e-01
6.878920451199018515e+00,-4.460610129800634205e+00,-9.424777960769379348e-01,7.140045146669349307e-01
7.235922708532486425e+00,-5.078956177918978909e+00,-1.047197551196597631e+00,5.544515496597097748e-01
7.461438470589252248e+00,-5.585472872593507887e+00,-1.151917306316257328e+00,5.972945357246848275e-01
7.760085738451595105e+00,-6.102745114072717136e+00,-1.047197551196597631e+00,7.111806012954131617e-01
8.049348948843119800e+00,-6.752440921949675712e+00,-1.151917306316257328e+00,6.624650534085254616e-01
8.254061908525860858e+00,-7.382482627811670639e+00,-1.256637061435917024e+00,5.912422502470642272e-01
8.376988084457625661e+00,-7.960804816343292956e+00,-1.361356816555576721e+00,6.420000000000001261e-01
8.309880811039793258e+00,-8.599287873169725316e+00,-1.675516081914556032e+00,7.447756377319947330e-01
8.863356972361952302e+00,-8.100935699092810083e+00,-2.408554367752174574e+00,1.151072203437452091e+00
9.989275486425670536e+00,-7.861614331022805047e+00,-2.932153143350473279e+00,1.925286778035259827e+00
1.190401534204477230e+01,-7.660367062765247148e+00,-3.036872898470133197e+00,1.346163056034261674e+00
1.322076150550117291e+01,-7.380484025668761383e+00,-2.932153143350473279e+00,8.393665961010277066e-01
1.405552996356438200e+01,-7.292746325260119455e+00,-3.036872898470133197e+00,8.420000000000000817e-01
1.489752996356438253e+01,-7.292746325260119455e+00,-3.141592653589793116e+00,8.446297590440445813e-01
1.573753275241331373e+01,-7.381034176003121949e+00,-3.246312408709453035e+00,1.001126028197400375e+00
1.648334129556107897e+01,-7.607979998194608129e+00,2.862393769124719878e+00,1.105330765278393690e+00
