-1.424999999999999156e+00,9.992007221626408864e-16,0.000000000000000000e+00,3.042000000000000703e+00
1.600335605710289100e+00,3.179755852602029198e-01,1.047197551196597798e-01,3.028999999999999915e+00
4.629335605710288348e+00,3.179755852602029198e-01,0.000000000000000000e+00,2.961950248448355971e+00
7.575059980783675151e+00,6.275836930057538954e-01,1.047197551196597798e-01,2.944499219237900256e+00
1.026499386755064336e+01,1.825219420977892026e+00,4.188790204786391191e-01,1.204741699796952448e+00
1.116029142779158789e+01,2.631348965068828427e+00,7.330382858376184307e-01,9.066882704388499192e-01
1.176698429996880080e+01,3.305149661566507913e+00,8.377580409572782383e-01,7.111806012954131617e-01
1.218500576912673772e+01,3.880506854084290858e+00,9.424777960769380458e-01,7.804776310850234378e-01
1.257524458466924955e+01,4.556420309689420023e+00,1.047197551196597853e+00,1.022865204668481409e+00
1.299128134433514958e+01,5.490854171194980538e+00,1.151917306316257550e+00,1.662294101747088915e+00
1.350495847142423855e+01,7.071789808660548182e+00,1.256637061435917246e+00,3.028999999999999915e+00
1.528536000061813915e+01,4.621277332698832119e+00,2.199114857512855181e+00,8.208294228055936781e-01
1.583460209001723840e+01,4.011282194541259116e+00,2.303834612632515100e+00,7.111806012954131617e-01
1.636311227384982558e+01,3.535409487565801978e+00,2.408554367752175018e+00,7.224493814764858524e-01
1.694758610103997043e+01,3.110764395606104848e+00,2.513274122871834937e+00,9.143082923316021571e-01
1.774595215483638810e+01,2.318376376451529275e+00,-3.897410753864595012e+00,9.218989873223331077e-01
