-1.425000000000000711e+00,1.326716514427062066e-14,0.000000000000000000e+00,2.621673898594819363e+00
1.182312094668049429e+00,-2.740395438090211799e-01,-1.047197551196597798e-01,1.459935662402834344e+00
2.610344660073101064e+00,-5.775772358643399551e-01,-2.094395102393195596e-01,1.318972864800942668e+00
3.864762397958524165e+00,-9.851622662072411218e-01,-3.141592653589793116e-01,1.100703314492290419e+00
4.870304911125111325e+00,-1.432858637366241972e+00,-4.188790204786391191e-01,5.451219541881398012e-01
5.342394371612657622e+00,-1.705419614460311983e+00,-5.235987755982989267e-01,3.737821063276354216e-01
5.644790447824978408e+00,-1.925123224130513178e+00,-6.283185307179587342e-01,3.632670403551896410e-01
5.914750469131424992e+00,-2.168196319113568915e+00,-7.330382858376185418e-01,4.286068747318505512e-01
6.201544447110323155e+00,-2.486713300234581592e+00,-8.377580409572783493e-01,4.286068747318505512e-01
6.453473247108872712e+00,-2.833463545798582839e+00,-9.424777960769381568e-01,3.737821063276354216e-01
6.640364300272690201e+00,-3.157168345358371209e+00,-1.047197551196597853e+00,4.717058540778356068e-01
6.832224355879512601e+00,-3.588093085694601392e+00,-1.151917306316257550e+00,6.420000000000001261e-01
7.153224355879512331e+00,-4.144081394924211459e+00,-1.047197551196597853e+00,6.912855684535901268e-01
7.434395527399072279e+00,-4.775602185918872422e+00,-1.151917306316257550e+00,7.668287590894660166e-01
7.671358645733169723e+00,-5.504899674133435283e+00,-1.256637061435917246e+00,8.629372712298546411e-01
7.850773392864232036e+00,-6.348979695570694304e+00,-1.361356816555576943e+00,6.884249196572980178e-01
7.922733391791167534e+00,-7.033633351487021734e+00,-1.466076571675236639e+00,7.419999999999999929e-01
7.922733391791167534e+00,-7.775633351487021727e+00,-1.570796326794896336e+00,8.733207915827967405e-01
8.014020272075008222e+00,-8.644170000396465880e+00,-1.466076571675236639e+00,1.425948469674844565e+00
8.861220929213162734e+00,-1.306965028905431581e+01,4.404819041352839193e+00,3.966937810560445143e+00
