-1.424999999999999822e+00,4.024558464266192459e-16,0.000000000000000000e+00,1.759800560721074492e+00
3.251601891184732196e-01,-1.839492482697284159e-01,-1.047197551196597798e-01,1.242000000000000215e+00
1.567160189118473435e+00,-1.839492482697284437e-01,0.000000000000000000e+00,1.295720459187964080e+00
2.855782556057536947e+00,-3.193889166931046519e-01,-1.047197551196597798e-01,1.242000000000000215e+00
4.070641876168923368e+00,-5.776152366887618017e-01,-2.094395102393195596e-01,1.142000000000000126e+00
5.156748417777988536e+00,-9.305126442649518381e-01,-3.141592653589793116e-01,8.733207915827967405e-01
5.863279779709452910e+00,-1.443837726077708217e+00,-6.283185307179586232e-01,7.859088914585774521e-01
6.447323905693569834e+00,-1.969713419162204104e+00,-7.330382858376184307e-01,9.544611797498110395e-01
7.085983093645552344e+00,-2.679016306012325543e+00,-8.377580409572782383e-01,1.350318915758459193e+00
6.441943045581694172e+00,-3.838977959442309906e+00,-7.091720847680074713e-02,8.733207915827967405e-01
