-1.425000000000006484e+00,-7.494005416219806648e-16,0.000000000000000000e+00,1.342000000000000304e+00
-9.035161641578337566e-02,-1.402771977051917307e-01,-1.047197551196597798e-01,8.655384061671342888e-01
7.751867897513509131e-01,-1.402771977051917307e-01,0.000000000000000000e+00,6.884249196572980178e-01
1.459840445667678122e+00,-6.831719877825656595e-02,1.047197551196597798e-01,7.140045146669349307e-01
2.158242248602245894e+00,8.013268711765950125e-02,2.094395102393195596e-01,7.140045146669349307e-01
2.837300894940392837e+00,3.007722162101787999e-01,3.141592653589793116e-01,8.524973174542800347e-01
3.671169100640302219e+00,4.780163748997022788e-01,2.094395102393195318e-01,8.101541692269405015e-01
4.476885160560387433e+00,3.933322045805277001e-01,-1.047197551196597798e-01,6.420000000000001261e-01
5.104855920231490707e+00,2.598528990755262225e-01,-2.094395102393195596e-01,5.912422502470642272e-01
5.667160715037971030e+00,7.714899595669791332e-02,-3.141592653589793116e-01,5.575494421403510703e-01
6.176507475316454610e+00,-1.496267924882535572e-01,-4.188790204786391191e-01,6.449386365926403908e-01
6.735040718487780964e+00,-4.720961107845737526e-01,-5.235987755982989267e-01,7.804776310850234378e-01
7.366460385765066121e+00,-9.308493520805160015e-01,-6.283185307179587342e-01,1.003552812808830241e+00
7.142597374071353755e+00,-1.891396755219154402e+00,1.659314808002086694e-01,6.449386365926403908e-01
