-1.425000000000002709e+00,1.942890293094023946e-16,0.000000000000000000e+00,2.099530680769388979e+00
6.630292320226109926e-01,2.194607156441147622e-01,1.047197551196597798e-01,1.749133769523639748e+00
2.373940232044636112e+00,5.831260751322155933e-01,2.094395102393195596e-01,1.512992026436488446e+00
3.812881157889667527e+00,1.050666323654880330e+00,3.141592653589793116e-01,1.393530134426252731e+00
5.085934282282853935e+00,1.617466092556382851e+00,4.188790204786391191e-01,1.189220505424423147e+00
6.216950193278567127e+00,1.984955438791693894e+00,3.141592653589793116e-01,1.604705391138869564e+00
7.682921514208074676e+00,2.637647922709156489e+00,4.188790204786391191e-01,1.770427124746190239e+00
9.366697767823630727e+00,3.184739991558104499e+00,3.141592653589793116e-01,2.502898762952971978e+00
1.104146393473318888e+01,5.044756255940376022e+00,8.377580409572781273e-01,1.312653918225939575e+00
1.181302254923032535e+01,6.106715583518023571e+00,9.424777960769379348e-01,1.126032966784155542e+00
1.237603903262240301e+01,7.081888738251860715e+00,1.047197551196597631e+00,1.022865204668481409e+00
1.297726411500965860e+01,7.909404071783471046e+00,9.424777960769378238e-01,1.051502310972898924e+00
1.382794735421126475e+01,8.527461622924795037e+00,6.283185307179585122e-01,8.287962264113206690e-01
1.454570594084414736e+01,8.941859736130455261e+00,5.235987755982987046e-01,9.643748416156683323e-01
1.639703193597170383e+01,9.188902232829095240e+00,1.510162007728190536e+00,1.447992817228333839e+00
