-1.425000000000005596e+00,8.326672684688674053e-16,0.000000000000000000e+00,2.908106403010387808e+00
1.467175491854496805e+00,-3.039798933254983515e-01,-1.047197551196597798e-01,2.048444913401813672e+00
3.470856969133849113e+00,1.219157521669111954e-01,2.094395102393195318e-01,1.285074902771996319e+00
4.748892097128854850e+00,2.562426569374971486e-01,1.047197551196597520e-01,8.101541692269405015e-01
5.559046266355795574e+00,2.562426569374971486e-01,-2.775557561562891351e-17,7.419999999999999929e-01
6.296981512719054486e+00,3.338027766820960140e-01,1.047197551196597520e-01,7.447756377319947330e-01
7.041757150451049441e+00,3.338027766820960140e-01,-2.775557561562891351e-17,7.530770276274834085e-01
7.790708743325439833e+00,4.125207611021690646e-01,1.047197551196597520e-01,1.044379604162864128e+00
8.835088347488303739e+00,4.125207611021690091e-01,-2.775557561562891351e-17,9.419999999999999485e-01
9.771927972925217531e+00,3.140549487040393828e-01,-1.047197551196598075e-01,8.420000000000000817e-01
1.061392797292521806e+01,3.140549487040393828e-01,-2.775557561562891351e-17,9.668456731316588115e-01
1.145124088739630075e+01,7.974777852698686775e-01,5.235987755982988157e-01,1.687906043549196378e+00
1.162767511226868322e+01,-8.811817323642416877e-01,1.675516081914556477e+00,7.804776310850234378e-01
1.178994553619300945e+01,-1.644604054636461532e+00,1.780235837034216173e+00,7.419999999999999929e-01
1.201923614601922097e+01,-2.350287989727465554e+00,1.884955592153875870e+00,1.044379604162864128e+00
1.223637487537630442e+01,-3.371845393794692836e+00,1.780235837034216173e+00,9.519751242241778488e-01
1.253055136698377758e+01,-4.277227539038985782e+00,1.884955592153875870e+00,1.063320343559642778e+00
1.257845236061736394e+01,-5.162570551505060834e+00,1.661387479699468095e+00,1.142000000000000126e+00
