-1.424999999999999156e+00,2.026157019940910686e-15,0.000000000000000000e+00,2.541999999999999815e+00
1.103074658026151456e+00,2.657113536263771003e-01,1.047197551196597798e-01,2.526689665786983952e+00
3.574550092414590985e+00,7.910396742119081281e-01,2.094395102393195596e-01,2.565534186398688021e+00
6.126030014103914567e+00,1.059211020176792584e+00,1.047197551196597798e-01,8.655384061671342888e-01
6.991568420271049078e+00,1.059211020176792584e+00,0.000000000000000000e+00,8.101541692269405015e-01
7.797284480191134293e+00,9.745268498576180605e-01,-1.047197551196597798e-01,8.420000000000000817e-01
8.620884760008998171e+00,7.994652061890646921e-01,-2.094395102393195596e-01,1.079755832643195079e+00
9.647793580652008316e+00,4.658023041268458120e-01,-3.141592653589793116e-01,1.720488797889961008e+00
1.133068557039746338e+01,1.080925691245298581e-01,-2.094395102393195318e-01,3.028999999999999915e+00
1.070092105891047041e+01,3.070901651747226957e+00,-1.361356816555577165e+00,1.441999999999999948e+00
1.055019101487851430e+01,4.505002224868277061e+00,-1.466076571675236861e+00,1.142000000000000126e+00
1.031275586396463240e+01,5.622046784906283179e+00,-1.361356816555577165e+00,9.419999999999999485e-01
1.021429005156650405e+01,6.558886410343196971e+00,-1.466076571675236861e+00,8.393665961010277066e-01
1.016918193930880321e+01,6.930513824324743055e+00,-1.635121425108991833e+00,6.537242768623690026e-01
