-1.424999999999999822e+00,2.393918396847993790e-15,0.000000000000000000e+00,2.774753579347359889e+00
1.213947472751608192e+00,8.574460112210506857e-01,3.141592653589793116e-01,2.137309061734091742e+00
3.166476457677156908e+00,1.726767924206263238e+00,4.188790204786391191e-01,2.480361202590826153e+00
5.633249982075714257e+00,1.986036269061791204e+00,1.047197551196598075e-01,1.022865204668481409e+00
6.656115186744195888e+00,1.986036269061791204e+00,2.775557561562891351e-17,6.537242768623690026e-01
7.306258293617612587e+00,1.917703475000609670e+00,-1.047197551196597520e-01,5.912422502470642272e-01
7.884580482149234903e+00,1.794777299068845755e+00,-2.094395102393195318e-01,7.419999999999999929e-01
8.590264417240238259e+00,1.565486689242634899e+00,-3.141592653589793116e-01,9.816078054371140116e-01
9.487007769083835029e+00,1.166230825642140090e+00,-4.188790204786391191e-01,1.566880949681337620e+00
1.084396647621375998e+01,3.827903508014712797e-01,-5.235987755982989267e-01,2.343470270338990247e+00
1.059900713014179274e+01,2.713422845798203475e+00,-1.466076571675236861e+00,6.063316977093238247e-01
1.047294368167464462e+01,3.306504741161433891e+00,-1.361356816555577165e+00,4.717058540778356068e-01
1.042363699363353291e+01,3.775626541215233001e+00,-1.466076571675236861e+00,4.419999999999999485e-01
1.033174002629208310e+01,4.207967780739575225e+00,-1.361356816555577165e+00,5.420000000000000373e-01
1.027508559920101483e+01,4.746998648029179257e+00,-1.466076571675236861e+00,5.420000000000000373e-01
1.027508559920101483e+01,5.288998648029179073e+00,-1.570796326794896558e+00,3.980219778561036037e-01
1.031669022489306542e+01,5.684840219844859988e+00,-1.675516081914556255e+00,4.419999999999999485e-01
1.040858719223451523e+01,6.117181459369201768e+00,-1.780235837034215951e+00,4.419999999999999485e-01
1.045478877299881759e+01,6.556760137121978360e+00,-1.675516081914556255e+00,4.944174696260024149e-01
1.045478877299881759e+01,7.051177606747980775e+00,-1.570796326794896558e+00,5.420000000000000373e-01
1.050119375577158465e+01,7.397862379640200992e+00,-1.608363775948422170e+00,4.419999999999999485e-01
