-1.425000000000001155e+00,2.969846590872293746e-15,0.000000000000000000e+00,1.542000000000000037e+00
1.085527626578763893e-01,-1.611828903587186890e-01,-1.047197551196597798e-01,1.512992026436488446e+00
1.588482283246106075e+00,-4.757516207689170273e-01,-2.094395102393195596e-01,1.862616373302046879e+00
3.359935722433064154e+00,-1.051331734120280581e+00,-3.141592653589793116e-01,2.199299494980466285e+00
5.511175246743277967e+00,-1.508591810736313432e+00,-2.094395102393195318e-01,1.473797780234432642e+00
6.976899408531579638e+00,-1.662645627871497389e+00,-1.047197551196597520e-01,1.342000000000000304e+00
8.318899408531580164e+00,-1.662645627871497389e+00,2.775557561562891351e-17,1.582075756488817264e+00
9.892308388491033000e+00,-1.497273680272710905e+00,1.047197551196598075e-01,2.554478373637688371e+00
9.625292689644229682e+00,-4.037758354100128955e+00,1.466076571675236639e+00,8.836487838947599815e-01
9.625292689644229682e+00,-4.921407137994888714e+00,1.570796326794896336e+00,8.446297590440445813e-01
9.537004838901227188e+00,-5.761409926843819918e+00,1.466076571675236639e+00,8.446297590440445813e-01
9.361396437583382024e+00,-6.587582499161124261e+00,1.361356816555576943e+00,8.101541692269405015e-01
9.111045031228540481e+00,-7.358084901008092871e+00,1.256637061435917246e+00,7.419999999999999929e-01
8.937932927746713219e+00,-8.296026591528324445e+00,-4.854593260479433070e+00,6.884249196572980178e-01
