-1.424999999999994937e+00,4.163336342344337027e-15,0.000000000000000000e+00,3.042000000000000703e+00
1.600335605710293319e+00,-3.179755852601977573e-01,-1.047197551196597798e-01,3.028999999999999915e+00
4.563144688332990029e+00,-9.477400967471907300e-01,-2.094395102393195596e-01,2.315425558686600382e+00
6.865886103542131025e+00,-1.189767972207349089e+00,-1.047197551196597798e-01,2.843281840626231904e+00
9.709167944168362041e+00,-1.189767972207349089e+00,0.000000000000000000e+00,3.028999999999999915e+00
9.079403432681367292e+00,-4.152577054830046244e+00,1.361356816555576943e+00,1.411817807045693707e+00
9.226978578465761416e+00,-5.556660776207808183e+00,1.675516081914556255e+00,1.137449840010014812e+00
9.463467697922633093e+00,-6.669254608168655452e+00,1.780235837034215951e+00,7.804776310850234378e-01
9.704648549657406420e+00,-7.411532945034672082e+00,1.884955592153875648e+00,8.524973174542800347e-01
1.005139044678988469e+01,-8.190327997047532449e+00,1.989675347273535344e+00,9.816078054371140116e-01
1.054219434950844203e+01,-9.040425293109166205e+00,2.094395102393195263e+00,1.276523505985750484e+00
1.106140323514043722e+01,-1.020658754357645570e+01,1.989675347273535566e+00,1.491509756796392638e+00
1.152230509726656749e+01,-1.162509761689546472e+01,1.884955592153875870e+00,1.649397274136177094e+00
1.186523407336242286e+01,-1.323845160324864523e+01,1.780235837034216173e+00,1.415863375370596478e+00
1.230275991806501246e+01,-1.458501769257850178e+01,1.884955592153875870e+00,1.126032966784155542e+00
1.253687533610564309e+01,-1.568644413738559251e+01,1.780235837034216173e+00,1.295720459187964080e+00
1.274768171341795053e+01,-1.684879243519511505e+01,1.807290890548330919e+00,1.393530134426252731e+00
