-1.425000000000001155e+00,-5.384581669432009221e-15,0.000000000000000000e+00,1.742000000000000215e+00
3.074571417315310473e-01,1.820885830122469795e-01,1.047197551196597798e-01,1.786292530665578360e+00
2.054714894810784287e+00,5.534796833580615250e-01,2.094395102393195596e-01,1.742000000000000215e+00
3.711455346196942173e+00,1.091787287559220054e+00,3.141592653589793116e-01,1.350318915758459193e+00
5.032266553871552972e+00,1.372534376477764884e+00,2.094395102393195318e-01,1.144271554554524117e+00
6.170269669123118916e+00,1.492143323636238250e+00,1.047197551196597520e-01,1.155594362117865481e+00
7.300611521850221663e+00,1.732404901363633787e+00,2.094395102393195318e-01,1.155594362117865481e+00
8.449875417140571443e+00,1.853197404196578413e+00,1.047197551196597520e-01,1.276523505985750484e+00
9.698503821800839475e+00,2.118601564694690076e+00,2.094395102393195318e-01,1.142000000000000126e+00
1.078461036340990553e+01,2.471498972270880223e+00,3.141592653589793116e-01,1.003552812808830241e+00
1.170140147705586742e+01,2.879680674502020921e+00,4.188790204786391191e-01,8.393665961010277066e-01
1.232517241962692012e+01,3.441326553908472530e+00,7.330382858376184307e-01,6.390562748477139898e-01
1.275278453231320341e+01,3.916237917750410524e+00,8.377580409572782383e-01,6.063316977093238247e-01
1.310917736222420160e+01,4.406770565425467190e+00,9.424777960769380458e-01,7.859088914585774521e-01
1.363505305530869727e+01,4.990814691409584114e+00,8.377580409572782383e-01,1.242000000000000215e+00
1.316371879467104300e+01,5.756910451054379152e+00,6.407143738013978407e+00,8.393665961010277066e-01
