-1.425000000000010481e+00,-6.772360450213454897e-15,0.000000000000000000e+00,3.414135954999579781e+00
1.970432961011141515e+00,3.568743847629418098e-01,1.047197551196597798e-01,3.028999999999999915e+00
4.933242043633837781e+00,9.866388962499348381e-01,2.094395102393195596e-01,2.493056180912940789e+00
7.412641001934964891e+00,1.247234227680689589e+00,1.047197551196597798e-01,3.028999999999999915e+00
1.037545008455766116e+01,1.876998739167682562e+00,2.094395102393195596e-01,2.991691346263317897e+00
1.296633079070376127e+01,3.372844412299341510e+00,5.235987755982989267e-01,2.453409973215888051e+00
1.495118115320439856e+01,4.814922612382911637e+00,6.283185307179587342e-01,1.126032966784155542e+00
1.578798672578700213e+01,5.568385734227257799e+00,7.330382858376185418e-01,6.884249196572980178e-01
1.624863290970983698e+01,6.079985151000269816e+00,8.377580409572783493e-01,4.184823060233400227e-01
1.655962586998493080e+01,6.360004470180120606e+00,7.330382858376185418e-01,3.562135623730950940e-01
1.679797926696888766e+01,6.624722735822555109e+00,8.377580409572783493e-01,4.286068747318505512e-01
1.704990806696743633e+01,6.971472981386556356e+00,9.424777960769381568e-01,5.072475842498529452e-01
1.730353185909236302e+01,7.410762275355216033e+00,1.047197551196597853e+00,8.836487838947599815e-01
1.831676560978991120e+01,7.581225634407937619e+00,-4.487323372449329995e+00,9.444984394500786085e-01
