-1.425000000000006706e+00,-1.092875789865388469e-16,0.000000000000000000e+00,1.983381265149110062e+00
5.475160950540101101e-01,-2.073197957198909258e-01,-1.047197551196597798e-01,9.643748416156683323e-01
4.467114748459375950e-01,7.517720996092018826e-01,-1.466076571675236639e+00,1.950321791298264662e+00
4.467114748459377616e-01,2.702093890907466545e+00,-1.570796326794896336e+00,9.668456731316588115e-01
5.477743672753699888e-01,3.663643082278977836e+00,-1.675516081914556032e+00,7.530770276274834085e-01
7.043478854054123772e-01,4.400263570020547021e+00,-1.780235837034215729e+00,9.419999999999999485e-01
9.954418941066126569e-01,5.296158808370581283e+00,-1.884955592153875426e+00,1.242000000000000215e+00
1.253668214102269030e+00,6.511018128481968148e+00,-1.780235837034215729e+00,1.542000000000000037e+00
1.414851104460989939e+00,8.044570891139844804e+00,-1.675516081914556032e+00,1.742000000000000215e+00
1.777033269865526677e+00,9.748504011618134513e+00,-1.780235837034215729e+00,1.941999999999999948e+00
1.980027545531308775e+00,1.167986553242332093e+01,-1.675516081914556032e+00,1.327372088375312620e+00
2.256003720769720111e+00,1.297823135594865462e+01,-1.780235837034215729e+00,6.063316977093238247e-01
2.443370519590114309e+00,1.355488706809141064e+01,-1.884955592153875426e+00,5.072475842498529452e-01
2.548833222494724993e+00,1.405105007560342401e+01,-1.780235837034215729e+00,4.552745950421557275e-01
2.689520809469923002e+00,1.448404194592190386e+01,-1.884955592153875426e+00,5.420000000000000373e-01
2.802208945893148062e+00,1.501419794551962639e+01,-1.780235837034215729e+00,6.682676501632067723e-01
2.872061936416193451e+00,1.567880475557324083e+01,-1.675516081914556032e+00,6.449386365926403908e-01
3.006152218823869848e+00,1.630964993557686427e+01,-1.780235837034215729e+00,7.419999999999999929e-01
3.083712338568468603e+00,1.704758518194012140e+01,-1.675516081914556032e+00,6.449386365926403908e-01
3.089058823627154116e+00,1.759133070115543163e+01,-1.578608576694589427e+00,3.737821063276354216e-01
