-1.424999999999991829e+00,-4.291705879566620752e-15,0.000000000000000000e+00,1.030061301782110084e+00
-4.005814818061368410e-01,1.076707249467583200e-01,1.047197551196597798e-01,1.350318915758459193e+00
9.202297258684737358e-01,3.884178138653031076e-01,2.094395102393195596e-01,2.342000000000000526e+00
3.147604087031723896e+00,1.112135614691430074e+00,3.141592653589793116e-01,3.028999999999999915e+00
5.914733278231161684e+00,2.344140906568028537e+00,4.188790204786391191e-01,2.690332962798263061e+00
8.244629968653113039e+00,3.689307387967160068e+00,5.235987755982989267e-01,1.261482700948640234e+00
9.397051759999463627e+00,4.202398627049203306e+00,4.188790204786391191e-01,1.044379604162864128e+00
1.039031578802430822e+01,4.525129673314109091e+00,3.141592653589793116e-01,4.552745950421557275e-01
1.083564154083984832e+01,4.619786584155693987e+00,2.094395102393195318e-01,3.420000000000000817e-01
1.117576802905579747e+01,4.655535318593231331e+00,1.047197551196597520e-01,3.562135623730950940e-01
1.153198159142889168e+01,4.655535318593231331e+00,-2.775557561562891351e-17,4.651546211727817237e-01
1.199458804691695768e+01,4.606913420860192510e+00,-1.047197551196598075e-01,5.972945357246848275e-01
1.257883026396747006e+01,4.482728904021464622e+00,-2.094395102393195873e-01,1.051502310972898924e+00
1.336024876534450101e+01,3.779136525092428478e+00,-7.330382858376184307e-01,2.082063693621516443e+00
1.357788368366413323e+01,5.849794455950366512e+00,-1.675516081914556477e+00,1.003552812808830241e+00
1.378653404580013664e+01,6.831417232008985430e+00,-1.780235837034216173e+00,6.508007490635061565e-01
1.398764253721270556e+01,7.450365525215600471e+00,-1.884955592153875870e+00,6.183054614240210967e-01
1.411619547113922835e+01,8.055159528828115256e+00,-1.780235837034216173e+00,5.575494421403510703e-01
1.428848772396486844e+01,8.585420558932423063e+00,-1.884955592153875870e+00,6.420000000000001261e-01
1.442196702946987052e+01,9.213391318603527225e+00,-1.780235837034216173e+00,6.682676501632067723e-01
1.469126906125980270e+01,1.000556348654157723e+01,4.382049546664879003e+00,6.449386365926403908e-01
