-1.424999999999996048e+00,-4.884981308350688778e-15,0.000000000000000000e+00,1.915213749463701154e+00
3.964765165255306201e-01,-5.918335964448513398e-01,-3.141592653589793116e-01,1.295720459187964080e+00
1.663882374901942685e+00,-8.612290279417844641e-01,-2.094395102393195318e-01,1.250679276123039196e+00
2.853349050254064601e+00,-1.247710178776360923e+00,-3.141592653589793116e-01,8.420000000000000817e-01
3.622554325589134372e+00,-1.590182432246184607e+00,-4.188790204786391191e-01,6.884249196572980178e-01
4.218747794610615998e+00,-1.934394892074833727e+00,-5.235987755982989267e-01,7.111806012954131617e-01
4.868443602487574573e+00,-2.223658102466359310e+00,-4.188790204786391191e-01,9.938284528683192232e-01
5.813630628667520561e+00,-2.530767983896031303e+00,-3.141592653589793116e-01,1.673300056749532638e+00
7.450365064484816280e+00,-2.878666627940279277e+00,-2.094395102393195318e-01,1.625281572999748070e+00
6.495048525052851573e+00,-4.193547041141522769e+00,9.424777960769380458e-01,1.204741699796952448e+00
6.122762865983432334e+00,-5.339324485185914071e+00,1.256637061435917246e+00,6.624650534085254616e-01
5.853314054005017475e+00,-5.944516425574235541e+00,1.151917306316257550e+00,4.976349186104045419e-01
5.604496594699814871e+00,-6.375480906901047184e+00,1.047197551196597853e+00,4.184823060233400227e-01
5.399877625704657014e+00,-6.834720567436351146e+00,8.854334181596587028e-01,3.021470508735444316e-01
