-1.424999999999997158e+00,8.725608443924874129e-17,0.000000000000000000e+00,2.266154027718932262e+00
8.287397988434817009e-01,-2.368775980452632879e-01,-1.047197551196597798e-01,1.030061301782110084e+00
1.858801100625591785e+00,-2.368775980452632879e-01,0.000000000000000000e+00,9.419999999999999485e-01
2.795640726062504910e+00,-1.384117856471337171e-01,1.047197551196597798e-01,1.063320343559642778e+00
3.835724968926815137e+00,8.266494486327236046e-02,2.094395102393195596e-01,1.449987240796890786e+00
5.214744782831528092e+00,5.307356438963506395e-01,3.141592653589793116e-01,1.894964612046680097e+00
4.629168513969974086e+00,-1.271482798539361969e+00,1.256637061435917246e+00,9.544611797498110395e-01
4.430724876268277157e+00,-2.205086711505197083e+00,1.361356816555576943e+00,5.544515496597097748e-01
4.372768907825978602e+00,-2.756500917562648034e+00,1.466076571675236639e+00,4.419999999999999485e-01
4.372768907825978602e+00,-3.198500917562648205e+00,1.570796326794896336e+00,4.552745950421557275e-01
4.420358061610538236e+00,-3.651281470736996049e+00,1.675516081914556032e+00,3.980219778561036037e-01
4.503111484009229670e+00,-4.040605713416267619e+00,1.780235837034215729e+00,4.419999999999999485e-01
4.549313064773532034e+00,-4.480184391169044211e+00,1.675516081914556032e+00,4.552745950421557275e-01
4.643969975615116930e+00,-4.925510143984583422e+00,1.780235837034215729e+00,6.420000000000001261e-01
4.711077249032950220e+00,-5.563993200811014894e+00,1.675516081914556032e+00,6.420000000000001261e-01
4.700000762939453125e+00,-6.224999237060547586e+00,1.570796326794896558e+00,6.420000000000001261e-01
