-1.424999999999999822e+00,6.938893903907228378e-18,0.000000000000000000e+00,1.261482700948640234e+00
-1.704278332782693806e-01,-1.318608481688902379e-01,-1.047197551196597798e-01,1.250679276123039196e+00
1.080251442844769594e+00,-1.318608481688902379e-01,0.000000000000000000e+00,1.242000000000000215e+00
2.315447636892165484e+00,-2.036496790464609186e-03,1.047197551196597798e-01,1.198102834535695438e+00
3.487369049925627351e+00,2.470630893114019733e-01,2.094395102393195596e-01,8.420000000000000817e-01
2.992453867495364683e+00,-4.341292199523039130e-01,9.424777960769379348e-01,1.542000000000000037e+00
2.831270977136642664e+00,-1.967681982610181457e+00,1.466076571675236639e+00,1.198102834535695438e+00
2.831270977136642664e+00,-3.165784817145876673e+00,1.570796326794896336e+00,1.042000000000000037e+00
2.940189635861537365e+00,-4.202076632119617017e+00,1.675516081914556032e+00,9.419999999999999485e-01
2.940189635861536921e+00,-5.144076632119617187e+00,1.570796326794896336e+00,9.419999999999999485e-01
3.038655448259666159e+00,-6.080916257556530979e+00,1.675516081914556032e+00,7.419999999999999929e-01
3.108230022200626497e+00,-6.410462932920432344e+00,1.535375352190461173e+00,6.420000000000001261e-01
