0.000000000000000000e+00,1.471042633056640625e-03,0.000000000000000000e+00,1.000000000000000000e+00
1.000000000000000000e+00,3.544092178344726562e-03,0.000000000000000000e+00,2.000000000000000000e+00
2.000000000000000000e+00,5.285978317260742188e-03,0.000000000000000000e+00,1.000000000000000000e+00
3.000000000000000000e+00,7.822036743164062500e-03,0.000000000000000000e+00,3.000000000000000000e+00
4.000000000000000000e+00,9.757995605468750000e-03,0.000000000000000000e+00,2.000000000000000000e+00
5.000000000000000000e+00,1.067304611206054688e-02,0.000000000000000000e+00,3.000000000000000000e+00
6.000000000000000000e+00,1.303219795227050781e-02,0.000000000000000000e+00,3.000000000000000000e+00
7.000000000000000000e+00,1.525115966796875000e-02,0.000000000000000000e+00,4.000000000000000000e+00
8.000000000000000000e+00,1.710700988769531250e-02,0.000000000000000000e+00,4.000000000000000000e+00
9.000000000000000000e+00,1.949000358581542969e-02,0.000000000000000000e+00,5.000000000000000000e+00
1.000000000000000000e+01,2.199411392211914062e-02,0.000000000000000000e+00,5.000000000000000000e+00
1.100000000000000000e+01,2.388620376586914062e-02,0.000000000000000000e+00,6.000000000000000000e+00
1.200000000000000000e+01,2.578115463256835938e-02,0.000000000000000000e+00,6.000000000000000000e+00
1.300000000000000000e+01,2.809500694274902344e-02,0.000000000000000000e+00,7.000000000000000000e+00
1.400000000000000000e+01,3.013014793395996094e-02,0.000000000000000000e+00,7.000000000000000000e+00
1.500000000000000000e+01,3.125715255737304688e-02,0.000000000000000000e+00,7.000000000000000000e+00
1.600000000000000000e+01,3.301715850830078125e-02,0.000000000000000000e+00,8.000000000000000000e+00
1.700000000000000000e+01,3.529119491577148438e-02,2.108994371308022409e+01,8.000000000000000000e+00
1.800000000000000000e+01,3.672909736633300781e-02,2.108994371308022409e+01,8.000000000000000000e+00
1.900000000000000000e+01,3.755712509155273438e-02,2.108994371308022409e+01,6.000000000000000000e+00
2.000000000000000000e+01,3.824520111083984375e-02,2.108994371308022409e+01,8.000000000000000000e+00
2.100000000000000000e+01,3.925514221191406250e-02,2.108994371308022409e+01,6.000000000000000000e+00
2.200000000000000000e+01,4.078817367553710938e-02,1.958293727108260995e+01,9.000000000000000000e+00
2.300000000000000000e+01,4.149913787841796875e-02,1.958293727108260995e+01,4.000000000000000000e+00
2.400000000000000000e+01,4.224801063537597656e-02,1.958293727108260995e+01,7.000000000000000000e+00
2.500000000000000000e+01,4.301714897155761719e-02,1.958293727108260995e+01,4.000000000000000000e+00
2.600000000000000000e+01,4.379606246948242188e-02,1.958293727108260995e+01,7.000000000000000000e+00
2.700000000000000000e+01,4.456520080566406250e-02,1.958293727108260995e+01,4.000000000000000000e+00
2.800000000000000000e+01,4.530501365661621094e-02,1.958293727108260995e+01,7.000000000000000000e+00
2.900000000000000000e+01,4.625511169433593750e-02,1.958293727108260995e+01,4.000000000000000000e+00
3.000000000000000000e+01,4.717111587524414062e-02,1.958293727108260995e+01,7.000000000000000000e+00
3.100000000000000000e+01,4.793500900268554688e-02,1.958293727108260995e+01,4.000000000000000000e+00
3.200000000000000000e+01,4.886817932128906250e-02,1.958293727108260995e+01,7.000000000000000000e+00
3.300000000000000000e+01,4.992914199829101562e-02,1.958293727108260995e+01,4.000000000000000000e+00
3.400000000000000000e+01,5.077004432678222656e-02,1.958293727108260995e+01,7.000000000000000000e+00
3.500000000000000000e+01,5.173206329345703125e-02,1.958293727108260995e+01,4.000000000000000000e+00
3.600000000000000000e+01,5.258512496948242188e-02,1.958293727108260995e+01,7.000000000000000000e+00
3.700000000000000000e+01,5.375814437866210938e-02,1.958293727108260995e+01,4.000000000000000000e+00
3.800000000000000000e+01,5.461502075195312500e-02,1.958293727108260995e+01,7.000000000000000000e+00
3.900000000000000000e+01,5.599904060363769531e-02,1.958293727108260995e+01,4.000000000000000000e+00
4.000000000000000000e+01,5.895113945007324219e-02,1.958293727108260995e+01,8.000000000000000000e+00
4.100000000000000000e+01,5.940699577331542969e-02,1.958293727108260995e+01,4.000000000000000000e+00
4.200000000000000000e+01,6.060910224914550781e-02,1.958293727108260995e+01,8.000000000000000000e+00
4.300000000000000000e+01,6.113004684448242188e-02,1.958293727108260995e+01,4.000000000000000000e+00
4.400000000000000000e+01,6.374502182006835938e-02,1.958293727108260995e+01,9.000000000000000000e+00
4.500000000000000000e+01,6.426501274108886719e-02,1.958293727108260995e+01,4.000000000000000000e+00
4.600000000000000000e+01,6.626009941101074219e-02,1.958293727108260995e+01,1.000000000000000000e+01
4.700000000000000000e+01,6.690120697021484375e-02,1.958293727108260995e+01,4.000000000000000000e+00
4.800000000000000000e+01,6.925916671752929688e-02,1.958293727108260995e+01,1.100000000000000000e+01
4.900000000000000000e+01,6.977319717407226562e-02,1.958293727108260995e+01,4.000000000000000000e+00
5.000000000000000000e+01,7.244300842285156250e-02,1.958293727108260995e+01,1.200000000000000000e+01
5.100000000000000000e+01,7.366704940795898438e-02,1.958293727108260995e+01,4.000000000000000000e+00
5.200000000000000000e+01,7.615399360656738281e-02,1.958293727108260995e+01,1.300000000000000000e+01
5.300000000000000000e+01,7.674908638000488281e-02,1.958293727108260995e+01,4.000000000000000000e+00
5.400000000000000000e+01,7.899999618530273438e-02,1.958293727108260995e+01,1.400000000000000000e+01
5.500000000000000000e+01,8.069920539855957031e-02,1.958293727108260995e+01,5.000000000000000000e+00
5.600000000000000000e+01,8.137106895446777344e-02,1.958293727108260995e+01,1.400000000000000000e+01
5.700000000000000000e+01,8.302807807922363281e-02,1.958293727108260995e+01,6.000000000000000000e+00
5.800000000000000000e+01,8.391904830932617188e-02,1.958293727108260995e+01,1.400000000000000000e+01
5.900000000000000000e+01,8.564519882202148438e-02,1.958293727108260995e+01,7.000000000000000000e+00
6.000000000000000000e+01,8.641719818115234375e-02,1.958293727108260995e+01,1.400000000000000000e+01
6.100000000000000000e+01,8.721709251403808594e-02,1.958293727108260995e+01,7.000000000000000000e+00
6.200000000000000000e+01,8.799600601196289062e-02,1.958293727108260995e+01,1.400000000000000000e+01
6.300000000000000000e+01,8.881616592407226562e-02,1.958293727108260995e+01,7.000000000000000000e+00
6.400000000000000000e+01,8.961009979248046875e-02,1.958293727108260995e+01,1.400000000000000000e+01
6.500000000000000000e+01,9.032917022705078125e-02,1.958293727108260995e+01,7.000000000000000000e+00
6.600000000000000000e+01,9.130311012268066406e-02,1.958293727108260995e+01,1.400000000000000000e+01
6.700000000000000000e+01,9.202408790588378906e-02,1.958293727108260995e+01,7.000000000000000000e+00
6.800000000000000000e+01,9.302902221679687500e-02,1.958293727108260995e+01,1.400000000000000000e+01
6.900000000000000000e+01,9.483718872070312500e-02,1.958293727108260995e+01,7.000000000000000000e+00
7.000000000000000000e+01,9.596920013427734375e-02,1.958293727108260995e+01,1.400000000000000000e+01
7.100000000000000000e+01,9.757304191589355469e-02,1.958293727108260995e+01,7.000000000000000000e+00
7.200000000000000000e+01,9.855103492736816406e-02,1.958293727108260995e+01,1.400000000000000000e+01
7.300000000000000000e+01,9.975600242614746094e-02,1.958293727108260995e+01,7.000000000000000000e+00
7.400000000000000000e+01,1.007900238037109375e-01,1.958293727108260995e+01,1.400000000000000000e+01
7.500000000000000000e+01,1.022000312805175781e-01,1.958293727108260995e+01,7.000000000000000000e+00
7.600000000000000000e+01,1.031360626220703125e-01,1.958293727108260995e+01,1.400000000000000000e+01
7.700000000000000000e+01,1.049950122833251953e-01,1.958293727108260995e+01,7.000000000000000000e+00
7.800000000000000000e+01,1.059510707855224609e-01,1.958293727108260995e+01,1.400000000000000000e+01
7.900000000000000000e+01,1.071720123291015625e-01,1.958293727108260995e+01,7.000000000000000000e+00
8.000000000000000000e+01,1.085569858551025391e-01,1.958293727108260995e+01,1.400000000000000000e+01
8.100000000000000000e+01,1.120691299438476562e-01,1.958293727108260995e+01,8.000000000000000000e+00
8.200000000000000000e+01,1.176681518554687500e-01,1.958293727108260995e+01,1.500000000000000000e+01
8.300000000000000000e+01,1.181900501251220703e-01,1.958293727108260995e+01,8.000000000000000000e+00
8.400000000000000000e+01,1.222310066223144531e-01,1.958293727108260995e+01,1.600000000000000000e+01
8.500000000000000000e+01,1.234071254730224609e-01,1.958293727108260995e+01,8.000000000000000000e+00
8.600000000000000000e+01,1.273941993713378906e-01,1.958293727108260995e+01,1.700000000000000000e+01
8.700000000000000000e+01,1.281590461730957031e-01,1.958293727108260995e+01,8.000000000000000000e+00
8.800000000000000000e+01,1.319651603698730469e-01,1.958293727108260995e+01,1.800000000000000000e+01
8.900000000000000000e+01,1.326200962066650391e-01,1.958293727108260995e+01,8.000000000000000000e+00
9.000000000000000000e+01,1.368141174316406250e-01,1.958293727108260995e+01,1.900000000000000000e+01
9.100000000000000000e+01,1.394400596618652344e-01,1.958293727108260995e+01,9.000000000000000000e+00
9.200000000000000000e+01,1.417901515960693359e-01,1.958293727108260995e+01,2.000000000000000000e+01
9.300000000000000000e+01,1.426010131835937500e-01,1.958293727108260995e+01,9.000000000000000000e+00
9.400000000000000000e+01,1.458861827850341797e-01,1.958293727108260995e+01,2.100000000000000000e+01
9.500000000000000000e+01,1.465971469879150391e-01,1.958293727108260995e+01,9.000000000000000000e+00
9.600000000000000000e+01,1.474800109863281250e-01,1.958293727108260995e+01,2.100000000000000000e+01
9.700000000000000000e+01,1.481280326843261719e-01,1.958293727108260995e+01,9.000000000000000000e+00
9.800000000000000000e+01,1.490111351013183594e-01,1.958293727108260995e+01,2.100000000000000000e+01
9.900000000000000000e+01,1.498410701751708984e-01,1.958293727108260995e+01,9.000000000000000000e+00
1.000000000000000000e+02,1.507830619812011719e-01,1.958293727108260995e+01,2.100000000000000000e+01
1.010000000000000000e+02,1.516640186309814453e-01,1.958293727108260995e+01,9.000000000000000000e+00
1.020000000000000000e+02,1.527421474456787109e-01,1.958293727108260995e+01,2.100000000000000000e+01
1.030000000000000000e+02,1.537361145019531250e-01,1.958293727108260995e+01,9.000000000000000000e+00
1.040000000000000000e+02,1.547360420227050781e-01,1.958293727108260995e+01,2.100000000000000000e+01
1.050000000000000000e+02,1.556720733642578125e-01,1.958293727108260995e+01,9.000000000000000000e+00
1.060000000000000000e+02,1.568272113800048828e-01,1.958293727108260995e+01,2.100000000000000000e+01
1.070000000000000000e+02,1.577420234680175781e-01,1.958293727108260995e+01,9.000000000000000000e+00
1.080000000000000000e+02,1.587390899658203125e-01,1.958293727108260995e+01,2.100000000000000000e+01
1.090000000000000000e+02,1.600720882415771484e-01,1.958293727108260995e+01,9.000000000000000000e+00
1.100000000000000000e+02,1.611070632934570312e-01,1.958293727108260995e+01,2.100000000000000000e+01
1.110000000000000000e+02,1.624400615692138672e-01,1.958293727108260995e+01,9.000000000000000000e+00
1.120000000000000000e+02,1.634562015533447266e-01,1.958293727108260995e+01,2.100000000000000000e+01
1.130000000000000000e+02,1.648151874542236328e-01,1.958293727108260995e+01,9.000000000000000000e+00
1.140000000000000000e+02,1.658930778503417969e-01,1.958293727108260995e+01,2.100000000000000000e+01
1.150000000000000000e+02,1.669301986694335938e-01,1.958293727108260995e+01,9.000000000000000000e+00
1.160000000000000000e+02,1.680140495300292969e-01,1.958293727108260995e+01,2.100000000000000000e+01
1.170000000000000000e+02,1.702191829681396484e-01,1.958293727108260995e+01,9.000000000000000000e+00
1.180000000000000000e+02,1.714069843292236328e-01,1.958293727108260995e+01,2.100000000000000000e+01
1.190000000000000000e+02,1.726830005645751953e-01,1.958293727108260995e+01,9.000000000000000000e+00
1.200000000000000000e+02,1.792590618133544922e-01,1.958293727108260995e+01,2.200000000000000000e+01
1.210000000000000000e+02,1.797370910644531250e-01,1.958293727108260995e+01,9.000000000000000000e+00
1.220000000000000000e+02,1.841840744018554688e-01,1.958293727108260995e+01,2.300000000000000000e+01
1.230000000000000000e+02,1.875951290130615234e-01,1.958293727108260995e+01,1.000000000000000000e+01
1.240000000000000000e+02,1.883921623229980469e-01,1.958293727108260995e+01,2.300000000000000000e+01
1.250000000000000000e+02,1.914219856262207031e-01,1.958293727108260995e+01,1.100000000000000000e+01
1.260000000000000000e+02,1.921350955963134766e-01,1.958293727108260995e+01,2.300000000000000000e+01
1.270000000000000000e+02,1.926860809326171875e-01,1.958293727108260995e+01,1.100000000000000000e+01
1.280000000000000000e+02,1.939511299133300781e-01,1.958293727108260995e+01,2.300000000000000000e+01
1.290000000000000000e+02,1.946740150451660156e-01,1.958293727108260995e+01,1.100000000000000000e+01
1.300000000000000000e+02,1.983780860900878906e-01,1.958293727108260995e+01,2.400000000000000000e+01
1.310000000000000000e+02,1.991372108459472656e-01,1.958293727108260995e+01,1.100000000000000000e+01
1.320000000000000000e+02,1.997160911560058594e-01,1.958293727108260995e+01,2.400000000000000000e+01
1.330000000000000000e+02,2.004051208496093750e-01,1.958293727108260995e+01,1.100000000000000000e+01
1.340000000000000000e+02,2.021830081939697266e-01,1.958293727108260995e+01,2.500000000000000000e+01
1.350000000000000000e+02,2.028870582580566406e-01,1.958293727108260995e+01,1.100000000000000000e+01
1.360000000000000000e+02,2.036709785461425781e-01,1.958293727108260995e+01,2.500000000000000000e+01
1.370000000000000000e+02,2.052361965179443359e-01,1.958293727108260995e+01,1.200000000000000000e+01
1.380000000000000000e+02,2.062551975250244141e-01,1.958293727108260995e+01,2.500000000000000000e+01
1.390000000000000000e+02,2.078440189361572266e-01,1.958293727108260995e+01,1.300000000000000000e+01
1.400000000000000000e+02,2.087171077728271484e-01,1.958293727108260995e+01,2.500000000000000000e+01
1.410000000000000000e+02,2.094922065734863281e-01,1.958293727108260995e+01,1.300000000000000000e+01
1.420000000000000000e+02,2.104489803314208984e-01,1.958293727108260995e+01,2.500000000000000000e+01
1.430000000000000000e+02,2.112631797790527344e-01,1.958293727108260995e+01,1.300000000000000000e+01
1.440000000000000000e+02,2.122180461883544922e-01,1.958293727108260995e+01,2.500000000000000000e+01
1.450000000000000000e+02,2.130520343780517578e-01,1.958293727108260995e+01,1.300000000000000000e+01
1.460000000000000000e+02,2.140522003173828125e-01,1.958293727108260995e+01,2.500000000000000000e+01
1.470000000000000000e+02,2.149801254272460938e-01,1.958293727108260995e+01,1.300000000000000000e+01
1.480000000000000000e+02,2.159800529479980469e-01,1.958293727108260995e+01,2.500000000000000000e+01
1.490000000000000000e+02,2.172291278839111328e-01,1.958293727108260995e+01,1.300000000000000000e+01
1.500000000000000000e+02,2.182409763336181641e-01,1.958293727108260995e+01,2.500000000000000000e+01
1.510000000000000000e+02,2.195301055908203125e-01,1.958293727108260995e+01,1.300000000000000000e+01
1.520000000000000000e+02,2.206680774688720703e-01,1.958293727108260995e+01,2.500000000000000000e+01
1.530000000000000000e+02,2.215712070465087891e-01,1.958293727108260995e+01,1.300000000000000000e+01
1.540000000000000000e+02,2.226090431213378906e-01,1.958293727108260995e+01,2.500000000000000000e+01
1.550000000000000000e+02,2.239151000976562500e-01,1.958293727108260995e+01,1.300000000000000000e+01
1.560000000000000000e+02,2.249910831451416016e-01,1.958293727108260995e+01,2.500000000000000000e+01
1.570000000000000000e+02,2.261531352996826172e-01,1.958293727108260995e+01,1.300000000000000000e+01
1.580000000000000000e+02,2.273499965667724609e-01,1.958293727108260995e+01,2.500000000000000000e+01
1.590000000000000000e+02,2.282910346984863281e-01,1.958293727108260995e+01,1.300000000000000000e+01
1.600000000000000000e+02,2.345070838928222656e-01,1.958293727108260995e+01,2.600000000000000000e+01
1.610000000000000000e+02,2.350361347198486328e-01,1.958293727108260995e+01,1.300000000000000000e+01
1.620000000000000000e+02,2.416350841522216797e-01,1.958293727108260995e+01,2.700000000000000000e+01
1.630000000000000000e+02,2.423532009124755859e-01,1.958293727108260995e+01,1.300000000000000000e+01
1.640000000000000000e+02,2.487502098083496094e-01,1.958293727108260995e+01,2.800000000000000000e+01
1.650000000000000000e+02,2.496461868286132812e-01,1.958293727108260995e+01,1.300000000000000000e+01
1.660000000000000000e+02,2.503840923309326172e-01,1.958293727108260995e+01,2.800000000000000000e+01
1.670000000000000000e+02,2.537820339202880859e-01,1.958293727108260995e+01,1.400000000000000000e+01
1.680000000000000000e+02,2.597250938415527344e-01,1.958293727108260995e+01,2.900000000000000000e+01
1.690000000000000000e+02,2.605221271514892578e-01,1.958293727108260995e+01,1.400000000000000000e+01
1.700000000000000000e+02,2.617211341857910156e-01,1.958293727108260995e+01,2.900000000000000000e+01
1.710000000000000000e+02,2.625031471252441406e-01,1.958293727108260995e+01,1.400000000000000000e+01
1.720000000000000000e+02,2.667191028594970703e-01,1.951050895848955591e+01,3.000000000000000000e+01
1.730000000000000000e+02,2.673771381378173828e-01,1.951050895848955591e+01,1.300000000000000000e+01
1.740000000000000000e+02,2.681980133056640625e-01,1.951050895848955591e+01,2.800000000000000000e+01
1.750000000000000000e+02,2.688601016998291016e-01,1.951050895848955591e+01,1.300000000000000000e+01
1.760000000000000000e+02,2.694790363311767578e-01,1.951050895848955591e+01,2.800000000000000000e+01
1.770000000000000000e+02,2.721300125122070312e-01,1.928268925264108447e+01,1.400000000000000000e+01
1.780000000000000000e+02,2.733891010284423828e-01,1.928268925264108447e+01,2.800000000000000000e+01
1.790000000000000000e+02,2.742381095886230469e-01,1.928268925264108447e+01,1.200000000000000000e+01
1.800000000000000000e+02,2.752110958099365234e-01,1.928268925264108447e+01,2.800000000000000000e+01
1.810000000000000000e+02,2.758660316467285156e-01,1.928268925264108447e+01,1.200000000000000000e+01
1.820000000000000000e+02,2.767601013183593750e-01,1.928268925264108447e+01,2.800000000000000000e+01
1.830000000000000000e+02,2.776629924774169922e-01,1.928268925264108447e+01,1.200000000000000000e+01
1.840000000000000000e+02,2.787671089172363281e-01,1.928268925264108447e+01,2.800000000000000000e+01
1.850000000000000000e+02,2.796981334686279297e-01,1.928268925264108447e+01,1.200000000000000000e+01
1.860000000000000000e+02,2.808151245117187500e-01,1.928268925264108447e+01,2.800000000000000000e+01
1.870000000000000000e+02,2.817170619964599609e-01,1.928268925264108447e+01,1.200000000000000000e+01
1.880000000000000000e+02,2.831070423126220703e-01,1.928268925264108447e+01,2.800000000000000000e+01
1.890000000000000000e+02,2.839560508728027344e-01,1.928268925264108447e+01,1.200000000000000000e+01
1.900000000000000000e+02,2.849571704864501953e-01,1.928268925264108447e+01,2.800000000000000000e+01
1.910000000000000000e+02,2.866060733795166016e-01,1.928268925264108447e+01,1.200000000000000000e+01
1.920000000000000000e+02,2.876291275024414062e-01,1.928268925264108447e+01,2.800000000000000000e+01
1.930000000000000000e+02,2.895720005035400391e-01,1.928268925264108447e+01,1.200000000000000000e+01
1.940000000000000000e+02,2.906591892242431641e-01,1.928268925264108447e+01,2.800000000000000000e+01
1.950000000000000000e+02,2.918400764465332031e-01,1.928268925264108447e+01,1.200000000000000000e+01
1.960000000000000000e+02,2.930200099945068359e-01,1.928268925264108447e+01,2.800000000000000000e+01
1.970000000000000000e+02,2.939500808715820312e-01,1.928268925264108447e+01,1.200000000000000000e+01
1.980000000000000000e+02,2.951371669769287109e-01,1.928268925264108447e+01,2.800000000000000000e+01
1.990000000000000000e+02,2.960860729217529297e-01,1.928268925264108447e+01,1.200000000000000000e+01
2.000000000000000000e+02,2.968890666961669922e-01,1.928268925264108447e+01,2.800000000000000000e+01
2.010000000000000000e+02,2.974061965942382812e-01,1.928268925264108447e+01,1.200000000000000000e+01
2.020000000000000000e+02,3.001220226287841797e-01,1.928268925264108447e+01,2.900000000000000000e+01
2.030000000000000000e+02,3.010601997375488281e-01,1.928268925264108447e+01,1.200000000000000000e+01
2.040000000000000000e+02,3.066520690917968750e-01,1.928268925264108447e+01,3.000000000000000000e+01
2.050000000000000000e+02,3.076140880584716797e-01,1.928268925264108447e+01,1.200000000000000000e+01
2.060000000000000000e+02,3.125870227813720703e-01,1.928268925264108447e+01,3.100000000000000000e+01
2.070000000000000000e+02,3.133280277252197266e-01,1.928268925264108447e+01,1.200000000000000000e+01
2.080000000000000000e+02,3.189060688018798828e-01,1.928268925264108447e+01,3.200000000000000000e+01
2.090000000000000000e+02,3.195090293884277344e-01,1.928268925264108447e+01,1.200000000000000000e+01
2.100000000000000000e+02,3.244390487670898438e-01,1.928268925264108447e+01,3.300000000000000000e+01
2.110000000000000000e+02,3.275740146636962891e-01,1.928268925264108447e+01,1.300000000000000000e+01
2.120000000000000000e+02,3.316390514373779297e-01,1.928268925264108447e+01,3.400000000000000000e+01
2.130000000000000000e+02,3.325262069702148438e-01,1.928268925264108447e+01,1.300000000000000000e+01
2.140000000000000000e+02,3.330981731414794922e-01,1.928268925264108447e+01,3.400000000000000000e+01
2.150000000000000000e+02,3.357160091400146484e-01,1.928268925264108447e+01,1.400000000000000000e+01
2.160000000000000000e+02,3.363530635833740234e-01,1.928268925264108447e+01,3.400000000000000000e+01
2.170000000000000000e+02,3.370690345764160156e-01,1.928268925264108447e+01,1.400000000000000000e+01
2.180000000000000000e+02,3.379740715026855469e-01,1.928268925264108447e+01,3.400000000000000000e+01
2.190000000000000000e+02,3.386301994323730469e-01,1.928268925264108447e+01,1.400000000000000000e+01
2.200000000000000000e+02,3.394072055816650391e-01,1.928268925264108447e+01,3.400000000000000000e+01
2.210000000000000000e+02,3.404450416564941406e-01,1.928268925264108447e+01,1.400000000000000000e+01
2.220000000000000000e+02,3.414490222930908203e-01,1.928268925264108447e+01,3.400000000000000000e+01
2.230000000000000000e+02,3.422870635986328125e-01,1.928268925264108447e+01,1.400000000000000000e+01
2.240000000000000000e+02,3.433301448822021484e-01,1.928268925264108447e+01,3.400000000000000000e+01
2.250000000000000000e+02,3.441340923309326172e-01,1.928268925264108447e+01,1.400000000000000000e+01
2.260000000000000000e+02,3.453180789947509766e-01,1.928268925264108447e+01,3.400000000000000000e+01
2.270000000000000000e+02,3.462400436401367188e-01,1.928268925264108447e+01,1.400000000000000000e+01
2.280000000000000000e+02,3.474481105804443359e-01,1.928268925264108447e+01,3.400000000000000000e+01
2.290000000000000000e+02,3.483781814575195312e-01,1.928268925264108447e+01,1.400000000000000000e+01
2.300000000000000000e+02,3.497409820556640625e-01,1.928268925264108447e+01,3.400000000000000000e+01
2.310000000000000000e+02,3.505640029907226562e-01,1.928268925264108447e+01,1.400000000000000000e+01
2.320000000000000000e+02,3.522281646728515625e-01,1.928268925264108447e+01,3.400000000000000000e+01
2.330000000000000000e+02,3.535490036010742188e-01,1.928268925264108447e+01,1.400000000000000000e+01
2.340000000000000000e+02,3.555622100830078125e-01,1.928268925264108447e+01,3.400000000000000000e+01
2.350000000000000000e+02,3.570041656494140625e-01,1.928268925264108447e+01,1.400000000000000000e+01
2.360000000000000000e+02,3.581950664520263672e-01,1.928268925264108447e+01,3.400000000000000000e+01
2.370000000000000000e+02,3.598020076751708984e-01,1.928268925264108447e+01,1.400000000000000000e+01
2.380000000000000000e+02,3.609871864318847656e-01,1.928268925264108447e+01,3.400000000000000000e+01
2.390000000000000000e+02,3.620810508728027344e-01,1.928268925264108447e+01,1.400000000000000000e+01
2.400000000000000000e+02,3.639130592346191406e-01,1.928268925264108447e+01,3.400000000000000000e+01
2.410000000000000000e+02,3.647100925445556641e-01,1.928268925264108447e+01,1.400000000000000000e+01
2.420000000000000000e+02,3.732240200042724609e-01,1.928268925264108447e+01,3.500000000000000000e+01
2.430000000000000000e+02,3.739321231842041016e-01,1.928268925264108447e+01,1.400000000000000000e+01
2.440000000000000000e+02,3.745131492614746094e-01,1.928268925264108447e+01,3.500000000000000000e+01
2.450000000000000000e+02,3.788130283355712891e-01,1.928268925264108447e+01,1.500000000000000000e+01
2.460000000000000000e+02,3.823261260986328125e-01,1.928268925264108447e+01,3.600000000000000000e+01
2.470000000000000000e+02,3.830192089080810547e-01,1.928268925264108447e+01,1.500000000000000000e+01
2.480000000000000000e+02,3.841810226440429688e-01,1.928268925264108447e+01,3.600000000000000000e+01
2.490000000000000000e+02,3.848750591278076172e-01,1.928268925264108447e+01,1.500000000000000000e+01
2.500000000000000000e+02,3.858191967010498047e-01,1.928268925264108447e+01,3.600000000000000000e+01
2.510000000000000000e+02,3.867230415344238281e-01,1.928268925264108447e+01,1.500000000000000000e+01
2.520000000000000000e+02,3.904180526733398438e-01,1.928268925264108447e+01,3.700000000000000000e+01
2.530000000000000000e+02,3.934760093688964844e-01,1.928268925264108447e+01,1.600000000000000000e+01
2.540000000000000000e+02,3.944010734558105469e-01,1.928268925264108447e+01,3.700000000000000000e+01
2.550000000000000000e+02,3.951270580291748047e-01,1.928268925264108447e+01,1.600000000000000000e+01
2.560000000000000000e+02,3.959341049194335938e-01,1.928268925264108447e+01,3.700000000000000000e+01
2.570000000000000000e+02,3.968219757080078125e-01,1.928268925264108447e+01,1.600000000000000000e+01
2.580000000000000000e+02,3.978981971740722656e-01,1.928268925264108447e+01,3.700000000000000000e+01
2.590000000000000000e+02,3.987240791320800781e-01,1.928268925264108447e+01,1.600000000000000000e+01
2.600000000000000000e+02,3.998382091522216797e-01,1.928268925264108447e+01,3.700000000000000000e+01
2.610000000000000000e+02,4.005451202392578125e-01,1.928268925264108447e+01,1.600000000000000000e+01
2.620000000000000000e+02,4.016070365905761719e-01,1.928268925264108447e+01,3.700000000000000000e+01
2.630000000000000000e+02,4.026021957397460938e-01,1.928268925264108447e+01,1.600000000000000000e+01
2.640000000000000000e+02,4.036951065063476562e-01,1.928268925264108447e+01,3.700000000000000000e+01
2.650000000000000000e+02,4.047009944915771484e-01,1.928268925264108447e+01,1.600000000000000000e+01
2.660000000000000000e+02,4.058971405029296875e-01,1.928268925264108447e+01,3.700000000000000000e+01
2.670000000000000000e+02,4.068210124969482422e-01,1.928268925264108447e+01,1.600000000000000000e+01
2.680000000000000000e+02,4.081530570983886719e-01,1.928268925264108447e+01,3.700000000000000000e+01
2.690000000000000000e+02,4.092440605163574219e-01,1.928268925264108447e+01,1.600000000000000000e+01
2.700000000000000000e+02,4.108371734619140625e-01,1.928268925264108447e+01,3.700000000000000000e+01
2.710000000000000000e+02,4.119050502777099609e-01,1.928268925264108447e+01,1.600000000000000000e+01
2.720000000000000000e+02,4.133520126342773438e-01,1.928268925264108447e+01,3.700000000000000000e+01
2.730000000000000000e+02,4.143199920654296875e-01,1.928268925264108447e+01,1.600000000000000000e+01
2.740000000000000000e+02,4.155511856079101562e-01,1.928268925264108447e+01,3.700000000000000000e+01
2.750000000000000000e+02,4.178001880645751953e-01,1.928268925264108447e+01,1.600000000000000000e+01
2.760000000000000000e+02,4.196259975433349609e-01,1.928268925264108447e+01,3.700000000000000000e+01
2.770000000000000000e+02,4.209780693054199219e-01,1.928268925264108447e+01,1.600000000000000000e+01
2.780000000000000000e+02,4.221911430358886719e-01,1.928268925264108447e+01,3.700000000000000000e+01
2.790000000000000000e+02,4.232411384582519531e-01,1.928268925264108447e+01,1.600000000000000000e+01
2.800000000000000000e+02,4.244391918182373047e-01,1.928268925264108447e+01,3.700000000000000000e+01
2.810000000000000000e+02,4.249701499938964844e-01,1.928268925264108447e+01,1.600000000000000000e+01
2.820000000000000000e+02,4.256451129913330078e-01,1.928268925264108447e+01,3.700000000000000000e+01
2.830000000000000000e+02,4.264030456542968750e-01,1.928268925264108447e+01,1.600000000000000000e+01
2.840000000000000000e+02,4.347620010375976562e-01,1.928268925264108447e+01,3.800000000000000000e+01
2.850000000000000000e+02,4.356701374053955078e-01,1.928268925264108447e+01,1.600000000000000000e+01
2.860000000000000000e+02,4.365320205688476562e-01,1.928268925264108447e+01,3.800000000000000000e+01
2.870000000000000000e+02,4.371781349182128906e-01,1.928268925264108447e+01,1.600000000000000000e+01
2.880000000000000000e+02,4.388651847839355469e-01,1.928268925264108447e+01,3.800000000000000000e+01
2.890000000000000000e+02,4.422051906585693359e-01,1.928268925264108447e+01,1.700000000000000000e+01
2.900000000000000000e+02,4.457731246948242188e-01,1.928268925264108447e+01,3.900000000000000000e+01
2.910000000000000000e+02,4.465570449829101562e-01,1.928268925264108447e+01,1.700000000000000000e+01
2.920000000000000000e+02,4.474020004272460938e-01,1.928268925264108447e+01,3.900000000000000000e+01
2.930000000000000000e+02,4.501771926879882812e-01,1.928268925264108447e+01,1.800000000000000000e+01
2.940000000000000000e+02,4.533610343933105469e-01,1.928268925264108447e+01,4.000000000000000000e+01
2.950000000000000000e+02,4.561440944671630859e-01,1.910613447588244185e+01,1.900000000000000000e+01
2.960000000000000000e+02,4.567570686340332031e-01,1.910613447588244185e+01,3.500000000000000000e+01
2.970000000000000000e+02,4.573521614074707031e-01,1.910613447588244185e+01,1.400000000000000000e+01
2.980000000000000000e+02,4.583849906921386719e-01,1.910613447588244185e+01,3.500000000000000000e+01
2.990000000000000000e+02,4.592151641845703125e-01,1.910613447588244185e+01,1.400000000000000000e+01
3.000000000000000000e+02,4.601860046386718750e-01,1.910613447588244185e+01,3.500000000000000000e+01
3.010000000000000000e+02,4.608561992645263672e-01,1.910613447588244185e+01,1.400000000000000000e+01
3.020000000000000000e+02,4.618470668792724609e-01,1.910613447588244185e+01,3.500000000000000000e+01
3.030000000000000000e+02,4.626560211181640625e-01,1.910613447588244185e+01,1.400000000000000000e+01
3.040000000000000000e+02,4.643511772155761719e-01,1.907659065845837176e+01,3.600000000000000000e+01
3.050000000000000000e+02,4.652481079101562500e-01,1.907659065845837176e+01,1.300000000000000000e+01
3.060000000000000000e+02,4.662270545959472656e-01,1.907659065845837176e+01,3.600000000000000000e+01
3.070000000000000000e+02,4.671840667724609375e-01,1.907659065845837176e+01,1.300000000000000000e+01
3.080000000000000000e+02,4.684531688690185547e-01,1.907659065845837176e+01,3.600000000000000000e+01
3.090000000000000000e+02,4.694240093231201172e-01,1.907659065845837176e+01,1.300000000000000000e+01
3.100000000000000000e+02,4.705350399017333984e-01,1.907659065845837176e+01,3.600000000000000000e+01
3.110000000000000000e+02,4.715380668640136719e-01,1.907659065845837176e+01,1.300000000000000000e+01
3.120000000000000000e+02,4.726200103759765625e-01,1.907659065845837176e+01,3.600000000000000000e+01
3.130000000000000000e+02,4.735100269317626953e-01,1.907659065845837176e+01,1.300000000000000000e+01
3.140000000000000000e+02,4.750421047210693359e-01,1.907659065845837176e+01,3.600000000000000000e+01
3.150000000000000000e+02,4.759531021118164062e-01,1.907659065845837176e+01,1.300000000000000000e+01
3.160000000000000000e+02,4.772992134094238281e-01,1.907659065845837176e+01,3.600000000000000000e+01
3.170000000000000000e+02,4.792580604553222656e-01,1.907659065845837176e+01,1.300000000000000000e+01
3.180000000000000000e+02,4.806840419769287109e-01,1.907659065845837176e+01,3.600000000000000000e+01
3.190000000000000000e+02,4.832270145416259766e-01,1.907659065845837176e+01,1.300000000000000000e+01
3.200000000000000000e+02,4.842112064361572266e-01,1.907659065845837176e+01,3.600000000000000000e+01
3.210000000000000000e+02,4.848301410675048828e-01,1.907659065845837176e+01,1.300000000000000000e+01
3.220000000000000000e+02,4.940650463104248047e-01,1.907659065845837176e+01,3.700000000000000000e+01
3.230000000000000000e+02,4.948370456695556641e-01,1.907659065845837176e+01,1.300000000000000000e+01
3.240000000000000000e+02,4.959161281585693359e-01,1.907659065845837176e+01,3.700000000000000000e+01
3.250000000000000000e+02,4.965879917144775391e-01,1.907659065845837176e+01,1.300000000000000000e+01
3.260000000000000000e+02,5.040781497955322266e-01,1.907659065845837176e+01,3.800000000000000000e+01
3.270000000000000000e+02,5.048100948333740234e-01,1.907659065845837176e+01,1.300000000000000000e+01
3.280000000000000000e+02,5.055410861968994141e-01,1.907659065845837176e+01,3.800000000000000000e+01
3.290000000000000000e+02,5.083310604095458984e-01,1.907659065845837176e+01,1.400000000000000000e+01
3.300000000000000000e+02,5.091500282287597656e-01,1.907659065845837176e+01,3.800000000000000000e+01
3.310000000000000000e+02,5.100071430206298828e-01,1.907659065845837176e+01,1.400000000000000000e+01
3.320000000000000000e+02,5.105960369110107422e-01,1.907659065845837176e+01,3.800000000000000000e+01
3.330000000000000000e+02,5.127930641174316406e-01,1.907659065845837176e+01,1.500000000000000000e+01
3.340000000000000000e+02,5.134282112121582031e-01,1.907659065845837176e+01,3.800000000000000000e+01
3.350000000000000000e+02,5.141360759735107422e-01,1.907659065845837176e+01,1.500000000000000000e+01
3.360000000000000000e+02,5.172080993652343750e-01,1.907659065845837176e+01,3.900000000000000000e+01
3.370000000000000000e+02,5.180270671844482422e-01,1.907659065845837176e+01,1.500000000000000000e+01
3.380000000000000000e+02,5.193591117858886719e-01,1.907659065845837176e+01,3.900000000000000000e+01
3.390000000000000000e+02,5.200140476226806641e-01,1.907659065845837176e+01,1.500000000000000000e+01
3.400000000000000000e+02,5.210931301116943359e-01,1.907659065845837176e+01,3.900000000000000000e+01
3.410000000000000000e+02,5.217111110687255859e-01,1.907659065845837176e+01,1.500000000000000000e+01
3.420000000000000000e+02,5.227971076965332031e-01,1.907659065845837176e+01,3.900000000000000000e+01
3.430000000000000000e+02,5.237360000610351562e-01,1.907659065845837176e+01,1.500000000000000000e+01
3.440000000000000000e+02,5.248301029205322266e-01,1.907659065845837176e+01,3.900000000000000000e+01
3.450000000000000000e+02,5.261600017547607422e-01,1.907659065845837176e+01,1.500000000000000000e+01
3.460000000000000000e+02,5.272071361541748047e-01,1.907659065845837176e+01,3.900000000000000000e+01
3.470000000000000000e+02,5.282201766967773438e-01,1.907659065845837176e+01,1.500000000000000000e+01
3.480000000000000000e+02,5.298950672149658203e-01,1.907659065845837176e+01,3.900000000000000000e+01
3.490000000000000000e+02,5.309250354766845703e-01,1.907659065845837176e+01,1.500000000000000000e+01
3.500000000000000000e+02,5.320661067962646484e-01,1.907659065845837176e+01,3.900000000000000000e+01
3.510000000000000000e+02,5.329711437225341797e-01,1.907659065845837176e+01,1.500000000000000000e+01
3.520000000000000000e+02,5.343110561370849609e-01,1.907659065845837176e+01,3.900000000000000000e+01
3.530000000000000000e+02,5.352699756622314453e-01,1.907659065845837176e+01,1.500000000000000000e+01
3.540000000000000000e+02,5.364661216735839844e-01,1.907659065845837176e+01,3.900000000000000000e+01
3.550000000000000000e+02,5.383481979370117188e-01,1.907659065845837176e+01,1.500000000000000000e+01
3.560000000000000000e+02,5.396289825439453125e-01,1.907659065845837176e+01,3.900000000000000000e+01
3.570000000000000000e+02,5.411360263824462891e-01,1.907659065845837176e+01,1.500000000000000000e+01
3.580000000000000000e+02,5.423572063446044922e-01,1.907659065845837176e+01,3.900000000000000000e+01
3.590000000000000000e+02,5.437090396881103516e-01,1.907659065845837176e+01,1.500000000000000000e+01
3.600000000000000000e+02,5.463070869445800781e-01,1.907659065845837176e+01,3.900000000000000000e+01
3.610000000000000000e+02,5.470061302185058594e-01,1.907659065845837176e+01,1.500000000000000000e+01
3.620000000000000000e+02,5.486450195312500000e-01,1.907659065845837176e+01,3.900000000000000000e+01
3.630000000000000000e+02,5.493841171264648438e-01,1.907659065845837176e+01,1.500000000000000000e+01
3.640000000000000000e+02,5.580589771270751953e-01,1.907659065845837176e+01,4.000000000000000000e+01
3.650000000000000000e+02,5.588610172271728516e-01,1.907659065845837176e+01,1.500000000000000000e+01
3.660000000000000000e+02,5.638480186462402344e-01,1.907659065845837176e+01,4.100000000000000000e+01
3.670000000000000000e+02,5.680119991302490234e-01,1.907659065845837176e+01,1.600000000000000000e+01
3.680000000000000000e+02,5.718970298767089844e-01,1.907659065845837176e+01,4.200000000000000000e+01
3.690000000000000000e+02,5.729980468750000000e-01,1.907659065845837176e+01,1.600000000000000000e+01
3.700000000000000000e+02,5.750861167907714844e-01,1.907659065845837176e+01,4.200000000000000000e+01
3.710000000000000000e+02,5.756900310516357422e-01,1.907659065845837176e+01,1.600000000000000000e+01
3.720000000000000000e+02,5.789740085601806641e-01,1.907659065845837176e+01,4.300000000000000000e+01
3.730000000000000000e+02,5.797071456909179688e-01,1.907659065845837176e+01,1.600000000000000000e+01
3.740000000000000000e+02,5.834681987762451172e-01,1.907659065845837176e+01,4.400000000000000000e+01
3.750000000000000000e+02,5.841240882873535156e-01,1.907659065845837176e+01,1.600000000000000000e+01
3.760000000000000000e+02,5.851020812988281250e-01,1.907659065845837176e+01,4.400000000000000000e+01
3.770000000000000000e+02,5.858972072601318359e-01,1.907659065845837176e+01,1.600000000000000000e+01
3.780000000000000000e+02,5.870640277862548828e-01,1.907659065845837176e+01,4.400000000000000000e+01
3.790000000000000000e+02,5.878930091857910156e-01,1.907659065845837176e+01,1.600000000000000000e+01
3.800000000000000000e+02,5.886781215667724609e-01,1.907659065845837176e+01,4.400000000000000000e+01
3.810000000000000000e+02,5.895731449127197266e-01,1.907659065845837176e+01,1.600000000000000000e+01
3.820000000000000000e+02,5.908560752868652344e-01,1.907659065845837176e+01,4.400000000000000000e+01
3.830000000000000000e+02,5.922791957855224609e-01,1.907659065845837176e+01,1.600000000000000000e+01
3.840000000000000000e+02,5.935721397399902344e-01,1.907659065845837176e+01,4.400000000000000000e+01
3.850000000000000000e+02,5.946490764617919922e-01,1.907659065845837176e+01,1.600000000000000000e+01
3.860000000000000000e+02,5.958700180053710938e-01,1.907659065845837176e+01,4.400000000000000000e+01
3.870000000000000000e+02,5.967810153961181641e-01,1.907659065845837176e+01,1.600000000000000000e+01
3.880000000000000000e+02,5.979650020599365234e-01,1.907659065845837176e+01,4.400000000000000000e+01
3.890000000000000000e+02,5.989811420440673828e-01,1.907659065845837176e+01,1.600000000000000000e+01
3.900000000000000000e+02,6.006240844726562500e-01,1.907659065845837176e+01,4.400000000000000000e+01
3.910000000000000000e+02,6.016399860382080078e-01,1.907659065845837176e+01,1.600000000000000000e+01
3.920000000000000000e+02,6.033060550689697266e-01,1.907659065845837176e+01,4.400000000000000000e+01
3.930000000000000000e+02,6.043741703033447266e-01,1.907659065845837176e+01,1.600000000000000000e+01
3.940000000000000000e+02,6.056451797485351562e-01,1.907659065845837176e+01,4.400000000000000000e+01
3.950000000000000000e+02,6.069622039794921875e-01,1.907659065845837176e+01,1.600000000000000000e+01
3.960000000000000000e+02,6.083681583404541016e-01,1.907659065845837176e+01,4.400000000000000000e+01
3.970000000000000000e+02,6.096720695495605469e-01,1.907659065845837176e+01,1.600000000000000000e+01
3.980000000000000000e+02,6.110720634460449219e-01,1.907659065845837176e+01,4.400000000000000000e+01
3.990000000000000000e+02,6.130139827728271484e-01,1.907659065845837176e+01,1.600000000000000000e+01
4.000000000000000000e+02,6.135962009429931641e-01,1.907659065845837176e+01,4.400000000000000000e+01
4.010000000000000000e+02,6.141431331634521484e-01,1.907659065845837176e+01,1.600000000000000000e+01
4.020000000000000000e+02,6.249279975891113281e-01,1.907659065845837176e+01,4.500000000000000000e+01
4.030000000000000000e+02,6.256949901580810547e-01,1.907659065845837176e+01,1.600000000000000000e+01
4.040000000000000000e+02,6.268460750579833984e-01,1.907659065845837176e+01,4.500000000000000000e+01
4.050000000000000000e+02,6.274771690368652344e-01,1.907659065845837176e+01,1.600000000000000000e+01
4.060000000000000000e+02,6.359760761260986328e-01,1.907659065845837176e+01,4.600000000000000000e+01
4.070000000000000000e+02,6.369340419769287109e-01,1.907659065845837176e+01,1.600000000000000000e+01
4.080000000000000000e+02,6.439599990844726562e-01,1.907659065845837176e+01,4.700000000000000000e+01
4.090000000000000000e+02,6.445779800415039062e-01,1.907659065845837176e+01,1.600000000000000000e+01
4.100000000000000000e+02,6.469860076904296875e-01,1.907659065845837176e+01,4.800000000000000000e+01
4.110000000000000000e+02,6.480801105499267578e-01,1.907659065845837176e+01,1.600000000000000000e+01
4.120000000000000000e+02,6.529240608215332031e-01,1.907659065845837176e+01,4.900000000000000000e+01
4.130000000000000000e+02,6.535921096801757812e-01,1.907659065845837176e+01,1.600000000000000000e+01
4.140000000000000000e+02,6.575310230255126953e-01,1.907659065845837176e+01,5.000000000000000000e+01
4.150000000000000000e+02,6.583061218261718750e-01,1.907659065845837176e+01,1.600000000000000000e+01
4.160000000000000000e+02,6.590540409088134766e-01,1.907659065845837176e+01,5.000000000000000000e+01
4.170000000000000000e+02,6.598320007324218750e-01,1.907659065845837176e+01,1.600000000000000000e+01
4.180000000000000000e+02,6.611890792846679688e-01,1.907659065845837176e+01,5.000000000000000000e+01
4.190000000000000000e+02,6.620810031890869141e-01,1.907659065845837176e+01,1.600000000000000000e+01
4.200000000000000000e+02,6.633501052856445312e-01,1.907659065845837176e+01,5.000000000000000000e+01
4.210000000000000000e+02,6.647100448608398438e-01,1.907659065845837176e+01,1.600000000000000000e+01
4.220000000000000000e+02,6.661231517791748047e-01,1.907659065845837176e+01,5.000000000000000000e+01
4.230000000000000000e+02,6.673300266265869141e-01,1.907659065845837176e+01,1.600000000000000000e+01
4.240000000000000000e+02,6.685860157012939453e-01,1.907659065845837176e+01,5.000000000000000000e+01
4.250000000000000000e+02,6.695771217346191406e-01,1.907659065845837176e+01,1.600000000000000000e+01
4.260000000000000000e+02,6.710271835327148438e-01,1.907659065845837176e+01,5.000000000000000000e+01
4.270000000000000000e+02,6.720349788665771484e-01,1.907659065845837176e+01,1.600000000000000000e+01
4.280000000000000000e+02,6.733222007751464844e-01,1.907659065845837176e+01,5.000000000000000000e+01
4.290000000000000000e+02,6.745131015777587891e-01,1.907659065845837176e+01,1.600000000000000000e+01
4.300000000000000000e+02,6.761820316314697266e-01,1.907659065845837176e+01,5.000000000000000000e+01
4.310000000000000000e+02,6.771731376647949219e-01,1.907659065845837176e+01,1.600000000000000000e+01
4.320000000000000000e+02,6.784281730651855469e-01,1.907659065845837176e+01,5.000000000000000000e+01
4.330000000000000000e+02,6.795539855957031250e-01,1.907659065845837176e+01,1.600000000000000000e+01
4.340000000000000000e+02,6.808941364288330078e-01,1.907659065845837176e+01,5.000000000000000000e+01
4.350000000000000000e+02,6.829071044921875000e-01,1.907659065845837176e+01,1.600000000000000000e+01
4.360000000000000000e+02,6.844429969787597656e-01,1.907659065845837176e+01,5.000000000000000000e+01
4.370000000000000000e+02,6.856460571289062500e-01,1.907659065845837176e+01,1.600000000000000000e+01
4.380000000000000000e+02,6.870841979980468750e-01,1.907659065845837176e+01,5.000000000000000000e+01
4.390000000000000000e+02,6.887140274047851562e-01,1.907659065845837176e+01,1.600000000000000000e+01
4.400000000000000000e+02,7.001111507415771484e-01,1.907659065845837176e+01,5.100000000000000000e+01
4.410000000000000000e+02,7.006380558013916016e-01,1.907659065845837176e+01,1.600000000000000000e+01
4.420000000000000000e+02,7.019100189208984375e-01,1.907659065845837176e+01,5.100000000000000000e+01
4.430000000000000000e+02,7.026190757751464844e-01,1.907659065845837176e+01,1.600000000000000000e+01
4.440000000000000000e+02,7.032539844512939453e-01,1.907659065845837176e+01,5.100000000000000000e+01
4.450000000000000000e+02,7.039930820465087891e-01,1.907659065845837176e+01,1.600000000000000000e+01
4.460000000000000000e+02,7.152521610260009766e-01,1.907659065845837176e+01,5.200000000000000000e+01
4.470000000000000000e+02,7.158720493316650391e-01,1.907659065845837176e+01,1.600000000000000000e+01
4.480000000000000000e+02,7.165040969848632812e-01,1.907659065845837176e+01,5.200000000000000000e+01
4.490000000000000000e+02,7.172131538391113281e-01,1.907659065845837176e+01,1.600000000000000000e+01
4.500000000000000000e+02,7.182459831237792969e-01,1.907659065845837176e+01,5.200000000000000000e+01
4.510000000000000000e+02,7.189860343933105469e-01,1.907659065845837176e+01,1.600000000000000000e+01
4.520000000000000000e+02,7.242422103881835938e-01,1.907659065845837176e+01,5.300000000000000000e+01
4.530000000000000000e+02,7.265892028808593750e-01,1.907659065845837176e+01,1.700000000000000000e+01
4.540000000000000000e+02,7.275710105895996094e-01,1.907659065845837176e+01,5.300000000000000000e+01
4.550000000000000000e+02,7.284162044525146484e-01,1.907659065845837176e+01,1.700000000000000000e+01
4.560000000000000000e+02,7.295591831207275391e-01,1.907659065845837176e+01,5.300000000000000000e+01
4.570000000000000000e+02,7.303380966186523438e-01,1.907659065845837176e+01,1.700000000000000000e+01
4.580000000000000000e+02,7.311761379241943359e-01,1.907659065845837176e+01,5.300000000000000000e+01
4.590000000000000000e+02,7.319910526275634766e-01,1.907659065845837176e+01,1.700000000000000000e+01
4.600000000000000000e+02,7.329511642456054688e-01,1.907659065845837176e+01,5.300000000000000000e+01
4.610000000000000000e+02,7.337470054626464844e-01,1.907659065845837176e+01,1.700000000000000000e+01
4.620000000000000000e+02,7.349851131439208984e-01,1.907659065845837176e+01,5.300000000000000000e+01
4.630000000000000000e+02,7.360041141510009766e-01,1.907659065845837176e+01,1.700000000000000000e+01
4.640000000000000000e+02,7.372241020202636719e-01,1.907659065845837176e+01,5.300000000000000000e+01
4.650000000000000000e+02,7.381839752197265625e-01,1.907659065845837176e+01,1.700000000000000000e+01
4.660000000000000000e+02,7.394402027130126953e-01,1.907659065845837176e+01,5.300000000000000000e+01
4.670000000000000000e+02,7.404060363769531250e-01,1.907659065845837176e+01,1.700000000000000000e+01
4.680000000000000000e+02,7.419230937957763672e-01,1.907659065845837176e+01,5.300000000000000000e+01
4.690000000000000000e+02,7.431750297546386719e-01,1.907659065845837176e+01,1.700000000000000000e+01
4.700000000000000000e+02,7.445721626281738281e-01,1.907659065845837176e+01,5.300000000000000000e+01
4.710000000000000000e+02,7.455780506134033203e-01,1.907659065845837176e+01,1.700000000000000000e+01
4.720000000000000000e+02,7.474350929260253906e-01,1.907659065845837176e+01,5.300000000000000000e+01
4.730000000000000000e+02,7.486321926116943359e-01,1.907659065845837176e+01,1.700000000000000000e+01
4.740000000000000000e+02,7.500720024108886719e-01,1.907659065845837176e+01,5.300000000000000000e+01
4.750000000000000000e+02,7.510440349578857422e-01,1.907659065845837176e+01,1.700000000000000000e+01
4.760000000000000000e+02,7.523770332336425781e-01,1.907659065845837176e+01,5.300000000000000000e+01
4.770000000000000000e+02,7.533550262451171875e-01,1.907659065845837176e+01,1.700000000000000000e+01
4.780000000000000000e+02,7.547831535339355469e-01,1.907659065845837176e+01,5.300000000000000000e+01
4.790000000000000000e+02,7.559850215911865234e-01,1.907659065845837176e+01,1.700000000000000000e+01
4.800000000000000000e+02,7.690529823303222656e-01,1.907659065845837176e+01,5.400000000000000000e+01
4.810000000000000000e+02,7.697122097015380859e-01,1.907659065845837176e+01,1.700000000000000000e+01
4.820000000000000000e+02,7.704541683197021484e-01,1.907659065845837176e+01,5.400000000000000000e+01
4.830000000000000000e+02,7.710030078887939453e-01,1.907659065845837176e+01,1.700000000000000000e+01
4.840000000000000000e+02,7.720689773559570312e-01,1.907659065845837176e+01,5.400000000000000000e+01
4.850000000000000000e+02,7.726831436157226562e-01,1.907659065845837176e+01,1.700000000000000000e+01
4.860000000000000000e+02,7.840261459350585938e-01,1.907659065845837176e+01,5.500000000000000000e+01
4.870000000000000000e+02,7.848720550537109375e-01,1.907659065845837176e+01,1.700000000000000000e+01
4.880000000000000000e+02,7.859079837799072266e-01,1.907659065845837176e+01,5.500000000000000000e+01
4.890000000000000000e+02,7.866230010986328125e-01,1.907659065845837176e+01,1.700000000000000000e+01
4.900000000000000000e+02,7.899250984191894531e-01,1.907659065845837176e+01,5.600000000000000000e+01
4.910000000000000000e+02,7.909300327301025391e-01,1.907659065845837176e+01,1.700000000000000000e+01
4.920000000000000000e+02,7.956562042236328125e-01,1.907659065845837176e+01,5.700000000000000000e+01
4.930000000000000000e+02,7.965571880340576172e-01,1.907659065845837176e+01,1.700000000000000000e+01
4.940000000000000000e+02,7.976059913635253906e-01,1.907659065845837176e+01,5.700000000000000000e+01
4.950000000000000000e+02,7.985861301422119141e-01,1.907659065845837176e+01,1.700000000000000000e+01
4.960000000000000000e+02,8.026850223541259766e-01,1.907659065845837176e+01,5.800000000000000000e+01
4.970000000000000000e+02,8.035709857940673828e-01,1.907659065845837176e+01,1.700000000000000000e+01
4.980000000000000000e+02,8.050520420074462891e-01,1.907659065845837176e+01,5.800000000000000000e+01
4.990000000000000000e+02,8.058621883392333984e-01,1.907659065845837176e+01,1.700000000000000000e+01
