0.000000000000000000e+00,2.903938293457031250e-03,0.000000000000000000e+00,2.000000000000000000e+00
1.000000000000000000e+00,5.311012268066406250e-03,0.000000000000000000e+00,2.000000000000000000e+00
2.000000000000000000e+00,8.184909820556640625e-03,0.000000000000000000e+00,3.000000000000000000e+00
3.000000000000000000e+00,1.062488555908203125e-02,0.000000000000000000e+00,3.000000000000000000e+00
4.000000000000000000e+00,1.288294792175292969e-02,0.000000000000000000e+00,4.000000000000000000e+00
5.000000000000000000e+00,1.522302627563476562e-02,0.000000000000000000e+00,4.000000000000000000e+00
6.000000000000000000e+00,1.783704757690429688e-02,0.000000000000000000e+00,5.000000000000000000e+00
7.000000000000000000e+00,2.036905288696289062e-02,0.000000000000000000e+00,5.000000000000000000e+00
8.000000000000000000e+00,2.239394187927246094e-02,0.000000000000000000e+00,6.000000000000000000e+00
9.000000000000000000e+00,2.522587776184082031e-02,0.000000000000000000e+00,6.000000000000000000e+00
1.000000000000000000e+01,2.780485153198242188e-02,0.000000000000000000e+00,7.000000000000000000e+00
1.100000000000000000e+01,3.031897544860839844e-02,0.000000000000000000e+00,7.000000000000000000e+00
1.200000000000000000e+01,3.190898895263671875e-02,0.000000000000000000e+00,7.000000000000000000e+00
1.300000000000000000e+01,3.466200828552246094e-02,0.000000000000000000e+00,8.000000000000000000e+00
1.400000000000000000e+01,3.616905212402343750e-02,0.000000000000000000e+00,7.000000000000000000e+00
1.500000000000000000e+01,3.853297233581542969e-02,0.000000000000000000e+00,9.000000000000000000e+00
1.600000000000000000e+01,3.998589515686035156e-02,0.000000000000000000e+00,7.000000000000000000e+00
1.700000000000000000e+01,4.308891296386718750e-02,0.000000000000000000e+00,1.000000000000000000e+01
1.800000000000000000e+01,4.434895515441894531e-02,0.000000000000000000e+00,7.000000000000000000e+00
1.900000000000000000e+01,4.710602760314941406e-02,0.000000000000000000e+00,1.100000000000000000e+01
2.000000000000000000e+01,4.828405380249023438e-02,0.000000000000000000e+00,7.000000000000000000e+00
2.100000000000000000e+01,5.098891258239746094e-02,0.000000000000000000e+00,1.200000000000000000e+01
2.200000000000000000e+01,5.249786376953125000e-02,0.000000000000000000e+00,7.000000000000000000e+00
2.300000000000000000e+01,5.551695823669433594e-02,0.000000000000000000e+00,1.300000000000000000e+01
2.400000000000000000e+01,5.685305595397949219e-02,0.000000000000000000e+00,7.000000000000000000e+00
2.500000000000000000e+01,5.954289436340332031e-02,0.000000000000000000e+00,1.400000000000000000e+01
2.600000000000000000e+01,6.082582473754882812e-02,0.000000000000000000e+00,7.000000000000000000e+00
2.700000000000000000e+01,6.189489364624023438e-02,0.000000000000000000e+00,1.400000000000000000e+01
2.800000000000000000e+01,6.320786476135253906e-02,0.000000000000000000e+00,7.000000000000000000e+00
2.900000000000000000e+01,6.567287445068359375e-02,0.000000000000000000e+00,1.500000000000000000e+01
3.000000000000000000e+01,6.712985038757324219e-02,0.000000000000000000e+00,7.000000000000000000e+00
3.100000000000000000e+01,6.827688217163085938e-02,0.000000000000000000e+00,1.500000000000000000e+01
3.200000000000000000e+01,6.973099708557128906e-02,0.000000000000000000e+00,7.000000000000000000e+00
3.300000000000000000e+01,7.268404960632324219e-02,0.000000000000000000e+00,1.600000000000000000e+01
3.400000000000000000e+01,7.419395446777343750e-02,0.000000000000000000e+00,7.000000000000000000e+00
3.500000000000000000e+01,7.712101936340332031e-02,0.000000000000000000e+00,1.700000000000000000e+01
3.600000000000000000e+01,7.859301567077636719e-02,0.000000000000000000e+00,7.000000000000000000e+00
3.700000000000000000e+01,8.182096481323242188e-02,0.000000000000000000e+00,1.800000000000000000e+01
3.800000000000000000e+01,8.361196517944335938e-02,0.000000000000000000e+00,7.000000000000000000e+00
3.900000000000000000e+01,8.511090278625488281e-02,0.000000000000000000e+00,1.800000000000000000e+01
4.000000000000000000e+01,8.643889427185058594e-02,0.000000000000000000e+00,7.000000000000000000e+00
4.100000000000000000e+01,8.857893943786621094e-02,0.000000000000000000e+00,1.900000000000000000e+01
4.200000000000000000e+01,9.064602851867675781e-02,0.000000000000000000e+00,7.000000000000000000e+00
4.300000000000000000e+01,9.291195869445800781e-02,0.000000000000000000e+00,2.000000000000000000e+01
4.400000000000000000e+01,9.434604644775390625e-02,0.000000000000000000e+00,7.000000000000000000e+00
4.500000000000000000e+01,9.666991233825683594e-02,0.000000000000000000e+00,2.100000000000000000e+01
4.600000000000000000e+01,9.825086593627929688e-02,0.000000000000000000e+00,7.000000000000000000e+00
4.700000000000000000e+01,1.010019779205322266e-01,0.000000000000000000e+00,2.200000000000000000e+01
4.800000000000000000e+01,1.027178764343261719e-01,0.000000000000000000e+00,7.000000000000000000e+00
4.900000000000000000e+01,1.041538715362548828e-01,0.000000000000000000e+00,2.200000000000000000e+01
5.000000000000000000e+01,1.057300567626953125e-01,0.000000000000000000e+00,7.000000000000000000e+00
5.100000000000000000e+01,1.073389053344726562e-01,0.000000000000000000e+00,2.200000000000000000e+01
5.200000000000000000e+01,1.089308261871337891e-01,0.000000000000000000e+00,7.000000000000000000e+00
5.300000000000000000e+01,1.107759475708007812e-01,3.861173200856533327e+01,2.300000000000000000e+01
5.400000000000000000e+01,1.123600006103515625e-01,3.861173200856533327e+01,7.000000000000000000e+00
5.500000000000000000e+01,1.135518550872802734e-01,3.861173200856533327e+01,2.200000000000000000e+01
5.600000000000000000e+01,1.152088642120361328e-01,3.861173200856533327e+01,7.000000000000000000e+00
5.700000000000000000e+01,1.165139675140380859e-01,3.861173200856533327e+01,2.200000000000000000e+01
5.800000000000000000e+01,1.179988384246826172e-01,3.861173200856533327e+01,7.000000000000000000e+00
5.900000000000000000e+01,1.193640232086181641e-01,3.861173200856533327e+01,2.200000000000000000e+01
6.000000000000000000e+01,1.222078800201416016e-01,3.861173200856533327e+01,8.000000000000000000e+00
6.100000000000000000e+01,1.329739093780517578e-01,3.861173200856533327e+01,2.300000000000000000e+01
6.200000000000000000e+01,1.356558799743652344e-01,3.861173200856533327e+01,9.000000000000000000e+00
6.300000000000000000e+01,1.468980312347412109e-01,3.861173200856533327e+01,2.400000000000000000e+01
6.400000000000000000e+01,1.504018306732177734e-01,3.861173200856533327e+01,1.000000000000000000e+01
6.500000000000000000e+01,1.612818241119384766e-01,3.861173200856533327e+01,2.500000000000000000e+01
6.600000000000000000e+01,1.640620231628417969e-01,3.861173200856533327e+01,1.100000000000000000e+01
6.700000000000000000e+01,1.736369132995605469e-01,3.861173200856533327e+01,2.600000000000000000e+01
6.800000000000000000e+01,1.754448413848876953e-01,3.861173200856533327e+01,1.200000000000000000e+01
6.900000000000000000e+01,1.844658851623535156e-01,3.861173200856533327e+01,2.700000000000000000e+01
7.000000000000000000e+01,1.863059997558593750e-01,3.861173200856533327e+01,1.300000000000000000e+01
7.100000000000000000e+01,1.926748752593994141e-01,3.861173200856533327e+01,2.800000000000000000e+01
7.200000000000000000e+01,1.945209503173828125e-01,3.861173200856533327e+01,1.300000000000000000e+01
7.300000000000000000e+01,2.039489746093750000e-01,3.861173200856533327e+01,2.900000000000000000e+01
7.400000000000000000e+01,2.053110599517822266e-01,3.861173200856533327e+01,1.300000000000000000e+01
7.500000000000000000e+01,2.133128643035888672e-01,3.861173200856533327e+01,3.000000000000000000e+01
7.600000000000000000e+01,2.157819271087646484e-01,3.787420783467182872e+01,1.400000000000000000e+01
7.700000000000000000e+01,2.244658470153808594e-01,3.787420783467182872e+01,3.000000000000000000e+01
7.800000000000000000e+01,2.270748615264892578e-01,3.787420783467182872e+01,1.500000000000000000e+01
7.900000000000000000e+01,2.343318462371826172e-01,3.639532472082049708e+01,3.100000000000000000e+01
8.000000000000000000e+01,2.357690334320068359e-01,3.639532472082049708e+01,1.500000000000000000e+01
8.100000000000000000e+01,2.420089244842529297e-01,3.639532472082049708e+01,3.200000000000000000e+01
8.200000000000000000e+01,2.461600303649902344e-01,3.639532472082049708e+01,1.600000000000000000e+01
8.300000000000000000e+01,2.517559528350830078e-01,3.639532472082049708e+01,3.300000000000000000e+01
8.400000000000000000e+01,2.530128955841064453e-01,3.639532472082049708e+01,1.600000000000000000e+01
8.500000000000000000e+01,2.593679428100585938e-01,3.639532472082049708e+01,3.400000000000000000e+01
8.600000000000000000e+01,2.606608867645263672e-01,3.639532472082049708e+01,1.600000000000000000e+01
8.700000000000000000e+01,2.625489234924316406e-01,3.639532472082049708e+01,3.400000000000000000e+01
8.800000000000000000e+01,2.650449275970458984e-01,3.639532472082049708e+01,1.700000000000000000e+01
8.900000000000000000e+01,2.667539119720458984e-01,3.639532472082049708e+01,3.400000000000000000e+01
9.000000000000000000e+01,2.678899765014648438e-01,3.639532472082049708e+01,1.700000000000000000e+01
9.100000000000000000e+01,2.728519439697265625e-01,3.639532472082049708e+01,3.500000000000000000e+01
9.200000000000000000e+01,2.740969657897949219e-01,3.639532472082049708e+01,1.700000000000000000e+01
9.300000000000000000e+01,2.785868644714355469e-01,3.639532472082049708e+01,3.600000000000000000e+01
9.400000000000000000e+01,2.797360420227050781e-01,3.639532472082049708e+01,1.700000000000000000e+01
9.500000000000000000e+01,2.830028533935546875e-01,3.639532472082049708e+01,3.700000000000000000e+01
9.600000000000000000e+01,2.844059467315673828e-01,3.639532472082049708e+01,1.700000000000000000e+01
9.700000000000000000e+01,2.860720157623291016e-01,3.639532472082049708e+01,3.700000000000000000e+01
9.800000000000000000e+01,2.874159812927246094e-01,3.639532472082049708e+01,1.700000000000000000e+01
9.900000000000000000e+01,2.888648509979248047e-01,3.639532472082049708e+01,3.700000000000000000e+01
1.000000000000000000e+02,2.900559902191162109e-01,3.639532472082049708e+01,1.700000000000000000e+01
1.010000000000000000e+02,2.914779186248779297e-01,3.639532472082049708e+01,3.700000000000000000e+01
1.020000000000000000e+02,2.928738594055175781e-01,3.639532472082049708e+01,1.700000000000000000e+01
1.030000000000000000e+02,2.952809333801269531e-01,3.639532472082049708e+01,3.800000000000000000e+01
1.040000000000000000e+02,2.964239120483398438e-01,3.639532472082049708e+01,1.700000000000000000e+01
1.050000000000000000e+02,2.979328632354736328e-01,3.639532472082049708e+01,3.800000000000000000e+01
1.060000000000000000e+02,2.992579936981201172e-01,3.639532472082049708e+01,1.700000000000000000e+01
1.070000000000000000e+02,3.009009361267089844e-01,3.639532472082049708e+01,3.800000000000000000e+01
1.080000000000000000e+02,3.023350238800048828e-01,3.639532472082049708e+01,1.700000000000000000e+01
1.090000000000000000e+02,3.045778274536132812e-01,3.569216248687792614e+01,3.900000000000000000e+01
1.100000000000000000e+02,3.061029911041259766e-01,3.569216248687792614e+01,1.600000000000000000e+01
1.110000000000000000e+02,3.075530529022216797e-01,3.569216248687792614e+01,3.800000000000000000e+01
1.120000000000000000e+02,3.089399337768554688e-01,3.569216248687792614e+01,1.600000000000000000e+01
1.130000000000000000e+02,3.107879161834716797e-01,3.569216248687792614e+01,3.800000000000000000e+01
1.140000000000000000e+02,3.120088577270507812e-01,3.569216248687792614e+01,1.600000000000000000e+01
1.150000000000000000e+02,3.137159347534179688e-01,3.569216248687792614e+01,3.800000000000000000e+01
1.160000000000000000e+02,3.148698806762695312e-01,3.569216248687792614e+01,1.600000000000000000e+01
1.170000000000000000e+02,3.167028427124023438e-01,3.569216248687792614e+01,3.800000000000000000e+01
1.180000000000000000e+02,3.179290294647216797e-01,3.569216248687792614e+01,1.600000000000000000e+01
1.190000000000000000e+02,3.194148540496826172e-01,3.569216248687792614e+01,3.800000000000000000e+01
1.200000000000000000e+02,3.240220546722412109e-01,3.569216248687792614e+01,1.700000000000000000e+01
1.210000000000000000e+02,3.408939838409423828e-01,3.569216248687792614e+01,3.900000000000000000e+01
1.220000000000000000e+02,3.461608886718750000e-01,3.569216248687792614e+01,1.800000000000000000e+01
1.230000000000000000e+02,3.626348972320556641e-01,3.569216248687792614e+01,4.000000000000000000e+01
1.240000000000000000e+02,3.680260181427001953e-01,3.569216248687792614e+01,1.900000000000000000e+01
1.250000000000000000e+02,3.829498291015625000e-01,3.569216248687792614e+01,4.100000000000000000e+01
1.260000000000000000e+02,3.884830474853515625e-01,3.569216248687792614e+01,2.000000000000000000e+01
1.270000000000000000e+02,4.030020236968994141e-01,3.569216248687792614e+01,4.200000000000000000e+01
1.280000000000000000e+02,4.069190025329589844e-01,3.569216248687792614e+01,2.100000000000000000e+01
1.290000000000000000e+02,4.198148250579833984e-01,3.569216248687792614e+01,4.300000000000000000e+01
1.300000000000000000e+02,4.229478836059570312e-01,3.569216248687792614e+01,2.200000000000000000e+01
1.310000000000000000e+02,4.338209629058837891e-01,3.569216248687792614e+01,4.400000000000000000e+01
1.320000000000000000e+02,4.367098808288574219e-01,3.569216248687792614e+01,2.300000000000000000e+01
1.330000000000000000e+02,4.476058483123779297e-01,3.569216248687792614e+01,4.500000000000000000e+01
1.340000000000000000e+02,4.487290382385253906e-01,3.569216248687792614e+01,2.300000000000000000e+01
1.350000000000000000e+02,4.570510387420654297e-01,3.569216248687792614e+01,4.600000000000000000e+01
1.360000000000000000e+02,4.595868587493896484e-01,3.569216248687792614e+01,2.400000000000000000e+01
1.370000000000000000e+02,4.674630165100097656e-01,3.569216248687792614e+01,4.700000000000000000e+01
1.380000000000000000e+02,4.684019088745117188e-01,3.569216248687792614e+01,2.400000000000000000e+01
1.390000000000000000e+02,4.767129421234130859e-01,3.569216248687792614e+01,4.800000000000000000e+01
1.400000000000000000e+02,4.776859283447265625e-01,3.569216248687792614e+01,2.400000000000000000e+01
1.410000000000000000e+02,4.869279861450195312e-01,3.569216248687792614e+01,4.900000000000000000e+01
1.420000000000000000e+02,4.880039691925048828e-01,3.569216248687792614e+01,2.400000000000000000e+01
1.430000000000000000e+02,4.953980445861816406e-01,3.569216248687792614e+01,5.000000000000000000e+01
1.440000000000000000e+02,4.964818954467773438e-01,3.569216248687792614e+01,2.400000000000000000e+01
1.450000000000000000e+02,5.040788650512695312e-01,3.569216248687792614e+01,5.100000000000000000e+01
1.460000000000000000e+02,5.062019824981689453e-01,3.569216248687792614e+01,2.400000000000000000e+01
1.470000000000000000e+02,5.146520137786865234e-01,3.569216248687792614e+01,5.200000000000000000e+01
1.480000000000000000e+02,5.159978866577148438e-01,3.569216248687792614e+01,2.400000000000000000e+01
1.490000000000000000e+02,5.236668586730957031e-01,3.569216248687792614e+01,5.300000000000000000e+01
1.500000000000000000e+02,5.250298976898193359e-01,3.569216248687792614e+01,2.400000000000000000e+01
1.510000000000000000e+02,5.304830074310302734e-01,3.569216248687792614e+01,5.400000000000000000e+01
1.520000000000000000e+02,5.318269729614257812e-01,3.569216248687792614e+01,2.400000000000000000e+01
1.530000000000000000e+02,5.378398895263671875e-01,3.569216248687792614e+01,5.500000000000000000e+01
1.540000000000000000e+02,5.390770435333251953e-01,3.569216248687792614e+01,2.400000000000000000e+01
1.550000000000000000e+02,5.439679622650146484e-01,3.569216248687792614e+01,5.600000000000000000e+01
1.560000000000000000e+02,5.452008247375488281e-01,3.569216248687792614e+01,2.400000000000000000e+01
1.570000000000000000e+02,5.471589565277099609e-01,3.569216248687792614e+01,5.600000000000000000e+01
1.580000000000000000e+02,5.484390258789062500e-01,3.569216248687792614e+01,2.400000000000000000e+01
1.590000000000000000e+02,5.503070354461669922e-01,3.569216248687792614e+01,5.600000000000000000e+01
1.600000000000000000e+02,5.515329837799072266e-01,3.569216248687792614e+01,2.400000000000000000e+01
1.610000000000000000e+02,5.531349182128906250e-01,3.569216248687792614e+01,5.600000000000000000e+01
1.620000000000000000e+02,5.548169612884521484e-01,3.569216248687792614e+01,2.400000000000000000e+01
1.630000000000000000e+02,5.582690238952636719e-01,3.569216248687792614e+01,5.700000000000000000e+01
1.640000000000000000e+02,5.595469474792480469e-01,3.569216248687792614e+01,2.400000000000000000e+01
1.650000000000000000e+02,5.615069866180419922e-01,3.569216248687792614e+01,5.700000000000000000e+01
1.660000000000000000e+02,5.632669925689697266e-01,3.569216248687792614e+01,2.400000000000000000e+01
1.670000000000000000e+02,5.649850368499755859e-01,3.569216248687792614e+01,5.700000000000000000e+01
1.680000000000000000e+02,5.662808418273925781e-01,3.569216248687792614e+01,2.400000000000000000e+01
1.690000000000000000e+02,5.680558681488037109e-01,3.569216248687792614e+01,5.700000000000000000e+01
1.700000000000000000e+02,5.698070526123046875e-01,3.569216248687792614e+01,2.400000000000000000e+01
1.710000000000000000e+02,5.714590549468994141e-01,3.569216248687792614e+01,5.700000000000000000e+01
1.720000000000000000e+02,5.727958679199218750e-01,3.569216248687792614e+01,2.400000000000000000e+01
1.730000000000000000e+02,5.745689868927001953e-01,3.569216248687792614e+01,5.700000000000000000e+01
1.740000000000000000e+02,5.760040283203125000e-01,3.569216248687792614e+01,2.400000000000000000e+01
1.750000000000000000e+02,5.779209136962890625e-01,3.569216248687792614e+01,5.700000000000000000e+01
1.760000000000000000e+02,5.791809558868408203e-01,3.569216248687792614e+01,2.400000000000000000e+01
1.770000000000000000e+02,5.809350013732910156e-01,3.569216248687792614e+01,5.700000000000000000e+01
1.780000000000000000e+02,5.827958583831787109e-01,3.569216248687792614e+01,2.400000000000000000e+01
1.790000000000000000e+02,5.848419666290283203e-01,3.569216248687792614e+01,5.700000000000000000e+01
1.800000000000000000e+02,5.928468704223632812e-01,3.569216248687792614e+01,2.500000000000000000e+01
1.810000000000000000e+02,6.154339313507080078e-01,3.569216248687792614e+01,5.800000000000000000e+01
1.820000000000000000e+02,6.218068599700927734e-01,3.569216248687792614e+01,2.600000000000000000e+01
1.830000000000000000e+02,6.468379497528076172e-01,3.569216248687792614e+01,5.900000000000000000e+01
1.840000000000000000e+02,6.551308631896972656e-01,3.569216248687792614e+01,2.700000000000000000e+01
1.850000000000000000e+02,6.772019863128662109e-01,3.569216248687792614e+01,6.000000000000000000e+01
1.860000000000000000e+02,6.841609477996826172e-01,3.569216248687792614e+01,2.800000000000000000e+01
1.870000000000000000e+02,7.054920196533203125e-01,3.569216248687792614e+01,6.100000000000000000e+01
1.880000000000000000e+02,7.132198810577392578e-01,3.569216248687792614e+01,2.900000000000000000e+01
1.890000000000000000e+02,7.323338985443115234e-01,3.569216248687792614e+01,6.200000000000000000e+01
1.900000000000000000e+02,7.388160228729248047e-01,3.569216248687792614e+01,3.000000000000000000e+01
1.910000000000000000e+02,7.561340332031250000e-01,3.569216248687792614e+01,6.300000000000000000e+01
1.920000000000000000e+02,7.573719024658203125e-01,3.569216248687792614e+01,3.000000000000000000e+01
1.930000000000000000e+02,7.686779499053955078e-01,3.569216248687792614e+01,6.400000000000000000e+01
1.940000000000000000e+02,7.700679302215576172e-01,3.569216248687792614e+01,3.000000000000000000e+01
1.950000000000000000e+02,7.855188846588134766e-01,3.569216248687792614e+01,6.500000000000000000e+01
1.960000000000000000e+02,7.868058681488037109e-01,3.569216248687792614e+01,3.000000000000000000e+01
1.970000000000000000e+02,7.887430191040039062e-01,3.569216248687792614e+01,6.500000000000000000e+01
1.980000000000000000e+02,7.930078506469726562e-01,3.569216248687792614e+01,3.100000000000000000e+01
1.990000000000000000e+02,8.075289726257324219e-01,3.542999427764317488e+01,6.600000000000000000e+01
2.000000000000000000e+02,8.091008663177490234e-01,3.542999427764317488e+01,3.100000000000000000e+01
2.010000000000000000e+02,8.188719749450683594e-01,3.542999427764317488e+01,6.600000000000000000e+01
2.020000000000000000e+02,8.202919960021972656e-01,3.542999427764317488e+01,3.100000000000000000e+01
2.030000000000000000e+02,8.314540386199951172e-01,3.487621909921769259e+01,6.700000000000000000e+01
2.040000000000000000e+02,8.329989910125732422e-01,3.487621909921769259e+01,2.900000000000000000e+01
2.050000000000000000e+02,8.420698642730712891e-01,3.487621909921769259e+01,6.700000000000000000e+01
2.060000000000000000e+02,8.454089164733886719e-01,3.487621909921769259e+01,3.000000000000000000e+01
2.070000000000000000e+02,8.542258739471435547e-01,3.482606974139592637e+01,6.800000000000000000e+01
2.080000000000000000e+02,8.555119037628173828e-01,3.482606974139592637e+01,2.900000000000000000e+01
2.090000000000000000e+02,8.643288612365722656e-01,3.482606974139592637e+01,6.900000000000000000e+01
2.100000000000000000e+02,8.664770126342773438e-01,3.482606974139592637e+01,2.900000000000000000e+01
2.110000000000000000e+02,8.740959167480468750e-01,3.482606974139592637e+01,7.000000000000000000e+01
2.120000000000000000e+02,8.754799365997314453e-01,3.482606974139592637e+01,2.900000000000000000e+01
2.130000000000000000e+02,8.774759769439697266e-01,3.482606974139592637e+01,7.000000000000000000e+01
2.140000000000000000e+02,8.787398338317871094e-01,3.482606974139592637e+01,2.900000000000000000e+01
2.150000000000000000e+02,8.807849884033203125e-01,3.482606974139592637e+01,7.000000000000000000e+01
2.160000000000000000e+02,8.834788799285888672e-01,3.477783220642751871e+01,3.000000000000000000e+01
2.170000000000000000e+02,8.857569694519042969e-01,3.477783220642751871e+01,7.000000000000000000e+01
2.180000000000000000e+02,8.869860172271728516e-01,3.477783220642751871e+01,3.000000000000000000e+01
2.190000000000000000e+02,8.892560005187988281e-01,3.477783220642751871e+01,7.000000000000000000e+01
2.200000000000000000e+02,8.908598423004150391e-01,3.477783220642751871e+01,3.000000000000000000e+01
2.210000000000000000e+02,8.930530548095703125e-01,3.477783220642751871e+01,7.000000000000000000e+01
2.220000000000000000e+02,8.943679332733154297e-01,3.477783220642751871e+01,3.000000000000000000e+01
2.230000000000000000e+02,8.965189456939697266e-01,3.477783220642751871e+01,7.000000000000000000e+01
2.240000000000000000e+02,8.978099822998046875e-01,3.477783220642751871e+01,3.000000000000000000e+01
2.250000000000000000e+02,9.006729125976562500e-01,3.477783220642751871e+01,7.100000000000000000e+01
2.260000000000000000e+02,9.022889137268066406e-01,3.477783220642751871e+01,3.000000000000000000e+01
2.270000000000000000e+02,9.047079086303710938e-01,3.477783220642751871e+01,7.100000000000000000e+01
2.280000000000000000e+02,9.060790538787841797e-01,3.477783220642751871e+01,3.000000000000000000e+01
2.290000000000000000e+02,9.082889556884765625e-01,3.477783220642751871e+01,7.100000000000000000e+01
2.300000000000000000e+02,9.095220565795898438e-01,3.477783220642751871e+01,3.000000000000000000e+01
2.310000000000000000e+02,9.117820262908935547e-01,3.477783220642751871e+01,7.100000000000000000e+01
2.320000000000000000e+02,9.135818481445312500e-01,3.477783220642751871e+01,3.000000000000000000e+01
2.330000000000000000e+02,9.154980182647705078e-01,3.477783220642751871e+01,7.100000000000000000e+01
2.340000000000000000e+02,9.169139862060546875e-01,3.477783220642751871e+01,3.000000000000000000e+01
2.350000000000000000e+02,9.191858768463134766e-01,3.477783220642751871e+01,7.100000000000000000e+01
2.360000000000000000e+02,9.205310344696044922e-01,3.477783220642751871e+01,3.000000000000000000e+01
2.370000000000000000e+02,9.223740100860595703e-01,3.477783220642751871e+01,7.100000000000000000e+01
2.380000000000000000e+02,9.237780570983886719e-01,3.477783220642751871e+01,3.000000000000000000e+01
2.390000000000000000e+02,9.266710281372070312e-01,3.477783220642751871e+01,7.100000000000000000e+01
2.400000000000000000e+02,9.357738494873046875e-01,3.477783220642751871e+01,3.100000000000000000e+01
2.410000000000000000e+02,9.649879932403564453e-01,3.477783220642751871e+01,7.200000000000000000e+01
2.420000000000000000e+02,9.739608764648437500e-01,3.477783220642751871e+01,3.200000000000000000e+01
2.430000000000000000e+02,9.758439064025878906e-01,3.477783220642751871e+01,7.200000000000000000e+01
2.440000000000000000e+02,9.850158691406250000e-01,3.477783220642751871e+01,3.300000000000000000e+01
2.450000000000000000e+02,1.010316848754882812e+00,3.477783220642751871e+01,7.300000000000000000e+01
2.460000000000000000e+02,1.017194986343383789e+00,3.477783220642751871e+01,3.400000000000000000e+01
2.470000000000000000e+02,1.040840864181518555e+00,3.477783220642751871e+01,7.400000000000000000e+01
2.480000000000000000e+02,1.049777030944824219e+00,3.477783220642751871e+01,3.500000000000000000e+01
2.490000000000000000e+02,1.070634841918945312e+00,3.477783220642751871e+01,7.500000000000000000e+01
2.500000000000000000e+02,1.075526952743530273e+00,3.477783220642751871e+01,3.600000000000000000e+01
2.510000000000000000e+02,1.093297004699707031e+00,3.477783220642751871e+01,7.600000000000000000e+01
2.520000000000000000e+02,1.094393014907836914e+00,3.477783220642751871e+01,3.600000000000000000e+01
2.530000000000000000e+02,1.112213850021362305e+00,3.477783220642751871e+01,7.700000000000000000e+01
2.540000000000000000e+02,1.113555908203125000e+00,3.477783220642751871e+01,3.600000000000000000e+01
2.550000000000000000e+02,1.128880023956298828e+00,3.477783220642751871e+01,7.800000000000000000e+01
2.560000000000000000e+02,1.133388996124267578e+00,3.441891686470496126e+01,3.700000000000000000e+01
2.570000000000000000e+02,1.144872903823852539e+00,3.441891686470496126e+01,7.900000000000000000e+01
2.580000000000000000e+02,1.148077011108398438e+00,3.441891686470496126e+01,3.700000000000000000e+01
2.590000000000000000e+02,1.158296823501586914e+00,3.441891686470496126e+01,8.000000000000000000e+01
2.600000000000000000e+02,1.161259889602661133e+00,3.441891686470496126e+01,3.800000000000000000e+01
2.610000000000000000e+02,1.171594858169555664e+00,3.441891686470496126e+01,8.100000000000000000e+01
2.620000000000000000e+02,1.173233032226562500e+00,3.441891686470496126e+01,3.800000000000000000e+01
2.630000000000000000e+02,1.184782028198242188e+00,3.441891686470496126e+01,8.200000000000000000e+01
2.640000000000000000e+02,1.186045885086059570e+00,3.441891686470496126e+01,3.800000000000000000e+01
2.650000000000000000e+02,1.194582939147949219e+00,3.441891686470496126e+01,8.300000000000000000e+01
2.660000000000000000e+02,1.195920944213867188e+00,3.441891686470496126e+01,3.800000000000000000e+01
2.670000000000000000e+02,1.205260992050170898e+00,3.441891686470496126e+01,8.400000000000000000e+01
2.680000000000000000e+02,1.206866025924682617e+00,3.441891686470496126e+01,3.800000000000000000e+01
2.690000000000000000e+02,1.214834928512573242e+00,3.441891686470496126e+01,8.500000000000000000e+01
2.700000000000000000e+02,1.216157913208007812e+00,3.441891686470496126e+01,3.800000000000000000e+01
2.710000000000000000e+02,1.221583843231201172e+00,3.441891686470496126e+01,8.600000000000000000e+01
2.720000000000000000e+02,1.222946882247924805e+00,3.441891686470496126e+01,3.800000000000000000e+01
2.730000000000000000e+02,1.228565931320190430e+00,3.441891686470496126e+01,8.700000000000000000e+01
2.740000000000000000e+02,1.229856014251708984e+00,3.441891686470496126e+01,3.800000000000000000e+01
2.750000000000000000e+02,1.234911918640136719e+00,3.441891686470496126e+01,8.800000000000000000e+01
2.760000000000000000e+02,1.236246824264526367e+00,3.441891686470496126e+01,3.800000000000000000e+01
2.770000000000000000e+02,1.238348960876464844e+00,3.441891686470496126e+01,8.800000000000000000e+01
2.780000000000000000e+02,1.239716053009033203e+00,3.441891686470496126e+01,3.800000000000000000e+01
2.790000000000000000e+02,1.244199991226196289e+00,3.441891686470496126e+01,8.900000000000000000e+01
2.800000000000000000e+02,1.245637893676757812e+00,3.441891686470496126e+01,3.800000000000000000e+01
2.810000000000000000e+02,1.247675895690917969e+00,3.441891686470496126e+01,8.900000000000000000e+01
2.820000000000000000e+02,1.249301910400390625e+00,3.441891686470496126e+01,3.800000000000000000e+01
2.830000000000000000e+02,1.251591920852661133e+00,3.441891686470496126e+01,8.900000000000000000e+01
2.840000000000000000e+02,1.253355026245117188e+00,3.441891686470496126e+01,3.800000000000000000e+01
2.850000000000000000e+02,1.255652904510498047e+00,3.441891686470496126e+01,8.900000000000000000e+01
2.860000000000000000e+02,1.256995916366577148e+00,3.441891686470496126e+01,3.800000000000000000e+01
2.870000000000000000e+02,1.260011911392211914e+00,3.441891686470496126e+01,9.000000000000000000e+01
2.880000000000000000e+02,1.261996984481811523e+00,3.441891686470496126e+01,3.800000000000000000e+01
2.890000000000000000e+02,1.264092922210693359e+00,3.441891686470496126e+01,9.000000000000000000e+01
2.900000000000000000e+02,1.265573024749755859e+00,3.441891686470496126e+01,3.800000000000000000e+01
2.910000000000000000e+02,1.267719984054565430e+00,3.441891686470496126e+01,9.000000000000000000e+01
2.920000000000000000e+02,1.269541978836059570e+00,3.441891686470496126e+01,3.800000000000000000e+01
2.930000000000000000e+02,1.271564006805419922e+00,3.441891686470496126e+01,9.000000000000000000e+01
2.940000000000000000e+02,1.273411035537719727e+00,3.441891686470496126e+01,3.800000000000000000e+01
2.950000000000000000e+02,1.275797843933105469e+00,3.441891686470496126e+01,9.000000000000000000e+01
2.960000000000000000e+02,1.277809858322143555e+00,3.441891686470496126e+01,3.800000000000000000e+01
2.970000000000000000e+02,1.280045986175537109e+00,3.441891686470496126e+01,9.000000000000000000e+01
2.980000000000000000e+02,1.281981945037841797e+00,3.441891686470496126e+01,3.800000000000000000e+01
2.990000000000000000e+02,1.283954858779907227e+00,3.441891686470496126e+01,9.000000000000000000e+01
3.000000000000000000e+02,1.285110950469970703e+00,3.441891686470496126e+01,3.800000000000000000e+01
3.010000000000000000e+02,1.287086009979248047e+00,3.441891686470496126e+01,9.000000000000000000e+01
3.020000000000000000e+02,1.295281887054443359e+00,3.441891686470496126e+01,3.900000000000000000e+01
3.030000000000000000e+02,1.328572034835815430e+00,3.441891686470496126e+01,9.100000000000000000e+01
3.040000000000000000e+02,1.340435981750488281e+00,3.441891686470496126e+01,4.000000000000000000e+01
3.050000000000000000e+02,1.371459960937500000e+00,3.441891686470496126e+01,9.200000000000000000e+01
3.060000000000000000e+02,1.381500959396362305e+00,3.441891686470496126e+01,4.100000000000000000e+01
3.070000000000000000e+02,1.411597967147827148e+00,3.441891686470496126e+01,9.300000000000000000e+01
3.080000000000000000e+02,1.417820930480957031e+00,3.441891686470496126e+01,4.200000000000000000e+01
3.090000000000000000e+02,1.444052934646606445e+00,3.441891686470496126e+01,9.400000000000000000e+01
3.100000000000000000e+02,1.451702833175659180e+00,3.441891686470496126e+01,4.300000000000000000e+01
3.110000000000000000e+02,1.470815896987915039e+00,3.441891686470496126e+01,9.500000000000000000e+01
3.120000000000000000e+02,1.472182989120483398e+00,3.441891686470496126e+01,4.300000000000000000e+01
3.130000000000000000e+02,1.487902879714965820e+00,3.441891686470496126e+01,9.600000000000000000e+01
3.140000000000000000e+02,1.492789030075073242e+00,3.441891686470496126e+01,4.400000000000000000e+01
3.150000000000000000e+02,1.510051012039184570e+00,3.441891686470496126e+01,9.700000000000000000e+01
3.160000000000000000e+02,1.511381864547729492e+00,3.441891686470496126e+01,4.400000000000000000e+01
3.170000000000000000e+02,1.524404048919677734e+00,3.441891686470496126e+01,9.800000000000000000e+01
3.180000000000000000e+02,1.525573968887329102e+00,3.441891686470496126e+01,4.400000000000000000e+01
3.190000000000000000e+02,1.537438869476318359e+00,3.441891686470496126e+01,9.900000000000000000e+01
3.200000000000000000e+02,1.540469884872436523e+00,3.441891686470496126e+01,4.500000000000000000e+01
3.210000000000000000e+02,1.549901962280273438e+00,3.441891686470496126e+01,1.000000000000000000e+02
3.220000000000000000e+02,1.551200866699218750e+00,3.441891686470496126e+01,4.500000000000000000e+01
3.230000000000000000e+02,1.553195953369140625e+00,3.441891686470496126e+01,1.000000000000000000e+02
3.240000000000000000e+02,1.554993867874145508e+00,3.441891686470496126e+01,4.500000000000000000e+01
3.250000000000000000e+02,1.564707994461059570e+00,3.441891686470496126e+01,1.010000000000000000e+02
3.260000000000000000e+02,1.566495895385742188e+00,3.441891686470496126e+01,4.500000000000000000e+01
3.270000000000000000e+02,1.577069044113159180e+00,3.441891686470496126e+01,1.020000000000000000e+02
3.280000000000000000e+02,1.578479051589965820e+00,3.441891686470496126e+01,4.500000000000000000e+01
3.290000000000000000e+02,1.589468955993652344e+00,3.441891686470496126e+01,1.030000000000000000e+02
3.300000000000000000e+02,1.590895891189575195e+00,3.441891686470496126e+01,4.500000000000000000e+01
3.310000000000000000e+02,1.592795848846435547e+00,3.441891686470496126e+01,1.030000000000000000e+02
3.320000000000000000e+02,1.594240903854370117e+00,3.441891686470496126e+01,4.500000000000000000e+01
3.330000000000000000e+02,1.599633932113647461e+00,3.441891686470496126e+01,1.040000000000000000e+02
3.340000000000000000e+02,1.601177930831909180e+00,3.441891686470496126e+01,4.500000000000000000e+01
3.350000000000000000e+02,1.603299856185913086e+00,3.441891686470496126e+01,1.040000000000000000e+02
3.360000000000000000e+02,1.604859828948974609e+00,3.441891686470496126e+01,4.500000000000000000e+01
3.370000000000000000e+02,1.610992908477783203e+00,3.441891686470496126e+01,1.050000000000000000e+02
3.380000000000000000e+02,1.614073991775512695e+00,3.440390581725690566e+01,4.600000000000000000e+01
3.390000000000000000e+02,1.618243932723999023e+00,3.440390581725690566e+01,1.060000000000000000e+02
3.400000000000000000e+02,1.619787931442260742e+00,3.440390581725690566e+01,4.600000000000000000e+01
3.410000000000000000e+02,1.622149944305419922e+00,3.440390581725690566e+01,1.060000000000000000e+02
3.420000000000000000e+02,1.623996019363403320e+00,3.440390581725690566e+01,4.600000000000000000e+01
3.430000000000000000e+02,1.626368999481201172e+00,3.440390581725690566e+01,1.060000000000000000e+02
3.440000000000000000e+02,1.627796888351440430e+00,3.440390581725690566e+01,4.600000000000000000e+01
3.450000000000000000e+02,1.630043983459472656e+00,3.440390581725690566e+01,1.060000000000000000e+02
3.460000000000000000e+02,1.631448984146118164e+00,3.440390581725690566e+01,4.600000000000000000e+01
3.470000000000000000e+02,1.633664846420288086e+00,3.440390581725690566e+01,1.060000000000000000e+02
3.480000000000000000e+02,1.635510921478271484e+00,3.440390581725690566e+01,4.600000000000000000e+01
3.490000000000000000e+02,1.637696981430053711e+00,3.440390581725690566e+01,1.060000000000000000e+02
3.500000000000000000e+02,1.639194965362548828e+00,3.440390581725690566e+01,4.600000000000000000e+01
3.510000000000000000e+02,1.641450881958007812e+00,3.440390581725690566e+01,1.060000000000000000e+02
3.520000000000000000e+02,1.642952919006347656e+00,3.440390581725690566e+01,4.600000000000000000e+01
3.530000000000000000e+02,1.645249843597412109e+00,3.440390581725690566e+01,1.060000000000000000e+02
3.540000000000000000e+02,1.647104978561401367e+00,3.440390581725690566e+01,4.600000000000000000e+01
3.550000000000000000e+02,1.649526834487915039e+00,3.440390581725690566e+01,1.060000000000000000e+02
3.560000000000000000e+02,1.651042938232421875e+00,3.440390581725690566e+01,4.600000000000000000e+01
3.570000000000000000e+02,1.653825044631958008e+00,3.440390581725690566e+01,1.060000000000000000e+02
3.580000000000000000e+02,1.655514001846313477e+00,3.440390581725690566e+01,4.600000000000000000e+01
3.590000000000000000e+02,1.657744884490966797e+00,3.440390581725690566e+01,1.060000000000000000e+02
3.600000000000000000e+02,1.673663854598999023e+00,3.440390581725690566e+01,4.700000000000000000e+01
3.610000000000000000e+02,1.721137046813964844e+00,3.440390581725690566e+01,1.070000000000000000e+02
3.620000000000000000e+02,1.737936973571777344e+00,3.440390581725690566e+01,4.800000000000000000e+01
3.630000000000000000e+02,1.779918909072875977e+00,3.440390581725690566e+01,1.080000000000000000e+02
3.640000000000000000e+02,1.792026042938232422e+00,3.440390581725690566e+01,4.900000000000000000e+01
3.650000000000000000e+02,1.829282999038696289e+00,3.440390581725690566e+01,1.090000000000000000e+02
3.660000000000000000e+02,1.841614007949829102e+00,3.440390581725690566e+01,5.000000000000000000e+01
3.670000000000000000e+02,1.873208045959472656e+00,3.440390581725690566e+01,1.100000000000000000e+02
3.680000000000000000e+02,1.884924888610839844e+00,3.440390581725690566e+01,5.100000000000000000e+01
3.690000000000000000e+02,1.915191888809204102e+00,3.440390581725690566e+01,1.110000000000000000e+02
3.700000000000000000e+02,1.916416883468627930e+00,3.440390581725690566e+01,5.100000000000000000e+01
3.710000000000000000e+02,1.918520927429199219e+00,3.440390581725690566e+01,1.110000000000000000e+02
3.720000000000000000e+02,1.924484014511108398e+00,3.266455276183611289e+01,5.200000000000000000e+01
3.730000000000000000e+02,1.938534975051879883e+00,3.266455276183611289e+01,1.050000000000000000e+02
3.740000000000000000e+02,1.939900875091552734e+00,3.266455276183611289e+01,4.800000000000000000e+01
3.750000000000000000e+02,1.955279827117919922e+00,3.266455276183611289e+01,1.060000000000000000e+02
3.760000000000000000e+02,1.956486940383911133e+00,3.266455276183611289e+01,4.800000000000000000e+01
3.770000000000000000e+02,1.970368862152099609e+00,3.266455276183611289e+01,1.070000000000000000e+02
3.780000000000000000e+02,1.971693992614746094e+00,3.266455276183611289e+01,4.800000000000000000e+01
3.790000000000000000e+02,1.985904932022094727e+00,3.266455276183611289e+01,1.080000000000000000e+02
3.800000000000000000e+02,1.987238883972167969e+00,3.266455276183611289e+01,4.800000000000000000e+01
3.810000000000000000e+02,2.003327846527099609e+00,3.266455276183611289e+01,1.090000000000000000e+02
3.820000000000000000e+02,2.005444049835205078e+00,3.266455276183611289e+01,4.800000000000000000e+01
3.830000000000000000e+02,2.008019924163818359e+00,3.266455276183611289e+01,1.090000000000000000e+02
3.840000000000000000e+02,2.009410858154296875e+00,3.266455276183611289e+01,4.800000000000000000e+01
3.850000000000000000e+02,2.021075010299682617e+00,3.266455276183611289e+01,1.100000000000000000e+02
3.860000000000000000e+02,2.022605895996093750e+00,3.266455276183611289e+01,4.800000000000000000e+01
3.870000000000000000e+02,2.024512052536010742e+00,3.266455276183611289e+01,1.100000000000000000e+02
3.880000000000000000e+02,2.025926828384399414e+00,3.266455276183611289e+01,4.800000000000000000e+01
3.890000000000000000e+02,2.035724878311157227e+00,3.266455276183611289e+01,1.110000000000000000e+02
3.900000000000000000e+02,2.037459850311279297e+00,3.266455276183611289e+01,4.800000000000000000e+01
3.910000000000000000e+02,2.045847892761230469e+00,3.266455276183611289e+01,1.120000000000000000e+02
3.920000000000000000e+02,2.047323942184448242e+00,3.266455276183611289e+01,4.800000000000000000e+01
3.930000000000000000e+02,2.049423933029174805e+00,3.266455276183611289e+01,1.120000000000000000e+02
3.940000000000000000e+02,2.050907850265502930e+00,3.266455276183611289e+01,4.800000000000000000e+01
3.950000000000000000e+02,2.053006887435913086e+00,3.266455276183611289e+01,1.120000000000000000e+02
3.960000000000000000e+02,2.054507017135620117e+00,3.266455276183611289e+01,4.800000000000000000e+01
3.970000000000000000e+02,2.056670904159545898e+00,3.266455276183611289e+01,1.120000000000000000e+02
3.980000000000000000e+02,2.058157920837402344e+00,3.266455276183611289e+01,4.800000000000000000e+01
3.990000000000000000e+02,2.060509920120239258e+00,3.266455276183611289e+01,1.120000000000000000e+02
4.000000000000000000e+02,2.062015056610107422e+00,3.266455276183611289e+01,4.800000000000000000e+01
4.010000000000000000e+02,2.064342975616455078e+00,3.266455276183611289e+01,1.120000000000000000e+02
4.020000000000000000e+02,2.065795898437500000e+00,3.266455276183611289e+01,4.800000000000000000e+01
4.030000000000000000e+02,2.068228960037231445e+00,3.266455276183611289e+01,1.120000000000000000e+02
4.040000000000000000e+02,2.069731950759887695e+00,3.266455276183611289e+01,4.800000000000000000e+01
4.050000000000000000e+02,2.072329044342041016e+00,3.266455276183611289e+01,1.120000000000000000e+02
4.060000000000000000e+02,2.073775053024291992e+00,3.266455276183611289e+01,4.800000000000000000e+01
4.070000000000000000e+02,2.076040983200073242e+00,3.266455276183611289e+01,1.120000000000000000e+02
4.080000000000000000e+02,2.077467918395996094e+00,3.266455276183611289e+01,4.800000000000000000e+01
4.090000000000000000e+02,2.079844951629638672e+00,3.266455276183611289e+01,1.120000000000000000e+02
4.100000000000000000e+02,2.081506013870239258e+00,3.266455276183611289e+01,4.800000000000000000e+01
4.110000000000000000e+02,2.083888053894042969e+00,3.266455276183611289e+01,1.120000000000000000e+02
4.120000000000000000e+02,2.085525989532470703e+00,3.266455276183611289e+01,4.800000000000000000e+01
4.130000000000000000e+02,2.087857007980346680e+00,3.266455276183611289e+01,1.120000000000000000e+02
4.140000000000000000e+02,2.089345932006835938e+00,3.266455276183611289e+01,4.800000000000000000e+01
4.150000000000000000e+02,2.091794013977050781e+00,3.266455276183611289e+01,1.120000000000000000e+02
4.160000000000000000e+02,2.093332052230834961e+00,3.266455276183611289e+01,4.800000000000000000e+01
4.170000000000000000e+02,2.095604896545410156e+00,3.266455276183611289e+01,1.120000000000000000e+02
4.180000000000000000e+02,2.097132921218872070e+00,3.266455276183611289e+01,4.800000000000000000e+01
4.190000000000000000e+02,2.099706888198852539e+00,3.266455276183611289e+01,1.120000000000000000e+02
4.200000000000000000e+02,2.115013837814331055e+00,3.266455276183611289e+01,4.900000000000000000e+01
4.210000000000000000e+02,2.161075830459594727e+00,3.266455276183611289e+01,1.130000000000000000e+02
4.220000000000000000e+02,2.172204017639160156e+00,3.266455276183611289e+01,5.000000000000000000e+01
4.230000000000000000e+02,2.213572025299072266e+00,3.266455276183611289e+01,1.140000000000000000e+02
4.240000000000000000e+02,2.224442005157470703e+00,3.266455276183611289e+01,5.100000000000000000e+01
4.250000000000000000e+02,2.260236978530883789e+00,3.266455276183611289e+01,1.150000000000000000e+02
4.260000000000000000e+02,2.272392034530639648e+00,3.266455276183611289e+01,5.200000000000000000e+01
4.270000000000000000e+02,2.299063920974731445e+00,3.266455276183611289e+01,1.160000000000000000e+02
4.280000000000000000e+02,2.309000968933105469e+00,3.266455276183611289e+01,5.300000000000000000e+01
4.290000000000000000e+02,2.335599899291992188e+00,3.266455276183611289e+01,1.170000000000000000e+02
4.300000000000000000e+02,2.342587947845458984e+00,3.266455276183611289e+01,5.400000000000000000e+01
4.310000000000000000e+02,2.370085954666137695e+00,3.266455276183611289e+01,1.180000000000000000e+02
4.320000000000000000e+02,2.375977039337158203e+00,3.266455276183611289e+01,5.500000000000000000e+01
4.330000000000000000e+02,2.402817964553833008e+00,3.266455276183611289e+01,1.190000000000000000e+02
4.340000000000000000e+02,2.404286861419677734e+00,3.266455276183611289e+01,5.500000000000000000e+01
4.350000000000000000e+02,2.406566858291625977e+00,3.266455276183611289e+01,1.190000000000000000e+02
4.360000000000000000e+02,2.408284902572631836e+00,3.266455276183611289e+01,5.500000000000000000e+01
4.370000000000000000e+02,2.421011924743652344e+00,3.266455276183611289e+01,1.200000000000000000e+02
4.380000000000000000e+02,2.422507047653198242e+00,3.266455276183611289e+01,5.500000000000000000e+01
4.390000000000000000e+02,2.442693948745727539e+00,3.266455276183611289e+01,1.210000000000000000e+02
4.400000000000000000e+02,2.446341037750244141e+00,3.266455276183611289e+01,5.600000000000000000e+01
4.410000000000000000e+02,2.448520898818969727e+00,3.266455276183611289e+01,1.210000000000000000e+02
4.420000000000000000e+02,2.450252056121826172e+00,3.266455276183611289e+01,5.600000000000000000e+01
4.430000000000000000e+02,2.452430009841918945e+00,3.266455276183611289e+01,1.210000000000000000e+02
4.440000000000000000e+02,2.454052925109863281e+00,3.266455276183611289e+01,5.600000000000000000e+01
4.450000000000000000e+02,2.468091011047363281e+00,3.266455276183611289e+01,1.220000000000000000e+02
4.460000000000000000e+02,2.469585895538330078e+00,3.266455276183611289e+01,5.600000000000000000e+01
4.470000000000000000e+02,2.483486890792846680e+00,3.266455276183611289e+01,1.230000000000000000e+02
4.480000000000000000e+02,2.485034942626953125e+00,3.266455276183611289e+01,5.600000000000000000e+01
4.490000000000000000e+02,2.490324020385742188e+00,3.266455276183611289e+01,1.240000000000000000e+02
4.500000000000000000e+02,2.491894006729125977e+00,3.266455276183611289e+01,5.600000000000000000e+01
4.510000000000000000e+02,2.498075008392333984e+00,3.266455276183611289e+01,1.250000000000000000e+02
4.520000000000000000e+02,2.499766826629638672e+00,3.266455276183611289e+01,5.600000000000000000e+01
4.530000000000000000e+02,2.505584955215454102e+00,3.266455276183611289e+01,1.260000000000000000e+02
4.540000000000000000e+02,2.507118940353393555e+00,3.266455276183611289e+01,5.600000000000000000e+01
4.550000000000000000e+02,2.512167930603027344e+00,3.266455276183611289e+01,1.270000000000000000e+02
4.560000000000000000e+02,2.513747930526733398e+00,3.266455276183611289e+01,5.600000000000000000e+01
4.570000000000000000e+02,2.516155004501342773e+00,3.266455276183611289e+01,1.270000000000000000e+02
4.580000000000000000e+02,2.517693996429443359e+00,3.266455276183611289e+01,5.600000000000000000e+01
4.590000000000000000e+02,2.520366907119750977e+00,3.266455276183611289e+01,1.270000000000000000e+02
4.600000000000000000e+02,2.522048950195312500e+00,3.266455276183611289e+01,5.600000000000000000e+01
4.610000000000000000e+02,2.524824857711791992e+00,3.266455276183611289e+01,1.270000000000000000e+02
4.620000000000000000e+02,2.526980876922607422e+00,3.266455276183611289e+01,5.600000000000000000e+01
4.630000000000000000e+02,2.529786825180053711e+00,3.266455276183611289e+01,1.270000000000000000e+02
4.640000000000000000e+02,2.531417846679687500e+00,3.266455276183611289e+01,5.600000000000000000e+01
4.650000000000000000e+02,2.534278869628906250e+00,3.266455276183611289e+01,1.270000000000000000e+02
4.660000000000000000e+02,2.536093950271606445e+00,3.266455276183611289e+01,5.600000000000000000e+01
4.670000000000000000e+02,2.538867950439453125e+00,3.266455276183611289e+01,1.270000000000000000e+02
4.680000000000000000e+02,2.540686845779418945e+00,3.266455276183611289e+01,5.600000000000000000e+01
4.690000000000000000e+02,2.543436050415039062e+00,3.266455276183611289e+01,1.270000000000000000e+02
4.700000000000000000e+02,2.545043945312500000e+00,3.266455276183611289e+01,5.600000000000000000e+01
4.710000000000000000e+02,2.548418045043945312e+00,3.266455276183611289e+01,1.270000000000000000e+02
4.720000000000000000e+02,2.550647974014282227e+00,3.266455276183611289e+01,5.600000000000000000e+01
4.730000000000000000e+02,2.553413867950439453e+00,3.266455276183611289e+01,1.270000000000000000e+02
4.740000000000000000e+02,2.555166006088256836e+00,3.266455276183611289e+01,5.600000000000000000e+01
4.750000000000000000e+02,2.557982921600341797e+00,3.266455276183611289e+01,1.270000000000000000e+02
4.760000000000000000e+02,2.559718847274780273e+00,3.266455276183611289e+01,5.600000000000000000e+01
4.770000000000000000e+02,2.562393903732299805e+00,3.266455276183611289e+01,1.270000000000000000e+02
4.780000000000000000e+02,2.564445018768310547e+00,3.266455276183611289e+01,5.600000000000000000e+01
4.790000000000000000e+02,2.568016052246093750e+00,3.266455276183611289e+01,1.270000000000000000e+02
4.800000000000000000e+02,2.579753875732421875e+00,3.266455276183611289e+01,5.700000000000000000e+01
4.810000000000000000e+02,2.632725000381469727e+00,3.266455276183611289e+01,1.280000000000000000e+02
4.820000000000000000e+02,2.649739027023315430e+00,3.266455276183611289e+01,5.800000000000000000e+01
4.830000000000000000e+02,2.698143005371093750e+00,3.266455276183611289e+01,1.290000000000000000e+02
4.840000000000000000e+02,2.711204051971435547e+00,3.266455276183611289e+01,5.900000000000000000e+01
4.850000000000000000e+02,2.754734039306640625e+00,3.266455276183611289e+01,1.300000000000000000e+02
4.860000000000000000e+02,2.764626026153564453e+00,3.266455276183611289e+01,6.000000000000000000e+01
4.870000000000000000e+02,2.806869983673095703e+00,3.266455276183611289e+01,1.310000000000000000e+02
4.880000000000000000e+02,2.820054054260253906e+00,3.266455276183611289e+01,6.100000000000000000e+01
4.890000000000000000e+02,2.857339859008789062e+00,3.266455276183611289e+01,1.320000000000000000e+02
4.900000000000000000e+02,2.868602991104125977e+00,3.266455276183611289e+01,6.200000000000000000e+01
4.910000000000000000e+02,2.900866031646728516e+00,3.266455276183611289e+01,1.330000000000000000e+02
4.920000000000000000e+02,2.906754970550537109e+00,3.266455276183611289e+01,6.300000000000000000e+01
4.930000000000000000e+02,2.909538984298706055e+00,3.266455276183611289e+01,1.330000000000000000e+02
4.940000000000000000e+02,2.910950899124145508e+00,3.266455276183611289e+01,6.300000000000000000e+01
4.950000000000000000e+02,2.934429883956909180e+00,3.266455276183611289e+01,1.340000000000000000e+02
4.960000000000000000e+02,2.935708999633789062e+00,3.266455276183611289e+01,6.300000000000000000e+01
4.970000000000000000e+02,2.941664934158325195e+00,3.266455276183611289e+01,1.340000000000000000e+02
4.980000000000000000e+02,2.943770885467529297e+00,3.266455276183611289e+01,6.300000000000000000e+01
4.990000000000000000e+02,2.946449041366577148e+00,3.266455276183611289e+01,1.340000000000000000e+02
