0.000000000000000000e+00,1.964807510375976562e-03,0.000000000000000000e+00,2.000000000000000000e+00
1.000000000000000000e+00,4.297018051147460938e-03,0.000000000000000000e+00,2.000000000000000000e+00
2.000000000000000000e+00,6.392955780029296875e-03,0.000000000000000000e+00,3.000000000000000000e+00
3.000000000000000000e+00,8.877992630004882812e-03,0.000000000000000000e+00,3.000000000000000000e+00
4.000000000000000000e+00,1.025485992431640625e-02,0.000000000000000000e+00,3.000000000000000000e+00
5.000000000000000000e+00,1.290392875671386719e-02,0.000000000000000000e+00,4.000000000000000000e+00
6.000000000000000000e+00,1.540088653564453125e-02,0.000000000000000000e+00,4.000000000000000000e+00
7.000000000000000000e+00,1.732587814331054688e-02,0.000000000000000000e+00,5.000000000000000000e+00
8.000000000000000000e+00,1.904892921447753906e-02,0.000000000000000000e+00,5.000000000000000000e+00
9.000000000000000000e+00,2.134299278259277344e-02,2.297646281215066111e+01,6.000000000000000000e+00
1.000000000000000000e+01,2.279496192932128906e-02,2.297646281215066111e+01,6.000000000000000000e+00
1.100000000000000000e+01,2.354288101196289062e-02,2.297646281215066111e+01,4.000000000000000000e+00
1.200000000000000000e+01,2.539587020874023438e-02,2.271074873072411648e+01,7.000000000000000000e+00
1.300000000000000000e+01,2.619385719299316406e-02,2.271074873072411648e+01,4.000000000000000000e+00
1.400000000000000000e+01,2.792096138000488281e-02,2.271074873072411648e+01,8.000000000000000000e+00
1.500000000000000000e+01,2.874898910522460938e-02,2.271074873072411648e+01,4.000000000000000000e+00
1.600000000000000000e+01,3.027892112731933594e-02,2.271074873072411648e+01,9.000000000000000000e+00
1.700000000000000000e+01,3.113484382629394531e-02,2.271074873072411648e+01,4.000000000000000000e+00
1.800000000000000000e+01,3.259682655334472656e-02,2.271074873072411648e+01,1.000000000000000000e+01
1.900000000000000000e+01,3.382492065429687500e-02,2.271074873072411648e+01,4.000000000000000000e+00
2.000000000000000000e+01,3.459501266479492188e-02,2.271074873072411648e+01,1.000000000000000000e+01
2.100000000000000000e+01,3.545999526977539062e-02,2.271074873072411648e+01,4.000000000000000000e+00
2.200000000000000000e+01,3.627991676330566406e-02,2.271074873072411648e+01,1.000000000000000000e+01
2.300000000000000000e+01,3.828501701354980469e-02,2.271074873072411648e+01,4.000000000000000000e+00
2.400000000000000000e+01,3.913402557373046875e-02,2.271074873072411648e+01,1.000000000000000000e+01
2.500000000000000000e+01,4.106092453002929688e-02,2.268805361093943773e+01,5.000000000000000000e+00
2.600000000000000000e+01,4.194402694702148438e-02,2.268805361093943773e+01,1.000000000000000000e+01
2.700000000000000000e+01,4.397892951965332031e-02,2.268805361093943773e+01,5.000000000000000000e+00
2.800000000000000000e+01,4.493498802185058594e-02,2.268805361093943773e+01,1.000000000000000000e+01
2.900000000000000000e+01,4.586386680603027344e-02,2.268805361093943773e+01,5.000000000000000000e+00
3.000000000000000000e+01,4.680180549621582031e-02,2.268805361093943773e+01,1.000000000000000000e+01
3.100000000000000000e+01,4.837489128112792969e-02,2.268805361093943773e+01,5.000000000000000000e+00
3.200000000000000000e+01,4.909682273864746094e-02,2.268805361093943773e+01,1.000000000000000000e+01
3.300000000000000000e+01,4.969501495361328125e-02,2.268805361093943773e+01,5.000000000000000000e+00
3.400000000000000000e+01,5.430102348327636719e-02,2.268805361093943773e+01,1.100000000000000000e+01
3.500000000000000000e+01,5.767989158630371094e-02,2.268805361093943773e+01,6.000000000000000000e+00
3.600000000000000000e+01,6.087303161621093750e-02,2.268805361093943773e+01,1.200000000000000000e+01
3.700000000000000000e+01,6.404900550842285156e-02,2.268805361093943773e+01,7.000000000000000000e+00
3.800000000000000000e+01,6.714296340942382812e-02,2.268805361093943773e+01,1.300000000000000000e+01
3.900000000000000000e+01,6.977796554565429688e-02,2.185066851484056727e+01,8.000000000000000000e+00
4.000000000000000000e+01,7.248187065124511719e-02,2.185066851484056727e+01,1.400000000000000000e+01
4.100000000000000000e+01,7.313585281372070312e-02,2.185066851484056727e+01,6.000000000000000000e+00
4.200000000000000000e+01,7.374596595764160156e-02,2.185066851484056727e+01,1.400000000000000000e+01
4.300000000000000000e+01,7.455396652221679688e-02,2.185066851484056727e+01,6.000000000000000000e+00
4.400000000000000000e+01,7.690787315368652344e-02,2.185066851484056727e+01,1.500000000000000000e+01
4.500000000000000000e+01,7.779884338378906250e-02,2.185066851484056727e+01,6.000000000000000000e+00
4.600000000000000000e+01,7.981586456298828125e-02,2.185066851484056727e+01,1.600000000000000000e+01
4.700000000000000000e+01,8.068680763244628906e-02,2.185066851484056727e+01,6.000000000000000000e+00
4.800000000000000000e+01,8.137798309326171875e-02,2.185066851484056727e+01,1.600000000000000000e+01
4.900000000000000000e+01,8.232879638671875000e-02,2.185066851484056727e+01,6.000000000000000000e+00
5.000000000000000000e+01,8.310389518737792969e-02,2.185066851484056727e+01,1.600000000000000000e+01
5.100000000000000000e+01,8.412599563598632812e-02,2.185066851484056727e+01,6.000000000000000000e+00
5.200000000000000000e+01,8.505702018737792969e-02,2.185066851484056727e+01,1.600000000000000000e+01
5.300000000000000000e+01,8.620595932006835938e-02,2.185066851484056727e+01,6.000000000000000000e+00
5.400000000000000000e+01,8.699798583984375000e-02,2.185066851484056727e+01,1.600000000000000000e+01
5.500000000000000000e+01,8.799600601196289062e-02,2.185066851484056727e+01,6.000000000000000000e+00
5.600000000000000000e+01,8.891296386718750000e-02,2.185066851484056727e+01,1.600000000000000000e+01
5.700000000000000000e+01,8.980894088745117188e-02,2.185066851484056727e+01,6.000000000000000000e+00
5.800000000000000000e+01,9.075880050659179688e-02,2.185066851484056727e+01,1.600000000000000000e+01
5.900000000000000000e+01,9.166979789733886719e-02,2.185066851484056727e+01,6.000000000000000000e+00
6.000000000000000000e+01,9.266781806945800781e-02,2.185066851484056727e+01,1.600000000000000000e+01
6.100000000000000000e+01,9.399080276489257812e-02,2.185066851484056727e+01,6.000000000000000000e+00
6.200000000000000000e+01,9.508395195007324219e-02,2.185066851484056727e+01,1.600000000000000000e+01
6.300000000000000000e+01,9.614396095275878906e-02,2.185066851484056727e+01,6.000000000000000000e+00
6.400000000000000000e+01,9.709000587463378906e-02,2.185066851484056727e+01,1.600000000000000000e+01
6.500000000000000000e+01,9.761881828308105469e-02,2.185066851484056727e+01,6.000000000000000000e+00
6.600000000000000000e+01,1.018149852752685547e-01,2.185066851484056727e+01,1.700000000000000000e+01
6.700000000000000000e+01,1.051528453826904297e-01,2.185066851484056727e+01,7.000000000000000000e+00
6.800000000000000000e+01,1.062178611755371094e-01,2.185066851484056727e+01,1.700000000000000000e+01
6.900000000000000000e+01,1.088039875030517578e-01,2.185066851484056727e+01,8.000000000000000000e+00
7.000000000000000000e+01,1.123089790344238281e-01,2.185066851484056727e+01,1.800000000000000000e+01
7.100000000000000000e+01,1.145398616790771484e-01,2.132397456161342220e+01,9.000000000000000000e+00
7.200000000000000000e+01,1.176419258117675781e-01,2.132397456161342220e+01,1.900000000000000000e+01
7.300000000000000000e+01,1.183438301086425781e-01,2.132397456161342220e+01,7.000000000000000000e+00
7.400000000000000000e+01,1.214098930358886719e-01,2.132397456161342220e+01,2.000000000000000000e+01
7.500000000000000000e+01,1.221239566802978516e-01,2.132397456161342220e+01,7.000000000000000000e+00
7.600000000000000000e+01,1.246550083160400391e-01,2.132397456161342220e+01,2.100000000000000000e+01
7.700000000000000000e+01,1.254658699035644531e-01,2.132397456161342220e+01,7.000000000000000000e+00
7.800000000000000000e+01,1.279380321502685547e-01,2.132397456161342220e+01,2.200000000000000000e+01
7.900000000000000000e+01,1.286938190460205078e-01,2.132397456161342220e+01,7.000000000000000000e+00
8.000000000000000000e+01,1.294388771057128906e-01,2.132397456161342220e+01,2.200000000000000000e+01
8.100000000000000000e+01,1.303899288177490234e-01,2.132397456161342220e+01,7.000000000000000000e+00
8.200000000000000000e+01,1.319899559020996094e-01,2.132397456161342220e+01,2.300000000000000000e+01
8.300000000000000000e+01,1.328589916229248047e-01,2.132397456161342220e+01,7.000000000000000000e+00
8.400000000000000000e+01,1.336948871612548828e-01,2.132397456161342220e+01,2.300000000000000000e+01
8.500000000000000000e+01,1.346008777618408203e-01,2.132397456161342220e+01,7.000000000000000000e+00
8.600000000000000000e+01,1.355609893798828125e-01,2.132397456161342220e+01,2.300000000000000000e+01
8.700000000000000000e+01,1.371259689331054688e-01,2.132397456161342220e+01,7.000000000000000000e+00
8.800000000000000000e+01,1.380949020385742188e-01,2.132397456161342220e+01,2.300000000000000000e+01
8.900000000000000000e+01,1.394309997558593750e-01,2.132397456161342220e+01,7.000000000000000000e+00
9.000000000000000000e+01,1.407558917999267578e-01,2.132397456161342220e+01,2.300000000000000000e+01
9.100000000000000000e+01,1.416609287261962891e-01,2.132397456161342220e+01,7.000000000000000000e+00
9.200000000000000000e+01,1.429078578948974609e-01,2.132397456161342220e+01,2.300000000000000000e+01
9.300000000000000000e+01,1.441140174865722656e-01,2.132397456161342220e+01,7.000000000000000000e+00
9.400000000000000000e+01,1.452829837799072266e-01,2.132397456161342220e+01,2.300000000000000000e+01
9.500000000000000000e+01,1.466088294982910156e-01,2.132397456161342220e+01,7.000000000000000000e+00
9.600000000000000000e+01,1.528649330139160156e-01,2.132397456161342220e+01,2.400000000000000000e+01
9.700000000000000000e+01,1.533839702606201172e-01,2.132397456161342220e+01,7.000000000000000000e+00
9.800000000000000000e+01,1.592278480529785156e-01,2.132397456161342220e+01,2.500000000000000000e+01
9.900000000000000000e+01,1.627149581909179688e-01,2.132397456161342220e+01,8.000000000000000000e+00
1.000000000000000000e+02,1.650989055633544922e-01,2.132397456161342220e+01,2.500000000000000000e+01
1.010000000000000000e+02,1.656479835510253906e-01,2.132397456161342220e+01,8.000000000000000000e+00
1.020000000000000000e+02,1.701200008392333984e-01,2.132397456161342220e+01,2.600000000000000000e+01
1.030000000000000000e+02,1.707379817962646484e-01,2.132397456161342220e+01,8.000000000000000000e+00
1.040000000000000000e+02,1.723217964172363281e-01,2.132397456161342220e+01,2.600000000000000000e+01
1.050000000000000000e+02,1.729948520660400391e-01,2.132397456161342220e+01,8.000000000000000000e+00
1.060000000000000000e+02,1.780338287353515625e-01,2.132397456161342220e+01,2.700000000000000000e+01
1.070000000000000000e+02,1.787559986114501953e-01,2.132397456161342220e+01,8.000000000000000000e+00
1.080000000000000000e+02,1.811478137969970703e-01,2.132397456161342220e+01,2.800000000000000000e+01
1.090000000000000000e+02,1.819279193878173828e-01,2.132397456161342220e+01,8.000000000000000000e+00
1.100000000000000000e+02,1.847338676452636719e-01,2.132397456161342220e+01,2.900000000000000000e+01
1.110000000000000000e+02,1.855969429016113281e-01,2.132397456161342220e+01,8.000000000000000000e+00
1.120000000000000000e+02,1.882038116455078125e-01,2.132397456161342220e+01,3.000000000000000000e+01
1.130000000000000000e+02,1.891009807586669922e-01,2.132397456161342220e+01,8.000000000000000000e+00
1.140000000000000000e+02,1.898448467254638672e-01,2.132397456161342220e+01,3.000000000000000000e+01
1.150000000000000000e+02,1.907618045806884766e-01,2.132397456161342220e+01,8.000000000000000000e+00
1.160000000000000000e+02,1.917448043823242188e-01,2.132397456161342220e+01,3.000000000000000000e+01
1.170000000000000000e+02,1.927878856658935547e-01,2.132397456161342220e+01,8.000000000000000000e+00
1.180000000000000000e+02,1.937379837036132812e-01,2.132397456161342220e+01,3.000000000000000000e+01
1.190000000000000000e+02,1.946408748626708984e-01,2.132397456161342220e+01,8.000000000000000000e+00
1.200000000000000000e+02,1.957228183746337891e-01,2.132397456161342220e+01,3.000000000000000000e+01
1.210000000000000000e+02,1.966938972473144531e-01,2.132397456161342220e+01,8.000000000000000000e+00
1.220000000000000000e+02,1.977858543395996094e-01,2.132397456161342220e+01,3.000000000000000000e+01
1.230000000000000000e+02,1.989688873291015625e-01,2.132397456161342220e+01,8.000000000000000000e+00
1.240000000000000000e+02,2.001259326934814453e-01,2.132397456161342220e+01,3.000000000000000000e+01
1.250000000000000000e+02,2.018568515777587891e-01,2.132397456161342220e+01,8.000000000000000000e+00
1.260000000000000000e+02,2.031319141387939453e-01,2.132397456161342220e+01,3.000000000000000000e+01
1.270000000000000000e+02,2.047560214996337891e-01,2.132397456161342220e+01,8.000000000000000000e+00
1.280000000000000000e+02,2.102088928222656250e-01,2.132397456161342220e+01,3.100000000000000000e+01
1.290000000000000000e+02,2.107558250427246094e-01,2.132397456161342220e+01,8.000000000000000000e+00
1.300000000000000000e+02,2.115468978881835938e-01,2.132397456161342220e+01,3.100000000000000000e+01
1.310000000000000000e+02,2.120258808135986328e-01,2.132397456161342220e+01,8.000000000000000000e+00
1.320000000000000000e+02,2.129800319671630859e-01,2.132397456161342220e+01,3.100000000000000000e+01
1.330000000000000000e+02,2.153949737548828125e-01,2.132397456161342220e+01,9.000000000000000000e+00
1.340000000000000000e+02,2.199039459228515625e-01,2.132397456161342220e+01,3.200000000000000000e+01
1.350000000000000000e+02,2.209279537200927734e-01,2.132397456161342220e+01,9.000000000000000000e+00
1.360000000000000000e+02,2.296128273010253906e-01,2.132397456161342220e+01,3.300000000000000000e+01
1.370000000000000000e+02,2.302370071411132812e-01,2.132397456161342220e+01,9.000000000000000000e+00
1.380000000000000000e+02,2.349469661712646484e-01,2.132397456161342220e+01,3.400000000000000000e+01
1.390000000000000000e+02,2.356498241424560547e-01,2.132397456161342220e+01,9.000000000000000000e+00
1.400000000000000000e+02,2.390480041503906250e-01,2.132397456161342220e+01,3.500000000000000000e+01
1.410000000000000000e+02,2.398259639739990234e-01,2.132397456161342220e+01,9.000000000000000000e+00
1.420000000000000000e+02,2.434029579162597656e-01,2.132397456161342220e+01,3.600000000000000000e+01
1.430000000000000000e+02,2.442178726196289062e-01,2.132397456161342220e+01,9.000000000000000000e+00
1.440000000000000000e+02,2.467930316925048828e-01,2.132397456161342220e+01,3.700000000000000000e+01
1.450000000000000000e+02,2.476458549499511719e-01,2.132397456161342220e+01,9.000000000000000000e+00
1.460000000000000000e+02,2.501809597015380859e-01,2.132397456161342220e+01,3.800000000000000000e+01
1.470000000000000000e+02,2.512419223785400391e-01,2.132397456161342220e+01,9.000000000000000000e+00
1.480000000000000000e+02,2.531788349151611328e-01,2.113736083849624237e+01,3.900000000000000000e+01
1.490000000000000000e+02,2.540860176086425781e-01,2.113736083849624237e+01,7.000000000000000000e+00
1.500000000000000000e+02,2.549068927764892578e-01,2.113736083849624237e+01,3.500000000000000000e+01
1.510000000000000000e+02,2.558169364929199219e-01,2.113736083849624237e+01,7.000000000000000000e+00
1.520000000000000000e+02,2.569849491119384766e-01,2.113736083849624237e+01,3.500000000000000000e+01
1.530000000000000000e+02,2.581348419189453125e-01,2.113736083849624237e+01,7.000000000000000000e+00
1.540000000000000000e+02,2.593619823455810547e-01,2.113736083849624237e+01,3.500000000000000000e+01
1.550000000000000000e+02,2.605788707733154297e-01,2.113736083849624237e+01,7.000000000000000000e+00
1.560000000000000000e+02,2.618589401245117188e-01,2.113736083849624237e+01,3.500000000000000000e+01
1.570000000000000000e+02,2.629778385162353516e-01,2.113736083849624237e+01,7.000000000000000000e+00
1.580000000000000000e+02,2.643678188323974609e-01,2.113736083849624237e+01,3.500000000000000000e+01
1.590000000000000000e+02,2.700629234313964844e-01,2.113736083849624237e+01,7.000000000000000000e+00
1.600000000000000000e+02,2.711188793182373047e-01,2.113736083849624237e+01,3.500000000000000000e+01
1.610000000000000000e+02,2.716038227081298828e-01,2.113736083849624237e+01,7.000000000000000000e+00
1.620000000000000000e+02,2.727589607238769531e-01,2.113736083849624237e+01,3.500000000000000000e+01
1.630000000000000000e+02,2.732439041137695312e-01,2.113736083849624237e+01,7.000000000000000000e+00
1.640000000000000000e+02,2.805240154266357422e-01,2.113736083849624237e+01,3.600000000000000000e+01
1.650000000000000000e+02,2.812387943267822266e-01,2.113736083849624237e+01,7.000000000000000000e+00
1.660000000000000000e+02,2.861759662628173828e-01,2.113736083849624237e+01,3.700000000000000000e+01
1.670000000000000000e+02,2.868018150329589844e-01,2.113736083849624237e+01,7.000000000000000000e+00
1.680000000000000000e+02,2.951498031616210938e-01,2.113736083849624237e+01,3.800000000000000000e+01
1.690000000000000000e+02,2.958259582519531250e-01,2.113736083849624237e+01,7.000000000000000000e+00
1.700000000000000000e+02,3.024859428405761719e-01,2.113736083849624237e+01,3.900000000000000000e+01
1.710000000000000000e+02,3.033180236816406250e-01,2.113736083849624237e+01,7.000000000000000000e+00
1.720000000000000000e+02,3.061358928680419922e-01,2.113736083849624237e+01,4.000000000000000000e+01
1.730000000000000000e+02,3.079559803009033203e-01,2.073160914939073862e+01,8.000000000000000000e+00
1.740000000000000000e+02,3.109538555145263672e-01,2.073160914939073862e+01,3.500000000000000000e+01
1.750000000000000000e+02,3.117089271545410156e-01,2.073160914939073862e+01,5.000000000000000000e+00
1.760000000000000000e+02,3.122978210449218750e-01,2.073160914939073862e+01,3.500000000000000000e+01
1.770000000000000000e+02,3.131389617919921875e-01,2.073160914939073862e+01,5.000000000000000000e+00
1.780000000000000000e+02,3.140828609466552734e-01,2.073160914939073862e+01,3.500000000000000000e+01
1.790000000000000000e+02,3.149750232696533203e-01,2.073160914939073862e+01,5.000000000000000000e+00
1.800000000000000000e+02,3.160858154296875000e-01,2.073160914939073862e+01,3.500000000000000000e+01
1.810000000000000000e+02,3.169548511505126953e-01,2.073160914939073862e+01,5.000000000000000000e+00
1.820000000000000000e+02,3.180499076843261719e-01,2.073160914939073862e+01,3.500000000000000000e+01
1.830000000000000000e+02,3.189790248870849609e-01,2.073160914939073862e+01,5.000000000000000000e+00
1.840000000000000000e+02,3.200387954711914062e-01,2.073160914939073862e+01,3.500000000000000000e+01
1.850000000000000000e+02,3.215699195861816406e-01,2.073160914939073862e+01,5.000000000000000000e+00
1.860000000000000000e+02,3.227689266204833984e-01,2.073160914939073862e+01,3.500000000000000000e+01
1.870000000000000000e+02,3.250768184661865234e-01,2.073160914939073862e+01,5.000000000000000000e+00
1.880000000000000000e+02,3.263850212097167969e-01,2.073160914939073862e+01,3.500000000000000000e+01
1.890000000000000000e+02,3.279528617858886719e-01,2.073160914939073862e+01,5.000000000000000000e+00
1.900000000000000000e+02,3.292520046234130859e-01,2.073160914939073862e+01,3.500000000000000000e+01
1.910000000000000000e+02,3.303098678588867188e-01,2.073160914939073862e+01,5.000000000000000000e+00
1.920000000000000000e+02,3.423798084259033203e-01,2.073160914939073862e+01,3.600000000000000000e+01
1.930000000000000000e+02,3.430368900299072266e-01,2.073160914939073862e+01,5.000000000000000000e+00
1.940000000000000000e+02,3.438639640808105469e-01,2.073160914939073862e+01,3.600000000000000000e+01
1.950000000000000000e+02,3.443729877471923828e-01,2.073160914939073862e+01,5.000000000000000000e+00
1.960000000000000000e+02,3.526449203491210938e-01,2.073160914939073862e+01,3.700000000000000000e+01
1.970000000000000000e+02,3.531658649444580078e-01,2.073160914939073862e+01,5.000000000000000000e+00
1.980000000000000000e+02,3.613879680633544922e-01,2.073160914939073862e+01,3.800000000000000000e+01
1.990000000000000000e+02,3.620579242706298828e-01,2.073160914939073862e+01,5.000000000000000000e+00
2.000000000000000000e+02,3.636319637298583984e-01,2.073160914939073862e+01,3.800000000000000000e+01
2.010000000000000000e+02,3.642978668212890625e-01,2.073160914939073862e+01,5.000000000000000000e+00
2.020000000000000000e+02,3.692009449005126953e-01,2.073160914939073862e+01,3.900000000000000000e+01
2.030000000000000000e+02,3.699038028717041016e-01,2.073160914939073862e+01,5.000000000000000000e+00
2.040000000000000000e+02,3.723158836364746094e-01,2.073160914939073862e+01,4.000000000000000000e+01
2.050000000000000000e+02,3.731439113616943359e-01,2.073160914939073862e+01,5.000000000000000000e+00
2.060000000000000000e+02,3.742728233337402344e-01,2.073160914939073862e+01,4.000000000000000000e+01
2.070000000000000000e+02,3.751208782196044922e-01,2.073160914939073862e+01,5.000000000000000000e+00
2.080000000000000000e+02,3.772549629211425781e-01,2.073160914939073862e+01,4.100000000000000000e+01
2.090000000000000000e+02,3.781030178070068359e-01,2.073160914939073862e+01,5.000000000000000000e+00
2.100000000000000000e+02,3.787457942962646484e-01,2.073160914939073862e+01,4.100000000000000000e+01
2.110000000000000000e+02,3.797090053558349609e-01,2.073160914939073862e+01,5.000000000000000000e+00
2.120000000000000000e+02,3.807799816131591797e-01,2.073160914939073862e+01,4.100000000000000000e+01
2.130000000000000000e+02,3.825669288635253906e-01,2.073160914939073862e+01,5.000000000000000000e+00
2.140000000000000000e+02,3.836779594421386719e-01,2.073160914939073862e+01,4.100000000000000000e+01
2.150000000000000000e+02,3.848118782043457031e-01,2.073160914939073862e+01,5.000000000000000000e+00
2.160000000000000000e+02,3.859808444976806641e-01,2.073160914939073862e+01,4.100000000000000000e+01
2.170000000000000000e+02,3.868799209594726562e-01,2.073160914939073862e+01,5.000000000000000000e+00
2.180000000000000000e+02,3.881208896636962891e-01,2.073160914939073862e+01,4.100000000000000000e+01
2.190000000000000000e+02,3.904869556427001953e-01,2.073160914939073862e+01,5.000000000000000000e+00
2.200000000000000000e+02,3.916978836059570312e-01,2.073160914939073862e+01,4.100000000000000000e+01
2.210000000000000000e+02,3.931238651275634766e-01,2.073160914939073862e+01,5.000000000000000000e+00
2.220000000000000000e+02,3.945038318634033203e-01,2.073160914939073862e+01,4.100000000000000000e+01
2.230000000000000000e+02,3.957128524780273438e-01,2.073160914939073862e+01,5.000000000000000000e+00
2.240000000000000000e+02,3.975429534912109375e-01,2.073160914939073862e+01,4.100000000000000000e+01
2.250000000000000000e+02,3.980789184570312500e-01,2.073160914939073862e+01,5.000000000000000000e+00
2.260000000000000000e+02,4.085688591003417969e-01,2.073160914939073862e+01,4.200000000000000000e+01
2.270000000000000000e+02,4.091348648071289062e-01,2.073160914939073862e+01,5.000000000000000000e+00
2.280000000000000000e+02,4.191339015960693359e-01,2.073160914939073862e+01,4.300000000000000000e+01
2.290000000000000000e+02,4.196698665618896484e-01,2.073160914939073862e+01,5.000000000000000000e+00
2.300000000000000000e+02,4.217379093170166016e-01,2.073160914939073862e+01,4.300000000000000000e+01
2.310000000000000000e+02,4.223358631134033203e-01,2.073160914939073862e+01,5.000000000000000000e+00
2.320000000000000000e+02,4.254488945007324219e-01,2.073160914939073862e+01,4.300000000000000000e+01
2.330000000000000000e+02,4.260439872741699219e-01,2.073160914939073862e+01,5.000000000000000000e+00
2.340000000000000000e+02,4.321169853210449219e-01,2.073160914939073862e+01,4.400000000000000000e+01
2.350000000000000000e+02,4.331359863281250000e-01,2.073160914939073862e+01,5.000000000000000000e+00
2.360000000000000000e+02,4.375238418579101562e-01,2.073160914939073862e+01,4.500000000000000000e+01
2.370000000000000000e+02,4.382929801940917969e-01,2.073160914939073862e+01,5.000000000000000000e+00
2.380000000000000000e+02,4.417178630828857422e-01,2.073160914939073862e+01,4.600000000000000000e+01
2.390000000000000000e+02,4.424738883972167969e-01,2.073160914939073862e+01,5.000000000000000000e+00
2.400000000000000000e+02,4.453489780426025391e-01,2.073160914939073862e+01,4.700000000000000000e+01
2.410000000000000000e+02,4.461698532104492188e-01,2.073160914939073862e+01,5.000000000000000000e+00
2.420000000000000000e+02,4.486188888549804688e-01,2.073160914939073862e+01,4.800000000000000000e+01
2.430000000000000000e+02,4.498338699340820312e-01,2.073160914939073862e+01,5.000000000000000000e+00
2.440000000000000000e+02,4.508988857269287109e-01,2.073160914939073862e+01,4.800000000000000000e+01
2.450000000000000000e+02,4.517848491668701172e-01,2.073160914939073862e+01,5.000000000000000000e+00
2.460000000000000000e+02,4.525058269500732422e-01,2.073160914939073862e+01,4.800000000000000000e+01
2.470000000000000000e+02,4.541749954223632812e-01,2.073160914939073862e+01,5.000000000000000000e+00
2.480000000000000000e+02,4.554479122161865234e-01,2.073160914939073862e+01,4.800000000000000000e+01
2.490000000000000000e+02,4.567148685455322266e-01,2.073160914939073862e+01,5.000000000000000000e+00
2.500000000000000000e+02,4.581818580627441406e-01,2.073160914939073862e+01,4.800000000000000000e+01
2.510000000000000000e+02,4.590768814086914062e-01,2.073160914939073862e+01,5.000000000000000000e+00
2.520000000000000000e+02,4.605000019073486328e-01,2.073160914939073862e+01,4.800000000000000000e+01
2.530000000000000000e+02,4.616718292236328125e-01,2.073160914939073862e+01,5.000000000000000000e+00
2.540000000000000000e+02,4.632749557495117188e-01,2.073160914939073862e+01,4.800000000000000000e+01
2.550000000000000000e+02,4.642419815063476562e-01,2.073160914939073862e+01,5.000000000000000000e+00
2.560000000000000000e+02,4.648079872131347656e-01,2.073160914939073862e+01,4.800000000000000000e+01
2.570000000000000000e+02,4.678239822387695312e-01,2.073160914939073862e+01,6.000000000000000000e+00
2.580000000000000000e+02,4.695539474487304688e-01,2.073160914939073862e+01,4.800000000000000000e+01
2.590000000000000000e+02,4.701168537139892578e-01,2.073160914939073862e+01,6.000000000000000000e+00
2.600000000000000000e+02,4.810588359832763672e-01,2.073160914939073862e+01,4.900000000000000000e+01
2.610000000000000000e+02,4.815769195556640625e-01,2.073160914939073862e+01,6.000000000000000000e+00
2.620000000000000000e+02,4.833350181579589844e-01,2.073160914939073862e+01,4.900000000000000000e+01
2.630000000000000000e+02,4.839549064636230469e-01,2.073160914939073862e+01,6.000000000000000000e+00
2.640000000000000000e+02,4.902129173278808594e-01,2.073160914939073862e+01,4.900000000000000000e+01
2.650000000000000000e+02,4.908850193023681641e-01,2.073160914939073862e+01,6.000000000000000000e+00
2.660000000000000000e+02,4.974858760833740234e-01,2.073160914939073862e+01,5.000000000000000000e+01
2.670000000000000000e+02,4.982368946075439453e-01,2.073160914939073862e+01,6.000000000000000000e+00
2.680000000000000000e+02,5.026309490203857422e-01,2.073160914939073862e+01,5.100000000000000000e+01
2.690000000000000000e+02,5.033519268035888672e-01,2.073160914939073862e+01,6.000000000000000000e+00
2.700000000000000000e+02,5.070559978485107422e-01,2.073160914939073862e+01,5.200000000000000000e+01
2.710000000000000000e+02,5.078120231628417969e-01,2.073160914939073862e+01,6.000000000000000000e+00
2.720000000000000000e+02,5.091669559478759766e-01,2.073160914939073862e+01,5.200000000000000000e+01
2.730000000000000000e+02,5.101869106292724609e-01,2.073160914939073862e+01,6.000000000000000000e+00
2.740000000000000000e+02,5.113258361816406250e-01,2.073160914939073862e+01,5.200000000000000000e+01
2.750000000000000000e+02,5.122318267822265625e-01,2.073160914939073862e+01,6.000000000000000000e+00
2.760000000000000000e+02,5.134990215301513672e-01,2.073160914939073862e+01,5.200000000000000000e+01
2.770000000000000000e+02,5.143828392028808594e-01,2.073160914939073862e+01,6.000000000000000000e+00
2.780000000000000000e+02,5.151629447937011719e-01,2.073160914939073862e+01,5.200000000000000000e+01
2.790000000000000000e+02,5.160248279571533203e-01,2.073160914939073862e+01,6.000000000000000000e+00
2.800000000000000000e+02,5.173318386077880859e-01,2.073160914939073862e+01,5.200000000000000000e+01
2.810000000000000000e+02,5.182487964630126953e-01,2.073160914939073862e+01,6.000000000000000000e+00
2.820000000000000000e+02,5.196659564971923828e-01,2.073160914939073862e+01,5.200000000000000000e+01
2.830000000000000000e+02,5.205760002136230469e-01,2.073160914939073862e+01,6.000000000000000000e+00
2.840000000000000000e+02,5.220439434051513672e-01,2.073160914939073862e+01,5.200000000000000000e+01
2.850000000000000000e+02,5.231449604034423828e-01,2.073160914939073862e+01,6.000000000000000000e+00
2.860000000000000000e+02,5.246360301971435547e-01,2.073160914939073862e+01,5.200000000000000000e+01
2.870000000000000000e+02,5.263679027557373047e-01,2.073160914939073862e+01,6.000000000000000000e+00
2.880000000000000000e+02,5.274198055267333984e-01,2.073160914939073862e+01,5.200000000000000000e+01
2.890000000000000000e+02,5.279469490051269531e-01,2.073160914939073862e+01,6.000000000000000000e+00
2.900000000000000000e+02,5.399878025054931641e-01,2.073160914939073862e+01,5.300000000000000000e+01
2.910000000000000000e+02,5.406198501586914062e-01,2.073160914939073862e+01,6.000000000000000000e+00
2.920000000000000000e+02,5.519998073577880859e-01,2.073160914939073862e+01,5.400000000000000000e+01
2.930000000000000000e+02,5.525429248809814453e-01,2.073160914939073862e+01,6.000000000000000000e+00
2.940000000000000000e+02,5.625379085540771484e-01,2.073160914939073862e+01,5.500000000000000000e+01
2.950000000000000000e+02,5.632729530334472656e-01,2.073160914939073862e+01,6.000000000000000000e+00
2.960000000000000000e+02,5.722329616546630859e-01,2.073160914939073862e+01,5.600000000000000000e+01
2.970000000000000000e+02,5.729348659515380859e-01,2.073160914939073862e+01,6.000000000000000000e+00
2.980000000000000000e+02,5.810139179229736328e-01,2.073160914939073862e+01,5.700000000000000000e+01
2.990000000000000000e+02,5.817108154296875000e-01,2.073160914939073862e+01,6.000000000000000000e+00
3.000000000000000000e+02,5.853929519653320312e-01,2.073160914939073862e+01,5.800000000000000000e+01
3.010000000000000000e+02,5.862579345703125000e-01,2.073160914939073862e+01,6.000000000000000000e+00
3.020000000000000000e+02,5.906820297241210938e-01,2.073160914939073862e+01,5.900000000000000000e+01
3.030000000000000000e+02,5.914878845214843750e-01,2.073160914939073862e+01,6.000000000000000000e+00
3.040000000000000000e+02,5.935728549957275391e-01,2.073160914939073862e+01,6.000000000000000000e+01
3.050000000000000000e+02,5.944018363952636719e-01,2.073160914939073862e+01,6.000000000000000000e+00
3.060000000000000000e+02,5.973379611968994141e-01,2.073160914939073862e+01,6.100000000000000000e+01
3.070000000000000000e+02,5.984699726104736328e-01,2.073160914939073862e+01,6.000000000000000000e+00
3.080000000000000000e+02,5.993490219116210938e-01,2.073160914939073862e+01,6.100000000000000000e+01
3.090000000000000000e+02,6.004679203033447266e-01,2.073160914939073862e+01,6.000000000000000000e+00
3.100000000000000000e+02,6.019778251647949219e-01,2.073160914939073862e+01,6.100000000000000000e+01
3.110000000000000000e+02,6.030058860778808594e-01,2.073160914939073862e+01,6.000000000000000000e+00
3.120000000000000000e+02,6.044869422912597656e-01,2.073160914939073862e+01,6.100000000000000000e+01
3.130000000000000000e+02,6.054148674011230469e-01,2.073160914939073862e+01,6.000000000000000000e+00
3.140000000000000000e+02,6.070339679718017578e-01,2.073160914939073862e+01,6.100000000000000000e+01
3.150000000000000000e+02,6.082479953765869141e-01,2.073160914939073862e+01,6.000000000000000000e+00
3.160000000000000000e+02,6.100280284881591797e-01,2.073160914939073862e+01,6.100000000000000000e+01
3.170000000000000000e+02,6.110088825225830078e-01,2.073160914939073862e+01,6.000000000000000000e+00
3.180000000000000000e+02,6.126139163970947266e-01,2.073160914939073862e+01,6.100000000000000000e+01
3.190000000000000000e+02,6.139929294586181641e-01,2.073160914939073862e+01,6.000000000000000000e+00
3.200000000000000000e+02,6.157519817352294922e-01,2.073160914939073862e+01,6.100000000000000000e+01
3.210000000000000000e+02,6.162090301513671875e-01,2.073160914939073862e+01,6.000000000000000000e+00
3.220000000000000000e+02,6.179149150848388672e-01,2.073160914939073862e+01,6.100000000000000000e+01
3.230000000000000000e+02,6.183679103851318359e-01,2.073160914939073862e+01,6.000000000000000000e+00
3.240000000000000000e+02,6.299889087677001953e-01,2.073160914939073862e+01,6.200000000000000000e+01
3.250000000000000000e+02,6.306200027465820312e-01,2.073160914939073862e+01,6.000000000000000000e+00
3.260000000000000000e+02,6.396529674530029297e-01,2.073160914939073862e+01,6.300000000000000000e+01
3.270000000000000000e+02,6.422619819641113281e-01,2.073160914939073862e+01,7.000000000000000000e+00
3.280000000000000000e+02,6.498498916625976562e-01,2.073160914939073862e+01,6.400000000000000000e+01
3.290000000000000000e+02,6.506648063659667969e-01,2.073160914939073862e+01,7.000000000000000000e+00
3.300000000000000000e+02,6.621158123016357422e-01,2.073160914939073862e+01,6.500000000000000000e+01
3.310000000000000000e+02,6.627969741821289062e-01,2.073160914939073862e+01,7.000000000000000000e+00
3.320000000000000000e+02,6.709728240966796875e-01,2.073160914939073862e+01,6.600000000000000000e+01
3.330000000000000000e+02,6.718108654022216797e-01,2.073160914939073862e+01,7.000000000000000000e+00
3.340000000000000000e+02,6.730189323425292969e-01,2.073160914939073862e+01,6.600000000000000000e+01
3.350000000000000000e+02,6.739158630371093750e-01,2.073160914939073862e+01,7.000000000000000000e+00
3.360000000000000000e+02,6.746118068695068359e-01,2.073160914939073862e+01,6.600000000000000000e+01
3.370000000000000000e+02,6.756098270416259766e-01,2.073160914939073862e+01,7.000000000000000000e+00
3.380000000000000000e+02,6.769299507141113281e-01,2.073160914939073862e+01,6.600000000000000000e+01
3.390000000000000000e+02,6.778268814086914062e-01,2.073160914939073862e+01,7.000000000000000000e+00
3.400000000000000000e+02,6.786139011383056641e-01,2.073160914939073862e+01,6.600000000000000000e+01
3.410000000000000000e+02,6.795299053192138672e-01,2.073160914939073862e+01,7.000000000000000000e+00
3.420000000000000000e+02,6.809878349304199219e-01,2.073160914939073862e+01,6.600000000000000000e+01
3.430000000000000000e+02,6.821448802947998047e-01,2.073160914939073862e+01,7.000000000000000000e+00
3.440000000000000000e+02,6.837029457092285156e-01,2.073160914939073862e+01,6.600000000000000000e+01
3.450000000000000000e+02,6.851699352264404297e-01,2.073160914939073862e+01,7.000000000000000000e+00
3.460000000000000000e+02,6.866838932037353516e-01,2.073160914939073862e+01,6.600000000000000000e+01
3.470000000000000000e+02,6.881418228149414062e-01,2.073160914939073862e+01,7.000000000000000000e+00
3.480000000000000000e+02,6.897549629211425781e-01,2.073160914939073862e+01,6.600000000000000000e+01
3.490000000000000000e+02,6.908318996429443359e-01,2.073160914939073862e+01,7.000000000000000000e+00
3.500000000000000000e+02,6.925399303436279297e-01,2.073160914939073862e+01,6.600000000000000000e+01
3.510000000000000000e+02,6.934988498687744141e-01,2.073160914939073862e+01,7.000000000000000000e+00
3.520000000000000000e+02,6.947429180145263672e-01,2.073160914939073862e+01,6.600000000000000000e+01
3.530000000000000000e+02,6.953549385070800781e-01,2.073160914939073862e+01,7.000000000000000000e+00
3.540000000000000000e+02,6.972589492797851562e-01,2.073160914939073862e+01,6.600000000000000000e+01
3.550000000000000000e+02,6.977808475494384766e-01,2.073160914939073862e+01,7.000000000000000000e+00
3.560000000000000000e+02,6.985659599304199219e-01,2.073160914939073862e+01,6.600000000000000000e+01
3.570000000000000000e+02,7.012019157409667969e-01,2.073160914939073862e+01,8.000000000000000000e+00
3.580000000000000000e+02,7.018539905548095703e-01,2.073160914939073862e+01,6.600000000000000000e+01
3.590000000000000000e+02,7.026429176330566406e-01,2.073160914939073862e+01,8.000000000000000000e+00
3.600000000000000000e+02,7.158749103546142578e-01,2.073160914939073862e+01,6.700000000000000000e+01
3.610000000000000000e+02,7.165420055389404297e-01,2.073160914939073862e+01,8.000000000000000000e+00
3.620000000000000000e+02,7.250888347625732422e-01,2.073160914939073862e+01,6.800000000000000000e+01
3.630000000000000000e+02,7.258448600769042969e-01,2.073160914939073862e+01,8.000000000000000000e+00
3.640000000000000000e+02,7.319478988647460938e-01,2.073160914939073862e+01,6.900000000000000000e+01
3.650000000000000000e+02,7.327749729156494141e-01,2.073160914939073862e+01,8.000000000000000000e+00
3.660000000000000000e+02,7.361688613891601562e-01,2.073160914939073862e+01,7.000000000000000000e+01
3.670000000000000000e+02,7.370038032531738281e-01,2.073160914939073862e+01,8.000000000000000000e+00
3.680000000000000000e+02,7.378749847412109375e-01,2.073160914939073862e+01,7.000000000000000000e+01
3.690000000000000000e+02,7.391579151153564453e-01,2.073160914939073862e+01,8.000000000000000000e+00
3.700000000000000000e+02,7.404270172119140625e-01,2.073160914939073862e+01,7.000000000000000000e+01
3.710000000000000000e+02,7.413139343261718750e-01,2.073160914939073862e+01,8.000000000000000000e+00
3.720000000000000000e+02,7.427229881286621094e-01,2.073160914939073862e+01,7.000000000000000000e+01
3.730000000000000000e+02,7.436308860778808594e-01,2.073160914939073862e+01,8.000000000000000000e+00
3.740000000000000000e+02,7.450139522552490234e-01,2.073160914939073862e+01,7.000000000000000000e+01
3.750000000000000000e+02,7.471888065338134766e-01,2.073160914939073862e+01,8.000000000000000000e+00
3.760000000000000000e+02,7.486639022827148438e-01,2.073160914939073862e+01,7.000000000000000000e+01
3.770000000000000000e+02,7.496018409729003906e-01,2.073160914939073862e+01,8.000000000000000000e+00
3.780000000000000000e+02,7.510449886322021484e-01,2.073160914939073862e+01,7.000000000000000000e+01
3.790000000000000000e+02,7.530019283294677734e-01,2.073160914939073862e+01,8.000000000000000000e+00
3.800000000000000000e+02,7.546479701995849609e-01,2.073160914939073862e+01,7.000000000000000000e+01
3.810000000000000000e+02,7.557418346405029297e-01,2.073160914939073862e+01,8.000000000000000000e+00
3.820000000000000000e+02,7.575449943542480469e-01,2.073160914939073862e+01,7.000000000000000000e+01
3.830000000000000000e+02,7.589118480682373047e-01,2.073160914939073862e+01,8.000000000000000000e+00
3.840000000000000000e+02,7.602260112762451172e-01,2.073160914939073862e+01,7.000000000000000000e+01
3.850000000000000000e+02,7.607748508453369141e-01,2.073160914939073862e+01,8.000000000000000000e+00
3.860000000000000000e+02,7.631227970123291016e-01,2.073160914939073862e+01,7.000000000000000000e+01
3.870000000000000000e+02,7.637438774108886719e-01,2.073160914939073862e+01,8.000000000000000000e+00
3.880000000000000000e+02,7.754869461059570312e-01,2.073160914939073862e+01,7.100000000000000000e+01
3.890000000000000000e+02,7.761149406433105469e-01,2.073160914939073862e+01,8.000000000000000000e+00
3.900000000000000000e+02,7.900648117065429688e-01,2.073160914939073862e+01,7.200000000000000000e+01
3.910000000000000000e+02,7.909359931945800781e-01,2.073160914939073862e+01,8.000000000000000000e+00
3.920000000000000000e+02,7.996559143066406250e-01,2.073160914939073862e+01,7.300000000000000000e+01
3.930000000000000000e+02,8.003020286560058594e-01,2.073160914939073862e+01,8.000000000000000000e+00
3.940000000000000000e+02,8.018748760223388672e-01,2.073160914939073862e+01,7.300000000000000000e+01
3.950000000000000000e+02,8.026559352874755859e-01,2.073160914939073862e+01,8.000000000000000000e+00
3.960000000000000000e+02,8.105340003967285156e-01,2.073160914939073862e+01,7.400000000000000000e+01
3.970000000000000000e+02,8.113229274749755859e-01,2.073160914939073862e+01,8.000000000000000000e+00
3.980000000000000000e+02,8.154299259185791016e-01,2.073160914939073862e+01,7.500000000000000000e+01
3.990000000000000000e+02,8.169529438018798828e-01,2.073160914939073862e+01,8.000000000000000000e+00
4.000000000000000000e+02,8.195409774780273438e-01,2.073160914939073862e+01,7.600000000000000000e+01
4.010000000000000000e+02,8.204548358917236328e-01,2.073160914939073862e+01,8.000000000000000000e+00
4.020000000000000000e+02,8.211898803710937500e-01,2.073160914939073862e+01,7.600000000000000000e+01
4.030000000000000000e+02,8.221628665924072266e-01,2.073160914939073862e+01,8.000000000000000000e+00
4.040000000000000000e+02,8.238329887390136719e-01,2.073160914939073862e+01,7.600000000000000000e+01
4.050000000000000000e+02,8.250598907470703125e-01,2.073160914939073862e+01,8.000000000000000000e+00
4.060000000000000000e+02,8.265979290008544922e-01,2.073160914939073862e+01,7.600000000000000000e+01
4.070000000000000000e+02,8.275389671325683594e-01,2.073160914939073862e+01,8.000000000000000000e+00
4.080000000000000000e+02,8.290209770202636719e-01,2.073160914939073862e+01,7.600000000000000000e+01
4.090000000000000000e+02,8.300728797912597656e-01,2.073160914939073862e+01,8.000000000000000000e+00
4.100000000000000000e+02,8.315539360046386719e-01,2.073160914939073862e+01,7.600000000000000000e+01
4.110000000000000000e+02,8.334059715270996094e-01,2.073160914939073862e+01,8.000000000000000000e+00
4.120000000000000000e+02,8.352408409118652344e-01,2.073160914939073862e+01,7.600000000000000000e+01
4.130000000000000000e+02,8.361978530883789062e-01,2.073160914939073862e+01,8.000000000000000000e+00
4.140000000000000000e+02,8.379318714141845703e-01,2.073160914939073862e+01,7.600000000000000000e+01
4.150000000000000000e+02,8.388929367065429688e-01,2.073160914939073862e+01,8.000000000000000000e+00
4.160000000000000000e+02,8.581027984619140625e-01,2.073160914939073862e+01,7.700000000000000000e+01
4.170000000000000000e+02,8.587069511413574219e-01,2.073160914939073862e+01,8.000000000000000000e+00
4.180000000000000000e+02,8.602349758148193359e-01,2.073160914939073862e+01,7.700000000000000000e+01
4.190000000000000000e+02,8.640239238739013672e-01,2.073160914939073862e+01,9.000000000000000000e+00
4.200000000000000000e+02,8.648498058319091797e-01,2.073160914939073862e+01,7.700000000000000000e+01
4.210000000000000000e+02,8.679959774017333984e-01,2.073160914939073862e+01,1.000000000000000000e+01
4.220000000000000000e+02,8.826999664306640625e-01,2.073160914939073862e+01,7.800000000000000000e+01
4.230000000000000000e+02,8.833198547363281250e-01,2.073160914939073862e+01,1.000000000000000000e+01
4.240000000000000000e+02,9.093818664550781250e-01,2.073160914939073862e+01,7.900000000000000000e+01
4.250000000000000000e+02,9.100189208984375000e-01,2.073160914939073862e+01,1.000000000000000000e+01
4.260000000000000000e+02,9.122459888458251953e-01,2.073160914939073862e+01,7.900000000000000000e+01
4.270000000000000000e+02,9.131188392639160156e-01,2.073160914939073862e+01,1.000000000000000000e+01
4.280000000000000000e+02,9.208128452301025391e-01,2.073160914939073862e+01,8.000000000000000000e+01
4.290000000000000000e+02,9.216589927673339844e-01,2.073160914939073862e+01,1.000000000000000000e+01
4.300000000000000000e+02,9.270329475402832031e-01,2.073160914939073862e+01,8.100000000000000000e+01
4.310000000000000000e+02,9.279778003692626953e-01,2.073160914939073862e+01,1.000000000000000000e+01
4.320000000000000000e+02,9.305520057678222656e-01,2.073160914939073862e+01,8.200000000000000000e+01
4.330000000000000000e+02,9.314849376678466797e-01,2.073160914939073862e+01,1.000000000000000000e+01
4.340000000000000000e+02,9.329359531402587891e-01,2.073160914939073862e+01,8.200000000000000000e+01
4.350000000000000000e+02,9.347548484802246094e-01,2.073160914939073862e+01,1.000000000000000000e+01
4.360000000000000000e+02,9.363930225372314453e-01,2.073160914939073862e+01,8.200000000000000000e+01
4.370000000000000000e+02,9.375159740447998047e-01,2.073160914939073862e+01,1.000000000000000000e+01
4.380000000000000000e+02,9.390339851379394531e-01,2.073160914939073862e+01,8.200000000000000000e+01
4.390000000000000000e+02,9.403738975524902344e-01,2.073160914939073862e+01,1.000000000000000000e+01
4.400000000000000000e+02,9.418129920959472656e-01,2.073160914939073862e+01,8.200000000000000000e+01
4.410000000000000000e+02,9.427809715270996094e-01,2.073160914939073862e+01,1.000000000000000000e+01
4.420000000000000000e+02,9.445078372955322266e-01,2.073160914939073862e+01,8.200000000000000000e+01
4.430000000000000000e+02,9.454779624938964844e-01,2.073160914939073862e+01,1.000000000000000000e+01
4.440000000000000000e+02,9.473628997802734375e-01,2.073160914939073862e+01,8.200000000000000000e+01
4.450000000000000000e+02,9.484598636627197266e-01,2.073160914939073862e+01,1.000000000000000000e+01
4.460000000000000000e+02,9.503719806671142578e-01,2.073160914939073862e+01,8.200000000000000000e+01
4.470000000000000000e+02,9.526669979095458984e-01,2.073160914939073862e+01,1.000000000000000000e+01
4.480000000000000000e+02,9.546668529510498047e-01,2.073160914939073862e+01,8.200000000000000000e+01
4.490000000000000000e+02,9.551379680633544922e-01,2.073160914939073862e+01,1.000000000000000000e+01
4.500000000000000000e+02,9.681849479675292969e-01,2.073160914939073862e+01,8.300000000000000000e+01
4.510000000000000000e+02,9.686968326568603516e-01,2.073160914939073862e+01,1.000000000000000000e+01
4.520000000000000000e+02,9.705698490142822266e-01,2.073160914939073862e+01,8.300000000000000000e+01
4.530000000000000000e+02,9.737918376922607422e-01,2.073160914939073862e+01,1.100000000000000000e+01
4.540000000000000000e+02,9.889488220214843750e-01,2.073160914939073862e+01,8.400000000000000000e+01
4.550000000000000000e+02,9.917049407958984375e-01,2.073160914939073862e+01,1.200000000000000000e+01
4.560000000000000000e+02,1.007112026214599609e+00,2.073160914939073862e+01,8.500000000000000000e+01
4.570000000000000000e+02,1.007803916931152344e+00,2.073160914939073862e+01,1.200000000000000000e+01
4.580000000000000000e+02,1.016605854034423828e+00,2.073160914939073862e+01,8.600000000000000000e+01
4.590000000000000000e+02,1.017485857009887695e+00,2.073160914939073862e+01,1.200000000000000000e+01
4.600000000000000000e+02,1.025811910629272461e+00,2.073160914939073862e+01,8.700000000000000000e+01
4.610000000000000000e+02,1.026669025421142578e+00,2.073160914939073862e+01,1.200000000000000000e+01
4.620000000000000000e+02,1.034793853759765625e+00,2.073160914939073862e+01,8.800000000000000000e+01
4.630000000000000000e+02,1.035689830780029297e+00,2.073160914939073862e+01,1.200000000000000000e+01
4.640000000000000000e+02,1.037135839462280273e+00,2.073160914939073862e+01,8.800000000000000000e+01
4.650000000000000000e+02,1.038173913955688477e+00,2.073160914939073862e+01,1.200000000000000000e+01
4.660000000000000000e+02,1.042057991027832031e+00,2.073160914939073862e+01,8.900000000000000000e+01
4.670000000000000000e+02,1.042997837066650391e+00,2.073160914939073862e+01,1.200000000000000000e+01
4.680000000000000000e+02,1.044759988784790039e+00,2.073160914939073862e+01,8.900000000000000000e+01
4.690000000000000000e+02,1.045720815658569336e+00,2.073160914939073862e+01,1.200000000000000000e+01
4.700000000000000000e+02,1.047341823577880859e+00,2.073160914939073862e+01,8.900000000000000000e+01
4.710000000000000000e+02,1.048344850540161133e+00,2.073160914939073862e+01,1.200000000000000000e+01
4.720000000000000000e+02,1.049968957901000977e+00,2.073160914939073862e+01,8.900000000000000000e+01
4.730000000000000000e+02,1.051630020141601562e+00,2.073160914939073862e+01,1.200000000000000000e+01
4.740000000000000000e+02,1.053392887115478516e+00,2.073160914939073862e+01,8.900000000000000000e+01
4.750000000000000000e+02,1.054790973663330078e+00,2.073160914939073862e+01,1.200000000000000000e+01
4.760000000000000000e+02,1.056675910949707031e+00,2.073160914939073862e+01,8.900000000000000000e+01
4.770000000000000000e+02,1.057803869247436523e+00,2.073160914939073862e+01,1.200000000000000000e+01
4.780000000000000000e+02,1.059731960296630859e+00,2.073160914939073862e+01,8.900000000000000000e+01
4.790000000000000000e+02,1.060931921005249023e+00,2.073160914939073862e+01,1.200000000000000000e+01
4.800000000000000000e+02,1.063395023345947266e+00,2.073160914939073862e+01,8.900000000000000000e+01
4.810000000000000000e+02,1.063987970352172852e+00,2.073160914939073862e+01,1.200000000000000000e+01
4.820000000000000000e+02,1.085454940795898438e+00,2.073160914939073862e+01,9.000000000000000000e+01
4.830000000000000000e+02,1.086061000823974609e+00,2.073160914939073862e+01,1.200000000000000000e+01
4.840000000000000000e+02,1.087454795837402344e+00,2.073160914939073862e+01,9.000000000000000000e+01
4.850000000000000000e+02,1.091638803482055664e+00,2.073160914939073862e+01,1.300000000000000000e+01
4.860000000000000000e+02,1.102988004684448242e+00,2.073160914939073862e+01,9.100000000000000000e+01
4.870000000000000000e+02,1.103649854660034180e+00,2.073160914939073862e+01,1.300000000000000000e+01
4.880000000000000000e+02,1.119162797927856445e+00,2.073160914939073862e+01,9.200000000000000000e+01
4.890000000000000000e+02,1.119837999343872070e+00,2.073160914939073862e+01,1.300000000000000000e+01
4.900000000000000000e+02,1.130759000778198242e+00,2.073160914939073862e+01,9.300000000000000000e+01
4.910000000000000000e+02,1.132995843887329102e+00,2.073160914939073862e+01,1.400000000000000000e+01
4.920000000000000000e+02,1.138734817504882812e+00,2.073160914939073862e+01,9.400000000000000000e+01
4.930000000000000000e+02,1.139657974243164062e+00,2.073160914939073862e+01,1.400000000000000000e+01
4.940000000000000000e+02,1.145817995071411133e+00,2.073160914939073862e+01,9.500000000000000000e+01
4.950000000000000000e+02,1.146766901016235352e+00,2.073160914939073862e+01,1.400000000000000000e+01
4.960000000000000000e+02,1.148257970809936523e+00,2.073160914939073862e+01,9.500000000000000000e+01
4.970000000000000000e+02,1.149138927459716797e+00,2.073160914939073862e+01,1.400000000000000000e+01
4.980000000000000000e+02,1.150168895721435547e+00,2.073160914939073862e+01,9.500000000000000000e+01
4.990000000000000000e+02,1.151355028152465820e+00,2.073160914939073862e+01,1.400000000000000000e+01
