0.000000000000000000e+00,8.010864257812500000e-04,0.000000000000000000e+00,1.000000000000000000e+00
1.000000000000000000e+00,2.991199493408203125e-03,0.000000000000000000e+00,2.000000000000000000e+00
2.000000000000000000e+00,4.204988479614257812e-03,0.000000000000000000e+00,1.000000000000000000e+00
3.000000000000000000e+00,5.436182022094726562e-03,0.000000000000000000e+00,2.000000000000000000e+00
4.000000000000000000e+00,6.798028945922851562e-03,0.000000000000000000e+00,1.000000000000000000e+00
5.000000000000000000e+00,9.290218353271484375e-03,0.000000000000000000e+00,3.000000000000000000e+00
6.000000000000000000e+00,1.059222221374511719e-02,0.000000000000000000e+00,1.000000000000000000e+00
7.000000000000000000e+00,1.290822029113769531e-02,0.000000000000000000e+00,4.000000000000000000e+00
8.000000000000000000e+00,1.433706283569335938e-02,0.000000000000000000e+00,1.000000000000000000e+00
9.000000000000000000e+00,1.687312126159667969e-02,0.000000000000000000e+00,5.000000000000000000e+00
1.000000000000000000e+01,1.836299896240234375e-02,0.000000000000000000e+00,1.000000000000000000e+00
1.100000000000000000e+01,2.060914039611816406e-02,0.000000000000000000e+00,6.000000000000000000e+00
1.200000000000000000e+01,2.219510078430175781e-02,0.000000000000000000e+00,1.000000000000000000e+00
1.300000000000000000e+01,2.431607246398925781e-02,0.000000000000000000e+00,7.000000000000000000e+00
1.400000000000000000e+01,2.589917182922363281e-02,0.000000000000000000e+00,1.000000000000000000e+00
1.500000000000000000e+01,2.793812751770019531e-02,0.000000000000000000e+00,8.000000000000000000e+00
1.600000000000000000e+01,2.959609031677246094e-02,0.000000000000000000e+00,1.000000000000000000e+00
1.700000000000000000e+01,3.100609779357910156e-02,0.000000000000000000e+00,8.000000000000000000e+00
1.800000000000000000e+01,3.273320198059082031e-02,0.000000000000000000e+00,1.000000000000000000e+00
1.900000000000000000e+01,3.503704071044921875e-02,0.000000000000000000e+00,9.000000000000000000e+00
2.000000000000000000e+01,3.680014610290527344e-02,0.000000000000000000e+00,1.000000000000000000e+00
2.100000000000000000e+01,3.876209259033203125e-02,3.226117444989029792e+01,1.000000000000000000e+01
2.200000000000000000e+01,3.957819938659667969e-02,3.226117444989029792e+01,1.000000000000000000e+00
2.300000000000000000e+01,4.010319709777832031e-02,3.226117444989029792e+01,1.000000000000000000e+01
2.400000000000000000e+01,4.180908203125000000e-02,3.226117444989029792e+01,2.000000000000000000e+00
2.500000000000000000e+01,4.705214500427246094e-02,3.040901344565012465e+01,1.100000000000000000e+01
2.600000000000000000e+01,4.867720603942871094e-02,3.040901344565012465e+01,3.000000000000000000e+00
2.700000000000000000e+01,5.279207229614257812e-02,3.019365454399648030e+01,1.100000000000000000e+01
2.800000000000000000e+01,5.357503890991210938e-02,3.019365454399648030e+01,3.000000000000000000e+00
2.900000000000000000e+01,5.714917182922363281e-02,3.008300210847964706e+01,1.200000000000000000e+01
3.000000000000000000e+01,5.802917480468750000e-02,3.008300210847964706e+01,3.000000000000000000e+00
3.100000000000000000e+01,5.881214141845703125e-02,3.008300210847964706e+01,1.200000000000000000e+01
3.200000000000000000e+01,5.968308448791503906e-02,3.008300210847964706e+01,3.000000000000000000e+00
3.300000000000000000e+01,6.292819976806640625e-02,3.008300210847964706e+01,1.300000000000000000e+01
3.400000000000000000e+01,6.460809707641601562e-02,3.001167206576446844e+01,4.000000000000000000e+00
3.500000000000000000e+01,6.691598892211914062e-02,3.001167206576446844e+01,1.400000000000000000e+01
3.600000000000000000e+01,6.780505180358886719e-02,3.001167206576446844e+01,4.000000000000000000e+00
3.700000000000000000e+01,6.990718841552734375e-02,3.001167206576446844e+01,1.500000000000000000e+01
3.800000000000000000e+01,7.101607322692871094e-02,3.001167206576446844e+01,4.000000000000000000e+00
3.900000000000000000e+01,7.193899154663085938e-02,3.001167206576446844e+01,1.500000000000000000e+01
4.000000000000000000e+01,7.296109199523925781e-02,3.001167206576446844e+01,4.000000000000000000e+00
4.100000000000000000e+01,7.506513595581054688e-02,3.001167206576446844e+01,1.600000000000000000e+01
4.200000000000000000e+01,7.610607147216796875e-02,3.001167206576446844e+01,4.000000000000000000e+00
4.300000000000000000e+01,7.778811454772949219e-02,3.001167206576446844e+01,1.600000000000000000e+01
4.400000000000000000e+01,7.833719253540039062e-02,3.001167206576446844e+01,4.000000000000000000e+00
4.500000000000000000e+01,7.907199859619140625e-02,3.001167206576446844e+01,1.600000000000000000e+01
4.600000000000000000e+01,8.149003982543945312e-02,2.738530243607866410e+01,5.000000000000000000e+00
4.700000000000000000e+01,8.689212799072265625e-02,2.738530243607866410e+01,1.400000000000000000e+01
4.800000000000000000e+01,8.903717994689941406e-02,2.615409829794183949e+01,4.000000000000000000e+00
4.900000000000000000e+01,8.976817131042480469e-02,2.615409829794183949e+01,1.000000000000000000e+01
5.000000000000000000e+01,9.052920341491699219e-02,2.615409829794183949e+01,2.000000000000000000e+00
5.100000000000000000e+01,9.344506263732910156e-02,2.615409829794183949e+01,1.100000000000000000e+01
5.200000000000000000e+01,9.421801567077636719e-02,2.615409829794183949e+01,2.000000000000000000e+00
5.300000000000000000e+01,9.682011604309082031e-02,2.615409829794183949e+01,1.200000000000000000e+01
5.400000000000000000e+01,9.765219688415527344e-02,2.615409829794183949e+01,2.000000000000000000e+00
5.500000000000000000e+01,9.972310066223144531e-02,2.615409829794183949e+01,1.300000000000000000e+01
5.600000000000000000e+01,1.005871295928955078e-01,2.615409829794183949e+01,2.000000000000000000e+00
5.700000000000000000e+01,1.013190746307373047e-01,2.615409829794183949e+01,1.300000000000000000e+01
5.800000000000000000e+01,1.022450923919677734e-01,2.615409829794183949e+01,2.000000000000000000e+00
5.900000000000000000e+01,1.030161380767822266e-01,2.615409829794183949e+01,1.300000000000000000e+01
6.000000000000000000e+01,1.039631366729736328e-01,2.615409829794183949e+01,2.000000000000000000e+00
6.100000000000000000e+01,1.048831939697265625e-01,2.615409829794183949e+01,1.300000000000000000e+01
6.200000000000000000e+01,1.060371398925781250e-01,2.615409829794183949e+01,2.000000000000000000e+00
6.300000000000000000e+01,1.069982051849365234e-01,2.615409829794183949e+01,1.300000000000000000e+01
6.400000000000000000e+01,1.082010269165039062e-01,2.615409829794183949e+01,2.000000000000000000e+00
6.500000000000000000e+01,1.094131469726562500e-01,2.615409829794183949e+01,1.300000000000000000e+01
6.600000000000000000e+01,1.099410057067871094e-01,2.615409829794183949e+01,2.000000000000000000e+00
6.700000000000000000e+01,1.104750633239746094e-01,2.615409829794183949e+01,1.300000000000000000e+01
6.800000000000000000e+01,1.114821434020996094e-01,2.615409829794183949e+01,2.000000000000000000e+00
6.900000000000000000e+01,1.122710704803466797e-01,2.615409829794183949e+01,1.300000000000000000e+01
7.000000000000000000e+01,1.129570007324218750e-01,2.615409829794183949e+01,2.000000000000000000e+00
7.100000000000000000e+01,1.136541366577148438e-01,2.615409829794183949e+01,1.300000000000000000e+01
7.200000000000000000e+01,1.145110130310058594e-01,2.615409829794183949e+01,2.000000000000000000e+00
7.300000000000000000e+01,1.178920269012451172e-01,2.615409829794183949e+01,1.400000000000000000e+01
7.400000000000000000e+01,1.187310218811035156e-01,2.615409829794183949e+01,2.000000000000000000e+00
7.500000000000000000e+01,1.224310398101806641e-01,2.615409829794183949e+01,1.500000000000000000e+01
7.600000000000000000e+01,1.232759952545166016e-01,2.615409829794183949e+01,2.000000000000000000e+00
7.700000000000000000e+01,1.254460811614990234e-01,2.615409829794183949e+01,1.600000000000000000e+01
7.800000000000000000e+01,1.263351440429687500e-01,2.615409829794183949e+01,2.000000000000000000e+00
7.900000000000000000e+01,1.282081604003906250e-01,2.615409829794183949e+01,1.700000000000000000e+01
8.000000000000000000e+01,1.291480064392089844e-01,2.615409829794183949e+01,2.000000000000000000e+00
8.100000000000000000e+01,1.308112144470214844e-01,2.615409829794183949e+01,1.800000000000000000e+01
8.200000000000000000e+01,1.317501068115234375e-01,2.615409829794183949e+01,2.000000000000000000e+00
8.300000000000000000e+01,1.327390670776367188e-01,2.615409829794183949e+01,1.800000000000000000e+01
8.400000000000000000e+01,1.337590217590332031e-01,2.615409829794183949e+01,2.000000000000000000e+00
8.500000000000000000e+01,1.351280212402343750e-01,2.615409829794183949e+01,1.800000000000000000e+01
8.600000000000000000e+01,1.361780166625976562e-01,2.615409829794183949e+01,2.000000000000000000e+00
8.700000000000000000e+01,1.374540328979492188e-01,2.615409829794183949e+01,1.800000000000000000e+01
8.800000000000000000e+01,1.378920078277587891e-01,2.615409829794183949e+01,2.000000000000000000e+00
8.900000000000000000e+01,1.384630203247070312e-01,2.615409829794183949e+01,1.800000000000000000e+01
9.000000000000000000e+01,1.394221782684326172e-01,2.615409829794183949e+01,2.000000000000000000e+00
9.100000000000000000e+01,1.402630805969238281e-01,2.615409829794183949e+01,1.800000000000000000e+01
9.200000000000000000e+01,1.410331726074218750e-01,2.615409829794183949e+01,2.000000000000000000e+00
9.300000000000000000e+01,1.471841335296630859e-01,2.615409829794183949e+01,1.900000000000000000e+01
9.400000000000000000e+01,1.479589939117431641e-01,2.615409829794183949e+01,2.000000000000000000e+00
9.500000000000000000e+01,1.529140472412109375e-01,2.615409829794183949e+01,2.000000000000000000e+01
9.600000000000000000e+01,1.537179946899414062e-01,2.615409829794183949e+01,2.000000000000000000e+00
9.700000000000000000e+01,1.580300331115722656e-01,2.615409829794183949e+01,2.100000000000000000e+01
9.800000000000000000e+01,1.588850021362304688e-01,2.615409829794183949e+01,2.000000000000000000e+00
9.900000000000000000e+01,1.597940921783447266e-01,2.615409829794183949e+01,2.100000000000000000e+01
1.000000000000000000e+02,1.607100963592529297e-01,2.615409829794183949e+01,2.000000000000000000e+00
1.010000000000000000e+02,1.615800857543945312e-01,2.615409829794183949e+01,2.100000000000000000e+01
1.020000000000000000e+02,1.624670028686523438e-01,2.615409829794183949e+01,2.000000000000000000e+00
1.030000000000000000e+02,1.634731292724609375e-01,2.615409829794183949e+01,2.100000000000000000e+01
1.040000000000000000e+02,1.645681858062744141e-01,2.615409829794183949e+01,2.000000000000000000e+00
1.050000000000000000e+02,1.655800342559814453e-01,2.615409829794183949e+01,2.100000000000000000e+01
1.060000000000000000e+02,1.665830612182617188e-01,2.615409829794183949e+01,2.000000000000000000e+00
1.070000000000000000e+02,1.674871444702148438e-01,2.615409829794183949e+01,2.100000000000000000e+01
1.080000000000000000e+02,1.685671806335449219e-01,2.615409829794183949e+01,2.000000000000000000e+00
1.090000000000000000e+02,1.698300838470458984e-01,2.615409829794183949e+01,2.100000000000000000e+01
1.100000000000000000e+02,1.703240871429443359e-01,2.615409829794183949e+01,2.000000000000000000e+00
1.110000000000000000e+02,1.783471107482910156e-01,2.615409829794183949e+01,2.200000000000000000e+01
1.120000000000000000e+02,1.790060997009277344e-01,2.615409829794183949e+01,2.000000000000000000e+00
1.130000000000000000e+02,1.861860752105712891e-01,2.615409829794183949e+01,2.300000000000000000e+01
1.140000000000000000e+02,1.869101524353027344e-01,2.615409829794183949e+01,2.000000000000000000e+00
1.150000000000000000e+02,1.874802112579345703e-01,2.615409829794183949e+01,2.300000000000000000e+01
1.160000000000000000e+02,1.882030963897705078e-01,2.615409829794183949e+01,2.000000000000000000e+00
1.170000000000000000e+02,1.888320446014404297e-01,2.615409829794183949e+01,2.300000000000000000e+01
1.180000000000000000e+02,1.896200180053710938e-01,2.615409829794183949e+01,2.000000000000000000e+00
1.190000000000000000e+02,1.905062198638916016e-01,2.615409829794183949e+01,2.300000000000000000e+01
1.200000000000000000e+02,1.913521289825439453e-01,2.615409829794183949e+01,2.000000000000000000e+00
1.210000000000000000e+02,1.951420307159423828e-01,2.615409829794183949e+01,2.400000000000000000e+01
1.220000000000000000e+02,1.961932182312011719e-01,2.615409829794183949e+01,2.000000000000000000e+00
1.230000000000000000e+02,1.971499919891357422e-01,2.615409829794183949e+01,2.400000000000000000e+01
1.240000000000000000e+02,1.980659961700439453e-01,2.615409829794183949e+01,2.000000000000000000e+00
1.250000000000000000e+02,1.988530158996582031e-01,2.615409829794183949e+01,2.400000000000000000e+01
1.260000000000000000e+02,1.997771263122558594e-01,2.615409829794183949e+01,2.000000000000000000e+00
1.270000000000000000e+02,2.008311748504638672e-01,2.615409829794183949e+01,2.400000000000000000e+01
1.280000000000000000e+02,2.020061016082763672e-01,2.615409829794183949e+01,2.000000000000000000e+00
1.290000000000000000e+02,2.042210102081298828e-01,2.615409829794183949e+01,2.500000000000000000e+01
1.300000000000000000e+02,2.052540779113769531e-01,2.615409829794183949e+01,2.000000000000000000e+00
1.310000000000000000e+02,2.068591117858886719e-01,2.615409829794183949e+01,2.500000000000000000e+01
1.320000000000000000e+02,2.074530124664306641e-01,2.615409829794183949e+01,2.000000000000000000e+00
1.330000000000000000e+02,2.170259952545166016e-01,2.615409829794183949e+01,2.600000000000000000e+01
1.340000000000000000e+02,2.177670001983642578e-01,2.615409829794183949e+01,2.000000000000000000e+00
1.350000000000000000e+02,2.183661460876464844e-01,2.615409829794183949e+01,2.600000000000000000e+01
1.360000000000000000e+02,2.190630435943603516e-01,2.615409829794183949e+01,2.000000000000000000e+00
1.370000000000000000e+02,2.262911796569824219e-01,2.615409829794183949e+01,2.700000000000000000e+01
1.380000000000000000e+02,2.270560264587402344e-01,2.615409829794183949e+01,2.000000000000000000e+00
1.390000000000000000e+02,2.327730655670166016e-01,2.615409829794183949e+01,2.800000000000000000e+01
1.400000000000000000e+02,2.335979938507080078e-01,2.615409829794183949e+01,2.000000000000000000e+00
1.410000000000000000e+02,2.342691421508789062e-01,2.615409829794183949e+01,2.800000000000000000e+01
1.420000000000000000e+02,2.351000308990478516e-01,2.615409829794183949e+01,2.000000000000000000e+00
1.430000000000000000e+02,2.360861301422119141e-01,2.615409829794183949e+01,2.800000000000000000e+01
1.440000000000000000e+02,2.369801998138427734e-01,2.615409829794183949e+01,2.000000000000000000e+00
1.450000000000000000e+02,2.378890514373779297e-01,2.615409829794183949e+01,2.800000000000000000e+01
1.460000000000000000e+02,2.387771606445312500e-01,2.615409829794183949e+01,2.000000000000000000e+00
1.470000000000000000e+02,2.397601604461669922e-01,2.615409829794183949e+01,2.800000000000000000e+01
1.480000000000000000e+02,2.406721115112304688e-01,2.615409829794183949e+01,2.000000000000000000e+00
1.490000000000000000e+02,2.417430877685546875e-01,2.615409829794183949e+01,2.800000000000000000e+01
1.500000000000000000e+02,2.427470684051513672e-01,2.615409829794183949e+01,2.000000000000000000e+00
1.510000000000000000e+02,2.438499927520751953e-01,2.615409829794183949e+01,2.800000000000000000e+01
1.520000000000000000e+02,2.451570034027099609e-01,2.615409829794183949e+01,2.000000000000000000e+00
1.530000000000000000e+02,2.466311454772949219e-01,2.615409829794183949e+01,2.800000000000000000e+01
1.540000000000000000e+02,2.470521926879882812e-01,2.615409829794183949e+01,2.000000000000000000e+00
1.550000000000000000e+02,2.475681304931640625e-01,2.615409829794183949e+01,2.800000000000000000e+01
1.560000000000000000e+02,2.498710155487060547e-01,2.615409829794183949e+01,3.000000000000000000e+00
1.570000000000000000e+02,2.506821155548095703e-01,2.615409829794183949e+01,2.800000000000000000e+01
1.580000000000000000e+02,2.513520717620849609e-01,2.615409829794183949e+01,3.000000000000000000e+00
1.590000000000000000e+02,2.587320804595947266e-01,2.615409829794183949e+01,2.900000000000000000e+01
1.600000000000000000e+02,2.595431804656982422e-01,2.615409829794183949e+01,3.000000000000000000e+00
1.610000000000000000e+02,2.604680061340332031e-01,2.615409829794183949e+01,2.900000000000000000e+01
1.620000000000000000e+02,2.612910270690917969e-01,2.615409829794183949e+01,3.000000000000000000e+00
1.630000000000000000e+02,2.621850967407226562e-01,2.615409829794183949e+01,2.900000000000000000e+01
1.640000000000000000e+02,2.631239891052246094e-01,2.615409829794183949e+01,3.000000000000000000e+00
1.650000000000000000e+02,2.640252113342285156e-01,2.615409829794183949e+01,2.900000000000000000e+01
1.660000000000000000e+02,2.649102210998535156e-01,2.615409829794183949e+01,3.000000000000000000e+00
1.670000000000000000e+02,2.680561542510986328e-01,2.615409829794183949e+01,3.000000000000000000e+01
1.680000000000000000e+02,2.689580917358398438e-01,2.615409829794183949e+01,3.000000000000000000e+00
1.690000000000000000e+02,2.697560787200927734e-01,2.615409829794183949e+01,3.000000000000000000e+01
1.700000000000000000e+02,2.706911563873291016e-01,2.615409829794183949e+01,3.000000000000000000e+00
1.710000000000000000e+02,2.719070911407470703e-01,2.615409829794183949e+01,3.000000000000000000e+01
1.720000000000000000e+02,2.730591297149658203e-01,2.615409829794183949e+01,3.000000000000000000e+00
1.730000000000000000e+02,2.739610671997070312e-01,2.615409829794183949e+01,3.000000000000000000e+01
1.740000000000000000e+02,2.749950885772705078e-01,2.615409829794183949e+01,3.000000000000000000e+00
1.750000000000000000e+02,2.765572071075439453e-01,2.615409829794183949e+01,3.000000000000000000e+01
1.760000000000000000e+02,2.790281772613525391e-01,2.615409829794183949e+01,4.000000000000000000e+00
1.770000000000000000e+02,2.795960903167724609e-01,2.615409829794183949e+01,3.000000000000000000e+01
1.780000000000000000e+02,2.803540229797363281e-01,2.615409829794183949e+01,4.000000000000000000e+00
1.790000000000000000e+02,2.892889976501464844e-01,2.615409829794183949e+01,3.100000000000000000e+01
1.800000000000000000e+02,2.900362014770507812e-01,2.615409829794183949e+01,4.000000000000000000e+00
1.810000000000000000e+02,2.988231182098388672e-01,2.615409829794183949e+01,3.200000000000000000e+01
1.820000000000000000e+02,2.996780872344970703e-01,2.615409829794183949e+01,4.000000000000000000e+00
1.830000000000000000e+02,3.062031269073486328e-01,2.615409829794183949e+01,3.300000000000000000e+01
1.840000000000000000e+02,3.070580959320068359e-01,2.615409829794183949e+01,4.000000000000000000e+00
1.850000000000000000e+02,3.087680339813232422e-01,2.615409829794183949e+01,3.300000000000000000e+01
1.860000000000000000e+02,3.098590373992919922e-01,2.615409829794183949e+01,4.000000000000000000e+00
1.870000000000000000e+02,3.106391429901123047e-01,2.615409829794183949e+01,3.300000000000000000e+01
1.880000000000000000e+02,3.116421699523925781e-01,2.615409829794183949e+01,4.000000000000000000e+00
1.890000000000000000e+02,3.147580623626708984e-01,2.615409829794183949e+01,3.400000000000000000e+01
1.900000000000000000e+02,3.157281875610351562e-01,2.615409829794183949e+01,4.000000000000000000e+00
1.910000000000000000e+02,3.169071674346923828e-01,2.615409829794183949e+01,3.400000000000000000e+01
1.920000000000000000e+02,3.179380893707275391e-01,2.615409829794183949e+01,4.000000000000000000e+00
1.930000000000000000e+02,3.206110000610351562e-01,2.615409829794183949e+01,3.500000000000000000e+01
1.940000000000000000e+02,3.218731880187988281e-01,2.615409829794183949e+01,4.000000000000000000e+00
1.950000000000000000e+02,3.229022026062011719e-01,2.615409829794183949e+01,3.500000000000000000e+01
1.960000000000000000e+02,3.240041732788085938e-01,2.615409829794183949e+01,4.000000000000000000e+00
1.970000000000000000e+02,3.255209922790527344e-01,2.615409829794183949e+01,3.500000000000000000e+01
1.980000000000000000e+02,3.259961605072021484e-01,2.615409829794183949e+01,4.000000000000000000e+00
1.990000000000000000e+02,3.266100883483886719e-01,2.615409829794183949e+01,3.500000000000000000e+01
2.000000000000000000e+02,3.272371292114257812e-01,2.615409829794183949e+01,4.000000000000000000e+00
2.010000000000000000e+02,3.376121520996093750e-01,2.615409829794183949e+01,3.600000000000000000e+01
2.020000000000000000e+02,3.383910655975341797e-01,2.615409829794183949e+01,4.000000000000000000e+00
2.030000000000000000e+02,3.470489978790283203e-01,2.615409829794183949e+01,3.700000000000000000e+01
2.040000000000000000e+02,3.478360176086425781e-01,2.615409829794183949e+01,4.000000000000000000e+00
2.050000000000000000e+02,3.488380908966064453e-01,2.615409829794183949e+01,3.700000000000000000e+01
2.060000000000000000e+02,3.496911525726318359e-01,2.615409829794183949e+01,4.000000000000000000e+00
2.070000000000000000e+02,3.503990173339843750e-01,2.615409829794183949e+01,3.700000000000000000e+01
2.080000000000000000e+02,3.512661457061767578e-01,2.615409829794183949e+01,4.000000000000000000e+00
2.090000000000000000e+02,3.567481040954589844e-01,2.615409829794183949e+01,3.800000000000000000e+01
2.100000000000000000e+02,3.576641082763671875e-01,2.615409829794183949e+01,4.000000000000000000e+00
2.110000000000000000e+02,3.609101772308349609e-01,2.615409829794183949e+01,3.900000000000000000e+01
2.120000000000000000e+02,3.618400096893310547e-01,2.615409829794183949e+01,4.000000000000000000e+00
2.130000000000000000e+02,3.643181324005126953e-01,2.615409829794183949e+01,4.000000000000000000e+01
2.140000000000000000e+02,3.654360771179199219e-01,2.615409829794183949e+01,4.000000000000000000e+00
2.150000000000000000e+02,3.667201995849609375e-01,2.615409829794183949e+01,4.000000000000000000e+01
2.160000000000000000e+02,3.679962158203125000e-01,2.615409829794183949e+01,4.000000000000000000e+00
2.170000000000000000e+02,3.695180416107177734e-01,2.615409829794183949e+01,4.000000000000000000e+01
2.180000000000000000e+02,3.706221580505371094e-01,2.615409829794183949e+01,4.000000000000000000e+00
2.190000000000000000e+02,3.721292018890380859e-01,2.615409829794183949e+01,4.000000000000000000e+01
2.200000000000000000e+02,3.727331161499023438e-01,2.615409829794183949e+01,4.000000000000000000e+00
2.210000000000000000e+02,3.733341693878173828e-01,2.615409829794183949e+01,4.000000000000000000e+01
2.220000000000000000e+02,3.740971088409423828e-01,2.615409829794183949e+01,4.000000000000000000e+00
2.230000000000000000e+02,3.746550083160400391e-01,2.615409829794183949e+01,4.000000000000000000e+01
2.240000000000000000e+02,3.753650188446044922e-01,2.615409829794183949e+01,4.000000000000000000e+00
2.250000000000000000e+02,3.763060569763183594e-01,2.615409829794183949e+01,4.000000000000000000e+01
2.260000000000000000e+02,3.771572113037109375e-01,2.615409829794183949e+01,4.000000000000000000e+00
2.270000000000000000e+02,3.844830989837646484e-01,2.615409829794183949e+01,4.100000000000000000e+01
2.280000000000000000e+02,3.853170871734619141e-01,2.615409829794183949e+01,4.000000000000000000e+00
2.290000000000000000e+02,3.911449909210205078e-01,2.615409829794183949e+01,4.200000000000000000e+01
2.300000000000000000e+02,3.920791149139404297e-01,2.615409829794183949e+01,4.000000000000000000e+00
2.310000000000000000e+02,3.984191417694091797e-01,2.615409829794183949e+01,4.300000000000000000e+01
2.320000000000000000e+02,3.995051383972167969e-01,2.615409829794183949e+01,4.000000000000000000e+00
2.330000000000000000e+02,4.007711410522460938e-01,2.615409829794183949e+01,4.300000000000000000e+01
2.340000000000000000e+02,4.019072055816650391e-01,2.615409829794183949e+01,4.000000000000000000e+00
2.350000000000000000e+02,4.053871631622314453e-01,2.615409829794183949e+01,4.400000000000000000e+01
2.360000000000000000e+02,4.063889980316162109e-01,2.615409829794183949e+01,4.000000000000000000e+00
2.370000000000000000e+02,4.073171615600585938e-01,2.615409829794183949e+01,4.400000000000000000e+01
2.380000000000000000e+02,4.091310501098632812e-01,2.615409829794183949e+01,4.000000000000000000e+00
2.390000000000000000e+02,4.108090400695800781e-01,2.615409829794183949e+01,4.400000000000000000e+01
2.400000000000000000e+02,4.119310379028320312e-01,2.615409829794183949e+01,4.000000000000000000e+00
2.410000000000000000e+02,4.137420654296875000e-01,2.615409829794183949e+01,4.400000000000000000e+01
2.420000000000000000e+02,4.147150516510009766e-01,2.615409829794183949e+01,4.000000000000000000e+00
2.430000000000000000e+02,4.153890609741210938e-01,2.615409829794183949e+01,4.400000000000000000e+01
2.440000000000000000e+02,4.161801338195800781e-01,2.615409829794183949e+01,4.000000000000000000e+00
2.450000000000000000e+02,4.169681072235107422e-01,2.615409829794183949e+01,4.400000000000000000e+01
2.460000000000000000e+02,4.177451133728027344e-01,2.615409829794183949e+01,4.000000000000000000e+00
2.470000000000000000e+02,4.299530982971191406e-01,2.615409829794183949e+01,4.500000000000000000e+01
2.480000000000000000e+02,4.307661056518554688e-01,2.615409829794183949e+01,4.000000000000000000e+00
2.490000000000000000e+02,4.397480487823486328e-01,2.615409829794183949e+01,4.600000000000000000e+01
2.500000000000000000e+02,4.405021667480468750e-01,2.615409829794183949e+01,4.000000000000000000e+00
2.510000000000000000e+02,4.414989948272705078e-01,2.615409829794183949e+01,4.600000000000000000e+01
2.520000000000000000e+02,4.423921108245849609e-01,2.615409829794183949e+01,4.000000000000000000e+00
2.530000000000000000e+02,4.476799964904785156e-01,2.615409829794183949e+01,4.700000000000000000e+01
2.540000000000000000e+02,4.486100673675537109e-01,2.615409829794183949e+01,4.000000000000000000e+00
2.550000000000000000e+02,4.535222053527832031e-01,2.615409829794183949e+01,4.800000000000000000e+01
2.560000000000000000e+02,4.546620845794677734e-01,2.615409829794183949e+01,4.000000000000000000e+00
2.570000000000000000e+02,4.564640522003173828e-01,2.615409829794183949e+01,4.800000000000000000e+01
2.580000000000000000e+02,4.574282169342041016e-01,2.615409829794183949e+01,4.000000000000000000e+00
2.590000000000000000e+02,4.588971138000488281e-01,2.615409829794183949e+01,4.800000000000000000e+01
2.600000000000000000e+02,4.599101543426513672e-01,2.615409829794183949e+01,4.000000000000000000e+00
2.610000000000000000e+02,4.609980583190917969e-01,2.615409829794183949e+01,4.800000000000000000e+01
2.620000000000000000e+02,4.621012210845947266e-01,2.615409829794183949e+01,4.000000000000000000e+00
2.630000000000000000e+02,4.642322063446044922e-01,2.615409829794183949e+01,4.800000000000000000e+01
2.640000000000000000e+02,4.649751186370849609e-01,2.615409829794183949e+01,4.000000000000000000e+00
2.650000000000000000e+02,4.660911560058593750e-01,2.615409829794183949e+01,4.800000000000000000e+01
2.660000000000000000e+02,4.666562080383300781e-01,2.615409829794183949e+01,4.000000000000000000e+00
2.670000000000000000e+02,4.676721096038818359e-01,2.615409829794183949e+01,4.800000000000000000e+01
2.680000000000000000e+02,4.683830738067626953e-01,2.615409829794183949e+01,4.000000000000000000e+00
2.690000000000000000e+02,4.694859981536865234e-01,2.615409829794183949e+01,4.800000000000000000e+01
2.700000000000000000e+02,4.703311920166015625e-01,2.615409829794183949e+01,4.000000000000000000e+00
2.710000000000000000e+02,4.789190292358398438e-01,2.615409829794183949e+01,4.900000000000000000e+01
2.720000000000000000e+02,4.797921180725097656e-01,2.615409829794183949e+01,4.000000000000000000e+00
2.730000000000000000e+02,4.875290393829345703e-01,2.615409829794183949e+01,5.000000000000000000e+01
2.740000000000000000e+02,4.884490966796875000e-01,2.615409829794183949e+01,4.000000000000000000e+00
2.750000000000000000e+02,4.933810234069824219e-01,2.615409829794183949e+01,5.100000000000000000e+01
2.760000000000000000e+02,4.942920207977294922e-01,2.615409829794183949e+01,4.000000000000000000e+00
2.770000000000000000e+02,4.951601028442382812e-01,2.615409829794183949e+01,5.100000000000000000e+01
2.780000000000000000e+02,4.961140155792236328e-01,2.615409829794183949e+01,4.000000000000000000e+00
2.790000000000000000e+02,4.974901676177978516e-01,2.615409829794183949e+01,5.100000000000000000e+01
2.800000000000000000e+02,4.985530376434326172e-01,2.615409829794183949e+01,4.000000000000000000e+00
2.810000000000000000e+02,4.995779991149902344e-01,2.615409829794183949e+01,5.100000000000000000e+01
2.820000000000000000e+02,5.006291866302490234e-01,2.615409829794183949e+01,4.000000000000000000e+00
2.830000000000000000e+02,5.021049976348876953e-01,2.615409829794183949e+01,5.100000000000000000e+01
2.840000000000000000e+02,5.032091140747070312e-01,2.615409829794183949e+01,4.000000000000000000e+00
2.850000000000000000e+02,5.049381256103515625e-01,2.615409829794183949e+01,5.100000000000000000e+01
2.860000000000000000e+02,5.054690837860107422e-01,2.615409829794183949e+01,4.000000000000000000e+00
2.870000000000000000e+02,5.062510967254638672e-01,2.615409829794183949e+01,5.100000000000000000e+01
2.880000000000000000e+02,5.069940090179443359e-01,2.615409829794183949e+01,4.000000000000000000e+00
2.890000000000000000e+02,5.076980590820312500e-01,2.615409829794183949e+01,5.100000000000000000e+01
2.900000000000000000e+02,5.083560943603515625e-01,2.615409829794183949e+01,4.000000000000000000e+00
2.910000000000000000e+02,5.202112197875976562e-01,2.615409829794183949e+01,5.200000000000000000e+01
2.920000000000000000e+02,5.210649967193603516e-01,2.615409829794183949e+01,4.000000000000000000e+00
2.930000000000000000e+02,5.222690105438232422e-01,2.615409829794183949e+01,5.200000000000000000e+01
2.940000000000000000e+02,5.230941772460937500e-01,2.615409829794183949e+01,4.000000000000000000e+00
2.950000000000000000e+02,5.299320220947265625e-01,2.615409829794183949e+01,5.300000000000000000e+01
2.960000000000000000e+02,5.307841300964355469e-01,2.615409829794183949e+01,4.000000000000000000e+00
2.970000000000000000e+02,5.353481769561767578e-01,2.615409829794183949e+01,5.400000000000000000e+01
2.980000000000000000e+02,5.362532138824462891e-01,2.615409829794183949e+01,4.000000000000000000e+00
2.990000000000000000e+02,5.407609939575195312e-01,2.615409829794183949e+01,5.500000000000000000e+01
3.000000000000000000e+02,5.420570373535156250e-01,2.615409829794183949e+01,4.000000000000000000e+00
3.010000000000000000e+02,5.430099964141845703e-01,2.615409829794183949e+01,5.500000000000000000e+01
3.020000000000000000e+02,5.440061092376708984e-01,2.615409829794183949e+01,4.000000000000000000e+00
3.030000000000000000e+02,5.463771820068359375e-01,2.615409829794183949e+01,5.600000000000000000e+01
3.040000000000000000e+02,5.474061965942382812e-01,2.615409829794183949e+01,4.000000000000000000e+00
3.050000000000000000e+02,5.488851070404052734e-01,2.615409829794183949e+01,5.600000000000000000e+01
3.060000000000000000e+02,5.502531528472900391e-01,2.615409829794183949e+01,4.000000000000000000e+00
3.070000000000000000e+02,5.520710945129394531e-01,2.615409829794183949e+01,5.600000000000000000e+01
3.080000000000000000e+02,5.549750328063964844e-01,2.615409829794183949e+01,5.000000000000000000e+00
3.090000000000000000e+02,5.755980014801025391e-01,2.615409829794183949e+01,5.700000000000000000e+01
3.100000000000000000e+02,5.762650966644287109e-01,2.615409829794183949e+01,5.000000000000000000e+00
3.110000000000000000e+02,5.769391059875488281e-01,2.615409829794183949e+01,5.700000000000000000e+01
3.120000000000000000e+02,5.777461528778076172e-01,2.615409829794183949e+01,5.000000000000000000e+00
3.130000000000000000e+02,5.784471035003662109e-01,2.615409829794183949e+01,5.700000000000000000e+01
3.140000000000000000e+02,5.792331695556640625e-01,2.615409829794183949e+01,5.000000000000000000e+00
3.150000000000000000e+02,5.903220176696777344e-01,2.615409829794183949e+01,5.800000000000000000e+01
3.160000000000000000e+02,5.913190841674804688e-01,2.615409829794183949e+01,5.000000000000000000e+00
3.170000000000000000e+02,5.921239852905273438e-01,2.615409829794183949e+01,5.800000000000000000e+01
3.180000000000000000e+02,5.930130481719970703e-01,2.615409829794183949e+01,5.000000000000000000e+00
3.190000000000000000e+02,5.938050746917724609e-01,2.615409829794183949e+01,5.800000000000000000e+01
3.200000000000000000e+02,5.947501659393310547e-01,2.615409829794183949e+01,5.000000000000000000e+00
3.210000000000000000e+02,5.959889888763427734e-01,2.615409829794183949e+01,5.800000000000000000e+01
3.220000000000000000e+02,5.969882011413574219e-01,2.615409829794183949e+01,5.000000000000000000e+00
3.230000000000000000e+02,6.023042201995849609e-01,2.615409829794183949e+01,5.900000000000000000e+01
3.240000000000000000e+02,6.033651828765869141e-01,2.615409829794183949e+01,5.000000000000000000e+00
3.250000000000000000e+02,6.048471927642822266e-01,2.615409829794183949e+01,5.900000000000000000e+01
3.260000000000000000e+02,6.066491603851318359e-01,2.615409829794183949e+01,5.000000000000000000e+00
3.270000000000000000e+02,6.083471775054931641e-01,2.615409829794183949e+01,5.900000000000000000e+01
3.280000000000000000e+02,6.094450950622558594e-01,2.615409829794183949e+01,5.000000000000000000e+00
3.290000000000000000e+02,6.114211082458496094e-01,2.615409829794183949e+01,5.900000000000000000e+01
3.300000000000000000e+02,6.119091510772705078e-01,2.615409829794183949e+01,5.000000000000000000e+00
3.310000000000000000e+02,6.332302093505859375e-01,2.615409829794183949e+01,6.000000000000000000e+01
3.320000000000000000e+02,6.344370841979980469e-01,2.615409829794183949e+01,5.000000000000000000e+00
3.330000000000000000e+02,6.351311206817626953e-01,2.615409829794183949e+01,6.000000000000000000e+01
3.340000000000000000e+02,6.359281539916992188e-01,2.615409829794183949e+01,5.000000000000000000e+00
3.350000000000000000e+02,6.501681804656982422e-01,2.615409829794183949e+01,6.100000000000000000e+01
3.360000000000000000e+02,6.509740352630615234e-01,2.615409829794183949e+01,5.000000000000000000e+00
3.370000000000000000e+02,6.517300605773925781e-01,2.615409829794183949e+01,6.100000000000000000e+01
3.380000000000000000e+02,6.526939868927001953e-01,2.615409829794183949e+01,5.000000000000000000e+00
3.390000000000000000e+02,6.607661247253417969e-01,2.615409829794183949e+01,6.200000000000000000e+01
3.400000000000000000e+02,6.620440483093261719e-01,2.615409829794183949e+01,5.000000000000000000e+00
3.410000000000000000e+02,6.629590988159179688e-01,2.615409829794183949e+01,6.200000000000000000e+01
3.420000000000000000e+02,6.638991832733154297e-01,2.615409829794183949e+01,5.000000000000000000e+00
3.430000000000000000e+02,6.652710437774658203e-01,2.615409829794183949e+01,6.200000000000000000e+01
3.440000000000000000e+02,6.662530899047851562e-01,2.615409829794183949e+01,5.000000000000000000e+00
3.450000000000000000e+02,6.697220802307128906e-01,2.615409829794183949e+01,6.300000000000000000e+01
3.460000000000000000e+02,6.711440086364746094e-01,2.615409829794183949e+01,5.000000000000000000e+00
3.470000000000000000e+02,6.722991466522216797e-01,2.615409829794183949e+01,6.300000000000000000e+01
3.480000000000000000e+02,6.733779907226562500e-01,2.615409829794183949e+01,5.000000000000000000e+00
3.490000000000000000e+02,6.757950782775878906e-01,2.615409829794183949e+01,6.400000000000000000e+01
3.500000000000000000e+02,6.770110130310058594e-01,2.615409829794183949e+01,5.000000000000000000e+00
3.510000000000000000e+02,6.791660785675048828e-01,2.615409829794183949e+01,6.400000000000000000e+01
3.520000000000000000e+02,6.800301074981689453e-01,2.615409829794183949e+01,5.000000000000000000e+00
3.530000000000000000e+02,6.808490753173828125e-01,2.615409829794183949e+01,6.400000000000000000e+01
3.540000000000000000e+02,6.815121173858642578e-01,2.615409829794183949e+01,5.000000000000000000e+00
3.550000000000000000e+02,7.004721164703369141e-01,2.615409829794183949e+01,6.500000000000000000e+01
3.560000000000000000e+02,7.012810707092285156e-01,2.615409829794183949e+01,5.000000000000000000e+00
3.570000000000000000e+02,7.024431228637695312e-01,2.615409829794183949e+01,6.500000000000000000e+01
3.580000000000000000e+02,7.033960819244384766e-01,2.615409829794183949e+01,5.000000000000000000e+00
3.590000000000000000e+02,7.042281627655029297e-01,2.615409829794183949e+01,6.500000000000000000e+01
3.600000000000000000e+02,7.050790786743164062e-01,2.615409829794183949e+01,5.000000000000000000e+00
3.610000000000000000e+02,7.058930397033691406e-01,2.615409829794183949e+01,6.500000000000000000e+01
3.620000000000000000e+02,7.068121433258056641e-01,2.615409829794183949e+01,5.000000000000000000e+00
3.630000000000000000e+02,7.131981849670410156e-01,2.615409829794183949e+01,6.600000000000000000e+01
3.640000000000000000e+02,7.142231464385986328e-01,2.615409829794183949e+01,5.000000000000000000e+00
3.650000000000000000e+02,7.161991596221923828e-01,2.615409829794183949e+01,6.600000000000000000e+01
3.660000000000000000e+02,7.172791957855224609e-01,2.615409829794183949e+01,5.000000000000000000e+00
3.670000000000000000e+02,7.184979915618896484e-01,2.615409829794183949e+01,6.600000000000000000e+01
3.680000000000000000e+02,7.195591926574707031e-01,2.615409829794183949e+01,5.000000000000000000e+00
3.690000000000000000e+02,7.225110530853271484e-01,2.615409829794183949e+01,6.700000000000000000e+01
3.700000000000000000e+02,7.236142158508300781e-01,2.615409829794183949e+01,5.000000000000000000e+00
3.710000000000000000e+02,7.253510951995849609e-01,2.615409829794183949e+01,6.700000000000000000e+01
3.720000000000000000e+02,7.267630100250244141e-01,2.615409829794183949e+01,5.000000000000000000e+00
3.730000000000000000e+02,7.286951541900634766e-01,2.615409829794183949e+01,6.700000000000000000e+01
3.740000000000000000e+02,7.315530776977539062e-01,2.615409829794183949e+01,6.000000000000000000e+00
3.750000000000000000e+02,7.321920394897460938e-01,2.615409829794183949e+01,6.700000000000000000e+01
3.760000000000000000e+02,7.328071594238281250e-01,2.615409829794183949e+01,6.000000000000000000e+00
3.770000000000000000e+02,7.337210178375244141e-01,2.615409829794183949e+01,6.700000000000000000e+01
3.780000000000000000e+02,7.346580028533935547e-01,2.615409829794183949e+01,6.000000000000000000e+00
3.790000000000000000e+02,7.364840507507324219e-01,2.615409829794183949e+01,6.700000000000000000e+01
3.800000000000000000e+02,7.372791767120361328e-01,2.615409829794183949e+01,6.000000000000000000e+00
3.810000000000000000e+02,7.524189949035644531e-01,2.615409829794183949e+01,6.800000000000000000e+01
3.820000000000000000e+02,7.533781528472900391e-01,2.615409829794183949e+01,6.000000000000000000e+00
3.830000000000000000e+02,7.543461322784423828e-01,2.615409829794183949e+01,6.800000000000000000e+01
3.840000000000000000e+02,7.552871704101562500e-01,2.615409829794183949e+01,6.000000000000000000e+00
3.850000000000000000e+02,7.567021846771240234e-01,2.615409829794183949e+01,6.800000000000000000e+01
3.860000000000000000e+02,7.576742172241210938e-01,2.615409829794183949e+01,6.000000000000000000e+00
3.870000000000000000e+02,7.636179924011230469e-01,2.615409829794183949e+01,6.900000000000000000e+01
3.880000000000000000e+02,7.646670341491699219e-01,2.615409829794183949e+01,6.000000000000000000e+00
3.890000000000000000e+02,7.659811973571777344e-01,2.615409829794183949e+01,6.900000000000000000e+01
3.900000000000000000e+02,7.670640945434570312e-01,2.615409829794183949e+01,6.000000000000000000e+00
3.910000000000000000e+02,7.689721584320068359e-01,2.615409829794183949e+01,6.900000000000000000e+01
3.920000000000000000e+02,7.703061103820800781e-01,2.615409829794183949e+01,6.000000000000000000e+00
3.930000000000000000e+02,7.729480266571044922e-01,2.591077384528520611e+01,7.000000000000000000e+01
3.940000000000000000e+02,7.740612030029296875e-01,2.591077384528520611e+01,4.000000000000000000e+00
3.950000000000000000e+02,7.762742042541503906e-01,2.591077384528520611e+01,6.100000000000000000e+01
3.960000000000000000e+02,7.767581939697265625e-01,2.591077384528520611e+01,4.000000000000000000e+00
3.970000000000000000e+02,7.774159908294677734e-01,2.591077384528520611e+01,6.100000000000000000e+01
3.980000000000000000e+02,7.783560752868652344e-01,2.591077384528520611e+01,4.000000000000000000e+00
3.990000000000000000e+02,7.790250778198242188e-01,2.591077384528520611e+01,6.100000000000000000e+01
4.000000000000000000e+02,7.796862125396728516e-01,2.591077384528520611e+01,4.000000000000000000e+00
4.010000000000000000e+02,7.804110050201416016e-01,2.591077384528520611e+01,6.100000000000000000e+01
4.020000000000000000e+02,7.812640666961669922e-01,2.591077384528520611e+01,4.000000000000000000e+00
4.030000000000000000e+02,7.824912071228027344e-01,2.591077384528520611e+01,6.100000000000000000e+01
4.040000000000000000e+02,7.834761142730712891e-01,2.591077384528520611e+01,4.000000000000000000e+00
4.050000000000000000e+02,7.847380638122558594e-01,2.591077384528520611e+01,6.100000000000000000e+01
4.060000000000000000e+02,7.856471538543701172e-01,2.591077384528520611e+01,4.000000000000000000e+00
4.070000000000000000e+02,7.935612201690673828e-01,2.591077384528520611e+01,6.200000000000000000e+01
4.080000000000000000e+02,7.945051193237304688e-01,2.591077384528520611e+01,4.000000000000000000e+00
4.090000000000000000e+02,7.961051464080810547e-01,2.591077384528520611e+01,6.200000000000000000e+01
4.100000000000000000e+02,7.970252037048339844e-01,2.591077384528520611e+01,4.000000000000000000e+00
4.110000000000000000e+02,8.021821975708007812e-01,2.591077384528520611e+01,6.300000000000000000e+01
4.120000000000000000e+02,8.032371997833251953e-01,2.591077384528520611e+01,4.000000000000000000e+00
4.130000000000000000e+02,8.048441410064697266e-01,2.591077384528520611e+01,6.300000000000000000e+01
4.140000000000000000e+02,8.062381744384765625e-01,2.591077384528520611e+01,4.000000000000000000e+00
4.150000000000000000e+02,8.090541362762451172e-01,2.591077384528520611e+01,6.400000000000000000e+01
4.160000000000000000e+02,8.103351593017578125e-01,2.591077384528520611e+01,4.000000000000000000e+00
4.170000000000000000e+02,8.122770786285400391e-01,2.591077384528520611e+01,6.400000000000000000e+01
4.180000000000000000e+02,8.128871917724609375e-01,2.591077384528520611e+01,4.000000000000000000e+00
4.190000000000000000e+02,8.135900497436523438e-01,2.591077384528520611e+01,6.400000000000000000e+01
4.200000000000000000e+02,8.144001960754394531e-01,2.591077384528520611e+01,4.000000000000000000e+00
4.210000000000000000e+02,8.150990009307861328e-01,2.591077384528520611e+01,6.400000000000000000e+01
4.220000000000000000e+02,8.161790370941162109e-01,2.591077384528520611e+01,4.000000000000000000e+00
4.230000000000000000e+02,8.178491592407226562e-01,2.591077384528520611e+01,6.400000000000000000e+01
4.240000000000000000e+02,8.186511993408203125e-01,2.591077384528520611e+01,4.000000000000000000e+00
4.250000000000000000e+02,8.193900585174560547e-01,2.591077384528520611e+01,6.400000000000000000e+01
4.260000000000000000e+02,8.202221393585205078e-01,2.591077384528520611e+01,4.000000000000000000e+00
4.270000000000000000e+02,8.210740089416503906e-01,2.591077384528520611e+01,6.400000000000000000e+01
4.280000000000000000e+02,8.219652175903320312e-01,2.591077384528520611e+01,4.000000000000000000e+00
4.290000000000000000e+02,8.232572078704833984e-01,2.591077384528520611e+01,6.400000000000000000e+01
4.300000000000000000e+02,8.245570659637451172e-01,2.591077384528520611e+01,4.000000000000000000e+00
4.310000000000000000e+02,8.254230022430419922e-01,2.591077384528520611e+01,6.400000000000000000e+01
4.320000000000000000e+02,8.264009952545166016e-01,2.591077384528520611e+01,4.000000000000000000e+00
4.330000000000000000e+02,8.302531242370605469e-01,2.591077384528520611e+01,6.500000000000000000e+01
4.340000000000000000e+02,8.314540386199951172e-01,2.591077384528520611e+01,4.000000000000000000e+00
4.350000000000000000e+02,8.332960605621337891e-01,2.591077384528520611e+01,6.500000000000000000e+01
4.360000000000000000e+02,8.349661827087402344e-01,2.591077384528520611e+01,4.000000000000000000e+00
4.370000000000000000e+02,8.365921974182128906e-01,2.591077384528520611e+01,6.500000000000000000e+01
4.380000000000000000e+02,8.377351760864257812e-01,2.591077384528520611e+01,4.000000000000000000e+00
4.390000000000000000e+02,8.398780822753906250e-01,2.591077384528520611e+01,6.500000000000000000e+01
4.400000000000000000e+02,8.406441211700439453e-01,2.591077384528520611e+01,4.000000000000000000e+00
4.410000000000000000e+02,8.654921054840087891e-01,2.591077384528520611e+01,6.600000000000000000e+01
4.420000000000000000e+02,8.662331104278564453e-01,2.591077384528520611e+01,4.000000000000000000e+00
4.430000000000000000e+02,8.671441078186035156e-01,2.591077384528520611e+01,6.600000000000000000e+01
4.440000000000000000e+02,8.678810596466064453e-01,2.591077384528520611e+01,4.000000000000000000e+00
4.450000000000000000e+02,8.687121868133544922e-01,2.591077384528520611e+01,6.600000000000000000e+01
4.460000000000000000e+02,8.695290088653564453e-01,2.591077384528520611e+01,4.000000000000000000e+00
4.470000000000000000e+02,8.867690563201904297e-01,2.591077384528520611e+01,6.700000000000000000e+01
4.480000000000000000e+02,8.879711627960205078e-01,2.591077384528520611e+01,4.000000000000000000e+00
4.490000000000000000e+02,8.999371528625488281e-01,2.591077384528520611e+01,6.800000000000000000e+01
4.500000000000000000e+02,9.008851051330566406e-01,2.591077384528520611e+01,4.000000000000000000e+00
4.510000000000000000e+02,9.017400741577148438e-01,2.591077384528520611e+01,6.800000000000000000e+01
4.520000000000000000e+02,9.026360511779785156e-01,2.591077384528520611e+01,4.000000000000000000e+00
4.530000000000000000e+02,9.043371677398681641e-01,2.591077384528520611e+01,6.800000000000000000e+01
4.540000000000000000e+02,9.053840637207031250e-01,2.591077384528520611e+01,4.000000000000000000e+00
4.550000000000000000e+02,9.068200588226318359e-01,2.591077384528520611e+01,6.800000000000000000e+01
4.560000000000000000e+02,9.079329967498779297e-01,2.591077384528520611e+01,4.000000000000000000e+00
4.570000000000000000e+02,9.095129966735839844e-01,2.591077384528520611e+01,6.800000000000000000e+01
4.580000000000000000e+02,9.109702110290527344e-01,2.591077384528520611e+01,4.000000000000000000e+00
4.590000000000000000e+02,9.129869937896728516e-01,2.591077384528520611e+01,6.800000000000000000e+01
4.600000000000000000e+02,9.141201972961425781e-01,2.591077384528520611e+01,4.000000000000000000e+00
4.610000000000000000e+02,9.160270690917968750e-01,2.591077384528520611e+01,6.800000000000000000e+01
4.620000000000000000e+02,9.164950847625732422e-01,2.591077384528520611e+01,4.000000000000000000e+00
4.630000000000000000e+02,9.172031879425048828e-01,2.591077384528520611e+01,6.800000000000000000e+01
4.640000000000000000e+02,9.179711341857910156e-01,2.591077384528520611e+01,4.000000000000000000e+00
4.650000000000000000e+02,9.193041324615478516e-01,2.591077384528520611e+01,6.800000000000000000e+01
4.660000000000000000e+02,9.203841686248779297e-01,2.591077384528520611e+01,4.000000000000000000e+00
4.670000000000000000e+02,9.386570453643798828e-01,2.591077384528520611e+01,6.900000000000000000e+01
4.680000000000000000e+02,9.394969940185546875e-01,2.591077384528520611e+01,4.000000000000000000e+00
4.690000000000000000e+02,9.403190612792968750e-01,2.591077384528520611e+01,6.900000000000000000e+01
4.700000000000000000e+02,9.410271644592285156e-01,2.591077384528520611e+01,4.000000000000000000e+00
4.710000000000000000e+02,9.419870376586914062e-01,2.591077384528520611e+01,6.900000000000000000e+01
4.720000000000000000e+02,9.429230690002441406e-01,2.591077384528520611e+01,4.000000000000000000e+00
4.730000000000000000e+02,9.443790912628173828e-01,2.591077384528520611e+01,6.900000000000000000e+01
4.740000000000000000e+02,9.453651905059814453e-01,2.591077384528520611e+01,4.000000000000000000e+00
4.750000000000000000e+02,9.462971687316894531e-01,2.591077384528520611e+01,6.900000000000000000e+01
4.760000000000000000e+02,9.472181797027587891e-01,2.591077384528520611e+01,4.000000000000000000e+00
4.770000000000000000e+02,9.486920833587646484e-01,2.591077384528520611e+01,6.900000000000000000e+01
4.780000000000000000e+02,9.497280120849609375e-01,2.591077384528520611e+01,4.000000000000000000e+00
4.790000000000000000e+02,9.512510299682617188e-01,2.591077384528520611e+01,6.900000000000000000e+01
4.800000000000000000e+02,9.526371955871582031e-01,2.591077384528520611e+01,4.000000000000000000e+00
4.810000000000000000e+02,9.544110298156738281e-01,2.591077384528520611e+01,6.900000000000000000e+01
4.820000000000000000e+02,9.557859897613525391e-01,2.591077384528520611e+01,4.000000000000000000e+00
4.830000000000000000e+02,9.580299854278564453e-01,2.591077384528520611e+01,6.900000000000000000e+01
4.840000000000000000e+02,9.586820602416992188e-01,2.591077384528520611e+01,4.000000000000000000e+00
4.850000000000000000e+02,9.596381187438964844e-01,2.591077384528520611e+01,6.900000000000000000e+01
4.860000000000000000e+02,9.605021476745605469e-01,2.591077384528520611e+01,4.000000000000000000e+00
4.870000000000000000e+02,9.613881111145019531e-01,2.591077384528520611e+01,6.900000000000000000e+01
4.880000000000000000e+02,9.621901512145996094e-01,2.591077384528520611e+01,4.000000000000000000e+00
4.890000000000000000e+02,9.629020690917968750e-01,2.591077384528520611e+01,6.900000000000000000e+01
4.900000000000000000e+02,9.636940956115722656e-01,2.591077384528520611e+01,4.000000000000000000e+00
4.910000000000000000e+02,9.787600040435791016e-01,2.591077384528520611e+01,7.000000000000000000e+01
4.920000000000000000e+02,9.796440601348876953e-01,2.591077384528520611e+01,4.000000000000000000e+00
4.930000000000000000e+02,9.804120063781738281e-01,2.591077384528520611e+01,7.000000000000000000e+01
4.940000000000000000e+02,9.812870025634765625e-01,2.591077384528520611e+01,4.000000000000000000e+00
4.950000000000000000e+02,9.822001457214355469e-01,2.591077384528520611e+01,7.000000000000000000e+01
4.960000000000000000e+02,9.831221103668212891e-01,2.591077384528520611e+01,4.000000000000000000e+00
4.970000000000000000e+02,9.848191738128662109e-01,2.591077384528520611e+01,7.000000000000000000e+01
4.980000000000000000e+02,9.859731197357177734e-01,2.591077384528520611e+01,4.000000000000000000e+00
4.990000000000000000e+02,9.874830245971679688e-01,2.591077384528520611e+01,7.000000000000000000e+01
