0.000000000000000000e+00,1.999139785766601562e-03,0.000000000000000000e+00,2.000000000000000000e+00
1.000000000000000000e+00,3.882169723510742188e-03,0.000000000000000000e+00,2.000000000000000000e+00
2.000000000000000000e+00,5.987167358398437500e-03,0.000000000000000000e+00,3.000000000000000000e+00
3.000000000000000000e+00,7.708072662353515625e-03,1.910662193787668173e+01,3.000000000000000000e+00
4.000000000000000000e+00,8.257150650024414062e-03,1.910662193787668173e+01,1.000000000000000000e+00
5.000000000000000000e+00,8.856058120727539062e-03,1.910662193787668173e+01,2.000000000000000000e+00
6.000000000000000000e+00,9.579181671142578125e-03,1.910662193787668173e+01,1.000000000000000000e+00
7.000000000000000000e+00,1.023006439208984375e-02,1.910662193787668173e+01,2.000000000000000000e+00
8.000000000000000000e+00,1.087307929992675781e-02,1.910662193787668173e+01,1.000000000000000000e+00
9.000000000000000000e+00,1.197314262390136719e-02,1.910662193787668173e+01,2.000000000000000000e+00
1.000000000000000000e+01,1.266217231750488281e-02,1.910662193787668173e+01,1.000000000000000000e+00
1.100000000000000000e+01,1.370406150817871094e-02,1.910662193787668173e+01,2.000000000000000000e+00
1.200000000000000000e+01,1.456618309020996094e-02,1.910662193787668173e+01,1.000000000000000000e+00
1.300000000000000000e+01,1.532316207885742188e-02,1.910662193787668173e+01,2.000000000000000000e+00
1.400000000000000000e+01,1.705002784729003906e-02,1.894184693914115059e+01,2.000000000000000000e+00
1.500000000000000000e+01,1.793003082275390625e-02,1.894184693914115059e+01,1.000000000000000000e+00
1.600000000000000000e+01,1.855397224426269531e-02,1.894184693914115059e+01,2.000000000000000000e+00
1.700000000000000000e+01,1.965212821960449219e-02,1.894184693914115059e+01,1.000000000000000000e+00
1.800000000000000000e+01,2.052497863769531250e-02,1.894184693914115059e+01,2.000000000000000000e+00
1.900000000000000000e+01,2.138018608093261719e-02,1.894184693914115059e+01,1.000000000000000000e+00
2.000000000000000000e+01,2.240800857543945312e-02,1.894184693914115059e+01,2.000000000000000000e+00
2.100000000000000000e+01,2.329516410827636719e-02,1.894184693914115059e+01,1.000000000000000000e+00
2.200000000000000000e+01,2.415704727172851562e-02,1.894184693914115059e+01,2.000000000000000000e+00
2.300000000000000000e+01,2.503800392150878906e-02,1.894184693914115059e+01,1.000000000000000000e+00
2.400000000000000000e+01,2.563309669494628906e-02,1.894184693914115059e+01,2.000000000000000000e+00
2.500000000000000000e+01,2.681803703308105469e-02,1.894184693914115059e+01,2.000000000000000000e+00
2.600000000000000000e+01,2.725696563720703125e-02,1.894184693914115059e+01,2.000000000000000000e+00
2.700000000000000000e+01,2.774906158447265625e-02,1.894184693914115059e+01,2.000000000000000000e+00
2.800000000000000000e+01,2.832007408142089844e-02,1.894184693914115059e+01,2.000000000000000000e+00
2.900000000000000000e+01,2.896499633789062500e-02,1.894184693914115059e+01,2.000000000000000000e+00
3.000000000000000000e+01,2.980518341064453125e-02,1.894184693914115059e+01,2.000000000000000000e+00
3.100000000000000000e+01,3.054404258728027344e-02,1.894184693914115059e+01,2.000000000000000000e+00
3.200000000000000000e+01,3.120708465576171875e-02,1.894184693914115059e+01,2.000000000000000000e+00
3.300000000000000000e+01,3.191399574279785156e-02,1.894184693914115059e+01,2.000000000000000000e+00
3.400000000000000000e+01,3.244209289550781250e-02,1.894184693914115059e+01,2.000000000000000000e+00
3.500000000000000000e+01,3.310108184814453125e-02,1.894184693914115059e+01,2.000000000000000000e+00
3.600000000000000000e+01,3.363418579101562500e-02,1.894184693914115059e+01,2.000000000000000000e+00
3.700000000000000000e+01,3.447914123535156250e-02,1.894184693914115059e+01,2.000000000000000000e+00
3.800000000000000000e+01,3.510618209838867188e-02,1.894184693914115059e+01,2.000000000000000000e+00
3.900000000000000000e+01,3.623914718627929688e-02,1.894184693914115059e+01,2.000000000000000000e+00
4.000000000000000000e+01,3.683996200561523438e-02,1.894184693914115059e+01,2.000000000000000000e+00
4.100000000000000000e+01,3.793907165527343750e-02,1.894184693914115059e+01,2.000000000000000000e+00
4.200000000000000000e+01,3.875303268432617188e-02,1.894184693914115059e+01,2.000000000000000000e+00
4.300000000000000000e+01,3.955912590026855469e-02,1.894184693914115059e+01,2.000000000000000000e+00
4.400000000000000000e+01,4.035806655883789062e-02,1.894184693914115059e+01,2.000000000000000000e+00
4.500000000000000000e+01,4.119014739990234375e-02,1.894184693914115059e+01,2.000000000000000000e+00
4.600000000000000000e+01,4.201102256774902344e-02,1.894184693914115059e+01,2.000000000000000000e+00
4.700000000000000000e+01,4.289317131042480469e-02,1.894184693914115059e+01,2.000000000000000000e+00
4.800000000000000000e+01,4.359412193298339844e-02,1.894184693914115059e+01,2.000000000000000000e+00
4.900000000000000000e+01,4.408097267150878906e-02,1.894184693914115059e+01,2.000000000000000000e+00
5.000000000000000000e+01,4.489111900329589844e-02,1.894184693914115059e+01,2.000000000000000000e+00
5.100000000000000000e+01,4.571509361267089844e-02,1.894184693914115059e+01,2.000000000000000000e+00
5.200000000000000000e+01,4.748415946960449219e-02,1.894184693914115059e+01,3.000000000000000000e+00
5.300000000000000000e+01,4.817199707031250000e-02,1.894184693914115059e+01,2.000000000000000000e+00
5.400000000000000000e+01,4.882311820983886719e-02,1.894184693914115059e+01,3.000000000000000000e+00
5.500000000000000000e+01,4.967617988586425781e-02,1.894184693914115059e+01,2.000000000000000000e+00
5.600000000000000000e+01,5.027008056640625000e-02,1.894184693914115059e+01,3.000000000000000000e+00
5.700000000000000000e+01,5.183196067810058594e-02,1.888898444888107520e+01,3.000000000000000000e+00
5.800000000000000000e+01,5.238103866577148438e-02,1.888898444888107520e+01,2.000000000000000000e+00
5.900000000000000000e+01,5.332303047180175781e-02,1.888898444888107520e+01,3.000000000000000000e+00
6.000000000000000000e+01,5.409908294677734375e-02,1.888898444888107520e+01,2.000000000000000000e+00
6.100000000000000000e+01,5.485010147094726562e-02,1.888898444888107520e+01,3.000000000000000000e+00
6.200000000000000000e+01,5.547904968261718750e-02,1.888898444888107520e+01,2.000000000000000000e+00
6.300000000000000000e+01,5.641317367553710938e-02,1.888898444888107520e+01,3.000000000000000000e+00
6.400000000000000000e+01,5.702900886535644531e-02,1.888898444888107520e+01,2.000000000000000000e+00
6.500000000000000000e+01,5.797600746154785156e-02,1.888898444888107520e+01,3.000000000000000000e+00
6.600000000000000000e+01,5.870604515075683594e-02,1.888898444888107520e+01,2.000000000000000000e+00
6.700000000000000000e+01,5.955815315246582031e-02,1.888898444888107520e+01,3.000000000000000000e+00
6.800000000000000000e+01,6.036615371704101562e-02,1.888898444888107520e+01,2.000000000000000000e+00
6.900000000000000000e+01,6.142497062683105469e-02,1.888898444888107520e+01,3.000000000000000000e+00
7.000000000000000000e+01,6.241703033447265625e-02,1.888898444888107520e+01,2.000000000000000000e+00
7.100000000000000000e+01,6.363201141357421875e-02,1.888898444888107520e+01,3.000000000000000000e+00
7.200000000000000000e+01,6.414604187011718750e-02,1.888898444888107520e+01,2.000000000000000000e+00
7.300000000000000000e+01,6.460714340209960938e-02,1.888898444888107520e+01,3.000000000000000000e+00
7.400000000000000000e+01,6.508016586303710938e-02,1.888898444888107520e+01,2.000000000000000000e+00
7.500000000000000000e+01,6.558513641357421875e-02,1.888898444888107520e+01,3.000000000000000000e+00
7.600000000000000000e+01,6.646299362182617188e-02,1.888898444888107520e+01,2.000000000000000000e+00
7.700000000000000000e+01,6.709408760070800781e-02,1.888898444888107520e+01,3.000000000000000000e+00
7.800000000000000000e+01,6.781315803527832031e-02,1.888898444888107520e+01,2.000000000000000000e+00
7.900000000000000000e+01,6.858801841735839844e-02,1.888898444888107520e+01,3.000000000000000000e+00
8.000000000000000000e+01,7.042813301086425781e-02,1.882940050759130912e+01,3.000000000000000000e+00
8.100000000000000000e+01,7.138705253601074219e-02,1.882940050759130912e+01,1.000000000000000000e+00
8.200000000000000000e+01,7.204318046569824219e-02,1.882940050759130912e+01,3.000000000000000000e+00
8.300000000000000000e+01,7.280015945434570312e-02,1.882940050759130912e+01,1.000000000000000000e+00
8.400000000000000000e+01,7.340002059936523438e-02,1.882940050759130912e+01,3.000000000000000000e+00
8.500000000000000000e+01,7.416296005249023438e-02,1.882940050759130912e+01,1.000000000000000000e+00
8.600000000000000000e+01,7.477617263793945312e-02,1.882940050759130912e+01,3.000000000000000000e+00
8.700000000000000000e+01,7.611799240112304688e-02,1.882940050759130912e+01,1.000000000000000000e+00
8.800000000000000000e+01,7.675814628601074219e-02,1.882940050759130912e+01,3.000000000000000000e+00
8.900000000000000000e+01,7.765507698059082031e-02,1.882940050759130912e+01,1.000000000000000000e+00
9.000000000000000000e+01,7.843399047851562500e-02,1.882940050759130912e+01,3.000000000000000000e+00
9.100000000000000000e+01,7.990312576293945312e-02,1.882940050759130912e+01,1.000000000000000000e+00
9.200000000000000000e+01,8.081817626953125000e-02,1.882940050759130912e+01,3.000000000000000000e+00
9.300000000000000000e+01,8.183407783508300781e-02,1.882940050759130912e+01,1.000000000000000000e+00
9.400000000000000000e+01,8.274698257446289062e-02,1.882940050759130912e+01,3.000000000000000000e+00
9.500000000000000000e+01,8.366918563842773438e-02,1.882940050759130912e+01,1.000000000000000000e+00
9.600000000000000000e+01,8.423495292663574219e-02,1.882940050759130912e+01,3.000000000000000000e+00
9.700000000000000000e+01,8.474516868591308594e-02,1.882940050759130912e+01,1.000000000000000000e+00
9.800000000000000000e+01,8.602213859558105469e-02,1.882940050759130912e+01,3.000000000000000000e+00
9.900000000000000000e+01,8.657717704772949219e-02,1.882940050759130912e+01,1.000000000000000000e+00
1.000000000000000000e+02,8.722805976867675781e-02,1.882940050759130912e+01,3.000000000000000000e+00
1.010000000000000000e+02,8.786106109619140625e-02,1.882940050759130912e+01,1.000000000000000000e+00
1.020000000000000000e+02,8.839201927185058594e-02,1.882940050759130912e+01,3.000000000000000000e+00
1.030000000000000000e+02,8.903503417968750000e-02,1.882940050759130912e+01,1.000000000000000000e+00
1.040000000000000000e+02,8.968901634216308594e-02,1.882940050759130912e+01,3.000000000000000000e+00
1.050000000000000000e+02,9.114408493041992188e-02,1.873383970929329934e+01,2.000000000000000000e+00
1.060000000000000000e+02,9.244608879089355469e-02,1.873383970929329934e+01,2.000000000000000000e+00
1.070000000000000000e+02,9.352898597717285156e-02,1.873383970929329934e+01,2.000000000000000000e+00
1.080000000000000000e+02,9.424114227294921875e-02,1.873383970929329934e+01,2.000000000000000000e+00
1.090000000000000000e+02,9.519815444946289062e-02,1.873383970929329934e+01,2.000000000000000000e+00
1.100000000000000000e+02,9.595608711242675781e-02,1.873383970929329934e+01,2.000000000000000000e+00
1.110000000000000000e+02,9.681510925292968750e-02,1.873383970929329934e+01,2.000000000000000000e+00
1.120000000000000000e+02,9.743905067443847656e-02,1.873383970929329934e+01,2.000000000000000000e+00
1.130000000000000000e+02,9.820318222045898438e-02,1.873383970929329934e+01,2.000000000000000000e+00
1.140000000000000000e+02,9.885311126708984375e-02,1.873383970929329934e+01,2.000000000000000000e+00
1.150000000000000000e+02,9.963011741638183594e-02,1.873383970929329934e+01,2.000000000000000000e+00
1.160000000000000000e+02,1.003921031951904297e-01,1.873383970929329934e+01,2.000000000000000000e+00
1.170000000000000000e+02,1.014871597290039062e-01,1.873383970929329934e+01,2.000000000000000000e+00
1.180000000000000000e+02,1.024181842803955078e-01,1.873383970929329934e+01,2.000000000000000000e+00
1.190000000000000000e+02,1.033291816711425781e-01,1.873383970929329934e+01,2.000000000000000000e+00
1.200000000000000000e+02,1.037890911102294922e-01,1.873383970929329934e+01,2.000000000000000000e+00
1.210000000000000000e+02,1.042830944061279297e-01,1.873383970929329934e+01,2.000000000000000000e+00
1.220000000000000000e+02,1.048181056976318359e-01,1.873383970929329934e+01,2.000000000000000000e+00
1.230000000000000000e+02,1.053640842437744141e-01,1.873383970929329934e+01,2.000000000000000000e+00
1.240000000000000000e+02,1.058449745178222656e-01,1.873383970929329934e+01,2.000000000000000000e+00
1.250000000000000000e+02,1.063520908355712891e-01,1.873383970929329934e+01,2.000000000000000000e+00
1.260000000000000000e+02,1.070110797882080078e-01,1.873383970929329934e+01,2.000000000000000000e+00
1.270000000000000000e+02,1.076290607452392578e-01,1.873383970929329934e+01,2.000000000000000000e+00
1.280000000000000000e+02,1.083891391754150391e-01,1.873383970929329934e+01,2.000000000000000000e+00
1.290000000000000000e+02,1.091170310974121094e-01,1.873383970929329934e+01,2.000000000000000000e+00
1.300000000000000000e+02,1.102230548858642578e-01,1.873383970929329934e+01,2.000000000000000000e+00
1.310000000000000000e+02,1.109871864318847656e-01,1.873383970929329934e+01,2.000000000000000000e+00
1.320000000000000000e+02,1.115620136260986328e-01,1.873383970929329934e+01,2.000000000000000000e+00
1.330000000000000000e+02,1.124379634857177734e-01,1.873383970929329934e+01,2.000000000000000000e+00
1.340000000000000000e+02,1.129951477050781250e-01,1.873383970929329934e+01,2.000000000000000000e+00
1.350000000000000000e+02,1.137340068817138672e-01,1.873383970929329934e+01,2.000000000000000000e+00
1.360000000000000000e+02,1.144590377807617188e-01,1.873383970929329934e+01,2.000000000000000000e+00
1.370000000000000000e+02,1.153650283813476562e-01,1.873383970929329934e+01,2.000000000000000000e+00
1.380000000000000000e+02,1.160020828247070312e-01,1.873383970929329934e+01,2.000000000000000000e+00
1.390000000000000000e+02,1.169331073760986328e-01,1.873383970929329934e+01,2.000000000000000000e+00
1.400000000000000000e+02,1.179301738739013672e-01,1.873383970929329934e+01,2.000000000000000000e+00
1.410000000000000000e+02,1.188621520996093750e-01,1.873383970929329934e+01,2.000000000000000000e+00
1.420000000000000000e+02,1.198740005493164062e-01,1.873383970929329934e+01,2.000000000000000000e+00
1.430000000000000000e+02,1.207389831542968750e-01,1.873383970929329934e+01,2.000000000000000000e+00
1.440000000000000000e+02,1.211700439453125000e-01,1.873383970929329934e+01,2.000000000000000000e+00
1.450000000000000000e+02,1.215541362762451172e-01,1.873383970929329934e+01,2.000000000000000000e+00
1.460000000000000000e+02,1.219899654388427734e-01,1.873383970929329934e+01,2.000000000000000000e+00
1.470000000000000000e+02,1.225121021270751953e-01,1.873383970929329934e+01,2.000000000000000000e+00
1.480000000000000000e+02,1.230280399322509766e-01,1.873383970929329934e+01,2.000000000000000000e+00
1.490000000000000000e+02,1.236140727996826172e-01,1.873383970929329934e+01,2.000000000000000000e+00
1.500000000000000000e+02,1.241331100463867188e-01,1.873383970929329934e+01,2.000000000000000000e+00
1.510000000000000000e+02,1.249051094055175781e-01,1.873383970929329934e+01,2.000000000000000000e+00
1.520000000000000000e+02,1.257450580596923828e-01,1.873383970929329934e+01,2.000000000000000000e+00
1.530000000000000000e+02,1.265001296997070312e-01,1.873383970929329934e+01,2.000000000000000000e+00
1.540000000000000000e+02,1.270730495452880859e-01,1.873383970929329934e+01,2.000000000000000000e+00
1.550000000000000000e+02,1.277651786804199219e-01,1.873383970929329934e+01,2.000000000000000000e+00
1.560000000000000000e+02,1.285240650177001953e-01,1.873383970929329934e+01,2.000000000000000000e+00
1.570000000000000000e+02,1.292030811309814453e-01,1.873383970929329934e+01,2.000000000000000000e+00
1.580000000000000000e+02,1.297509670257568359e-01,1.873383970929329934e+01,2.000000000000000000e+00
1.590000000000000000e+02,1.304941177368164062e-01,1.873383970929329934e+01,2.000000000000000000e+00
1.600000000000000000e+02,1.311750411987304688e-01,1.873383970929329934e+01,2.000000000000000000e+00
1.610000000000000000e+02,1.319270133972167969e-01,1.873383970929329934e+01,2.000000000000000000e+00
1.620000000000000000e+02,1.325821876525878906e-01,1.873383970929329934e+01,2.000000000000000000e+00
1.630000000000000000e+02,1.337211132049560547e-01,1.873383970929329934e+01,2.000000000000000000e+00
1.640000000000000000e+02,1.346101760864257812e-01,1.873383970929329934e+01,2.000000000000000000e+00
1.650000000000000000e+02,1.354579925537109375e-01,1.873383970929329934e+01,2.000000000000000000e+00
1.660000000000000000e+02,1.363861560821533203e-01,1.873383970929329934e+01,2.000000000000000000e+00
1.670000000000000000e+02,1.373701095581054688e-01,1.873383970929329934e+01,2.000000000000000000e+00
1.680000000000000000e+02,1.382820606231689453e-01,1.873383970929329934e+01,2.000000000000000000e+00
1.690000000000000000e+02,1.388030052185058594e-01,1.873383970929329934e+01,2.000000000000000000e+00
1.700000000000000000e+02,1.392531394958496094e-01,1.873383970929329934e+01,2.000000000000000000e+00
1.710000000000000000e+02,1.396920680999755859e-01,1.873383970929329934e+01,2.000000000000000000e+00
1.720000000000000000e+02,1.403651237487792969e-01,1.873383970929329934e+01,2.000000000000000000e+00
1.730000000000000000e+02,1.410140991210937500e-01,1.873383970929329934e+01,2.000000000000000000e+00
1.740000000000000000e+02,1.418421268463134766e-01,1.873383970929329934e+01,2.000000000000000000e+00
1.750000000000000000e+02,1.424920558929443359e-01,1.873383970929329934e+01,2.000000000000000000e+00
1.760000000000000000e+02,1.430649757385253906e-01,1.873383970929329934e+01,2.000000000000000000e+00
1.770000000000000000e+02,1.437599658966064453e-01,1.873383970929329934e+01,2.000000000000000000e+00
1.780000000000000000e+02,1.453170776367187500e-01,1.873383970929329934e+01,3.000000000000000000e+00
1.790000000000000000e+02,1.459951400756835938e-01,1.873383970929329934e+01,2.000000000000000000e+00
1.800000000000000000e+02,1.473929882049560547e-01,1.873383970929329934e+01,4.000000000000000000e+00
1.810000000000000000e+02,1.482989788055419922e-01,1.873383970929329934e+01,2.000000000000000000e+00
1.820000000000000000e+02,1.489090919494628906e-01,1.873383970929329934e+01,4.000000000000000000e+00
1.830000000000000000e+02,1.499490737915039062e-01,1.873383970929329934e+01,2.000000000000000000e+00
1.840000000000000000e+02,1.505811214447021484e-01,1.873383970929329934e+01,4.000000000000000000e+00
1.850000000000000000e+02,1.513819694519042969e-01,1.873383970929329934e+01,2.000000000000000000e+00
1.860000000000000000e+02,1.520330905914306641e-01,1.873383970929329934e+01,4.000000000000000000e+00
1.870000000000000000e+02,1.530361175537109375e-01,1.873383970929329934e+01,2.000000000000000000e+00
1.880000000000000000e+02,1.537840366363525391e-01,1.873383970929329934e+01,4.000000000000000000e+00
1.890000000000000000e+02,1.547691822052001953e-01,1.873383970929329934e+01,2.000000000000000000e+00
1.900000000000000000e+02,1.559591293334960938e-01,1.873383970929329934e+01,4.000000000000000000e+00
1.910000000000000000e+02,1.568410396575927734e-01,1.873383970929329934e+01,2.000000000000000000e+00
1.920000000000000000e+02,1.574871540069580078e-01,1.873383970929329934e+01,4.000000000000000000e+00
1.930000000000000000e+02,1.581161022186279297e-01,1.873383970929329934e+01,2.000000000000000000e+00
1.940000000000000000e+02,1.587641239166259766e-01,1.873383970929329934e+01,4.000000000000000000e+00
1.950000000000000000e+02,1.592590808868408203e-01,1.873383970929329934e+01,2.000000000000000000e+00
1.960000000000000000e+02,1.603109836578369141e-01,1.873383970929329934e+01,4.000000000000000000e+00
1.970000000000000000e+02,1.609110832214355469e-01,1.873383970929329934e+01,2.000000000000000000e+00
1.980000000000000000e+02,1.613740921020507812e-01,1.873383970929329934e+01,4.000000000000000000e+00
1.990000000000000000e+02,1.620039939880371094e-01,1.873383970929329934e+01,2.000000000000000000e+00
2.000000000000000000e+02,1.625530719757080078e-01,1.873383970929329934e+01,4.000000000000000000e+00
2.010000000000000000e+02,1.631760597229003906e-01,1.873383970929329934e+01,2.000000000000000000e+00
2.020000000000000000e+02,1.639671325683593750e-01,1.873383970929329934e+01,4.000000000000000000e+00
2.030000000000000000e+02,1.646089553833007812e-01,1.873383970929329934e+01,2.000000000000000000e+00
2.040000000000000000e+02,1.655790805816650391e-01,1.873383970929329934e+01,4.000000000000000000e+00
2.050000000000000000e+02,1.663670539855957031e-01,1.873383970929329934e+01,2.000000000000000000e+00
2.060000000000000000e+02,1.669940948486328125e-01,1.873383970929329934e+01,4.000000000000000000e+00
2.070000000000000000e+02,1.678740978240966797e-01,1.873383970929329934e+01,2.000000000000000000e+00
2.080000000000000000e+02,1.684730052947998047e-01,1.873383970929329934e+01,4.000000000000000000e+00
2.090000000000000000e+02,1.693451404571533203e-01,1.873383970929329934e+01,2.000000000000000000e+00
2.100000000000000000e+02,1.700060367584228516e-01,1.873383970929329934e+01,4.000000000000000000e+00
2.110000000000000000e+02,1.707780361175537109e-01,1.873383970929329934e+01,2.000000000000000000e+00
2.120000000000000000e+02,1.715700626373291016e-01,1.873383970929329934e+01,4.000000000000000000e+00
2.130000000000000000e+02,1.724190711975097656e-01,1.873383970929329934e+01,2.000000000000000000e+00
2.140000000000000000e+02,1.734461784362792969e-01,1.873383970929329934e+01,4.000000000000000000e+00
2.150000000000000000e+02,1.749701499938964844e-01,1.873383970929329934e+01,2.000000000000000000e+00
2.160000000000000000e+02,1.755809783935546875e-01,1.873383970929329934e+01,4.000000000000000000e+00
2.170000000000000000e+02,1.759591102600097656e-01,1.873383970929329934e+01,2.000000000000000000e+00
2.180000000000000000e+02,1.764750480651855469e-01,1.873383970929329934e+01,4.000000000000000000e+00
2.190000000000000000e+02,1.769211292266845703e-01,1.873383970929329934e+01,2.000000000000000000e+00
2.200000000000000000e+02,1.777031421661376953e-01,1.873383970929329934e+01,4.000000000000000000e+00
2.210000000000000000e+02,1.783161163330078125e-01,1.873383970929329934e+01,2.000000000000000000e+00
2.220000000000000000e+02,1.791090965270996094e-01,1.873383970929329934e+01,4.000000000000000000e+00
2.230000000000000000e+02,1.797130107879638672e-01,1.873383970929329934e+01,2.000000000000000000e+00
2.240000000000000000e+02,1.802680492401123047e-01,1.873383970929329934e+01,4.000000000000000000e+00
2.250000000000000000e+02,1.809110641479492188e-01,1.873383970929329934e+01,2.000000000000000000e+00
2.260000000000000000e+02,1.820361614227294922e-01,1.873383970929329934e+01,4.000000000000000000e+00
2.270000000000000000e+02,1.828300952911376953e-01,1.873383970929329934e+01,2.000000000000000000e+00
2.280000000000000000e+02,1.833970546722412109e-01,1.873383970929329934e+01,4.000000000000000000e+00
2.290000000000000000e+02,1.841590404510498047e-01,1.873383970929329934e+01,2.000000000000000000e+00
2.300000000000000000e+02,1.847620010375976562e-01,1.873383970929329934e+01,4.000000000000000000e+00
2.310000000000000000e+02,1.855549812316894531e-01,1.873383970929329934e+01,2.000000000000000000e+00
2.320000000000000000e+02,1.861841678619384766e-01,1.873383970929329934e+01,4.000000000000000000e+00
2.330000000000000000e+02,1.870200634002685547e-01,1.873383970929329934e+01,2.000000000000000000e+00
2.340000000000000000e+02,1.876771450042724609e-01,1.873383970929329934e+01,4.000000000000000000e+00
2.350000000000000000e+02,1.886820793151855469e-01,1.873383970929329934e+01,2.000000000000000000e+00
2.360000000000000000e+02,1.899130344390869141e-01,1.873383970929329934e+01,4.000000000000000000e+00
2.370000000000000000e+02,1.909720897674560547e-01,1.873383970929329934e+01,2.000000000000000000e+00
2.380000000000000000e+02,1.918940544128417969e-01,1.873383970929329934e+01,4.000000000000000000e+00
2.390000000000000000e+02,1.928331851959228516e-01,1.873383970929329934e+01,2.000000000000000000e+00
2.400000000000000000e+02,1.933600902557373047e-01,1.873383970929329934e+01,4.000000000000000000e+00
2.410000000000000000e+02,1.938149929046630859e-01,1.873383970929329934e+01,2.000000000000000000e+00
2.420000000000000000e+02,1.943261623382568359e-01,1.873383970929329934e+01,4.000000000000000000e+00
2.430000000000000000e+02,1.948151588439941406e-01,1.873383970929329934e+01,2.000000000000000000e+00
2.440000000000000000e+02,1.956629753112792969e-01,1.873383970929329934e+01,4.000000000000000000e+00
2.450000000000000000e+02,1.963450908660888672e-01,1.873383970929329934e+01,2.000000000000000000e+00
2.460000000000000000e+02,1.968920230865478516e-01,1.873383970929329934e+01,4.000000000000000000e+00
2.470000000000000000e+02,1.978621482849121094e-01,1.873383970929329934e+01,2.000000000000000000e+00
2.480000000000000000e+02,1.988770961761474609e-01,1.873383970929329934e+01,4.000000000000000000e+00
2.490000000000000000e+02,1.996500492095947266e-01,1.873383970929329934e+01,2.000000000000000000e+00
2.500000000000000000e+02,2.001590728759765625e-01,1.873383970929329934e+01,4.000000000000000000e+00
2.510000000000000000e+02,2.008111476898193359e-01,1.873383970929329934e+01,2.000000000000000000e+00
2.520000000000000000e+02,2.013490200042724609e-01,1.873383970929329934e+01,4.000000000000000000e+00
2.530000000000000000e+02,2.020180225372314453e-01,1.873383970929329934e+01,2.000000000000000000e+00
2.540000000000000000e+02,2.026250362396240234e-01,1.873383970929329934e+01,4.000000000000000000e+00
2.550000000000000000e+02,2.034921646118164062e-01,1.873383970929329934e+01,2.000000000000000000e+00
2.560000000000000000e+02,2.040810585021972656e-01,1.873383970929329934e+01,4.000000000000000000e+00
2.570000000000000000e+02,2.048909664154052734e-01,1.873383970929329934e+01,2.000000000000000000e+00
2.580000000000000000e+02,2.059991359710693359e-01,1.873383970929329934e+01,4.000000000000000000e+00
2.590000000000000000e+02,2.069630622863769531e-01,1.873383970929329934e+01,2.000000000000000000e+00
2.600000000000000000e+02,2.077679634094238281e-01,1.873383970929329934e+01,4.000000000000000000e+00
2.610000000000000000e+02,2.086269855499267578e-01,1.873383970929329934e+01,2.000000000000000000e+00
2.620000000000000000e+02,2.094941139221191406e-01,1.873383970929329934e+01,4.000000000000000000e+00
2.630000000000000000e+02,2.103540897369384766e-01,1.873383970929329934e+01,2.000000000000000000e+00
2.640000000000000000e+02,2.108011245727539062e-01,1.873383970929329934e+01,4.000000000000000000e+00
2.650000000000000000e+02,2.125380039215087891e-01,1.873383970929329934e+01,3.000000000000000000e+00
2.660000000000000000e+02,2.132179737091064453e-01,1.873383970929329934e+01,4.000000000000000000e+00
2.670000000000000000e+02,2.139821052551269531e-01,1.873383970929329934e+01,3.000000000000000000e+00
2.680000000000000000e+02,2.145431041717529297e-01,1.873383970929329934e+01,4.000000000000000000e+00
2.690000000000000000e+02,2.151689529418945312e-01,1.873383970929329934e+01,3.000000000000000000e+00
2.700000000000000000e+02,2.157261371612548828e-01,1.873383970929329934e+01,4.000000000000000000e+00
2.710000000000000000e+02,2.164001464843750000e-01,1.873383970929329934e+01,3.000000000000000000e+00
2.720000000000000000e+02,2.169201374053955078e-01,1.873383970929329934e+01,4.000000000000000000e+00
2.730000000000000000e+02,2.177491188049316406e-01,1.873383970929329934e+01,3.000000000000000000e+00
2.740000000000000000e+02,2.182929515838623047e-01,1.873383970929329934e+01,4.000000000000000000e+00
2.750000000000000000e+02,2.189950942993164062e-01,1.873383970929329934e+01,3.000000000000000000e+00
2.760000000000000000e+02,2.197010517120361328e-01,1.873383970929329934e+01,4.000000000000000000e+00
2.770000000000000000e+02,2.205581665039062500e-01,1.873383970929329934e+01,3.000000000000000000e+00
2.780000000000000000e+02,2.211580276489257812e-01,1.873383970929329934e+01,4.000000000000000000e+00
2.790000000000000000e+02,2.219271659851074219e-01,1.873383970929329934e+01,3.000000000000000000e+00
2.800000000000000000e+02,2.225611209869384766e-01,1.873383970929329934e+01,4.000000000000000000e+00
2.810000000000000000e+02,2.233719825744628906e-01,1.873383970929329934e+01,3.000000000000000000e+00
2.820000000000000000e+02,2.243859767913818359e-01,1.873383970929329934e+01,4.000000000000000000e+00
2.830000000000000000e+02,2.252390384674072266e-01,1.873383970929329934e+01,3.000000000000000000e+00
2.840000000000000000e+02,2.263600826263427734e-01,1.873383970929329934e+01,4.000000000000000000e+00
2.850000000000000000e+02,2.274570465087890625e-01,1.873383970929329934e+01,3.000000000000000000e+00
2.860000000000000000e+02,2.283201217651367188e-01,1.873383970929329934e+01,4.000000000000000000e+00
2.870000000000000000e+02,2.291860580444335938e-01,1.873383970929329934e+01,3.000000000000000000e+00
2.880000000000000000e+02,2.297160625457763672e-01,1.873383970929329934e+01,4.000000000000000000e+00
2.890000000000000000e+02,2.301561832427978516e-01,1.873383970929329934e+01,3.000000000000000000e+00
2.900000000000000000e+02,2.306230068206787109e-01,1.873383970929329934e+01,4.000000000000000000e+00
2.910000000000000000e+02,2.310550212860107422e-01,1.873383970929329934e+01,3.000000000000000000e+00
2.920000000000000000e+02,2.315480709075927734e-01,1.873383970929329934e+01,4.000000000000000000e+00
2.930000000000000000e+02,2.321391105651855469e-01,1.873383970929329934e+01,3.000000000000000000e+00
2.940000000000000000e+02,2.326631546020507812e-01,1.873383970929329934e+01,4.000000000000000000e+00
2.950000000000000000e+02,2.333111763000488281e-01,1.873383970929329934e+01,3.000000000000000000e+00
2.960000000000000000e+02,2.340271472930908203e-01,1.873383970929329934e+01,4.000000000000000000e+00
2.970000000000000000e+02,2.346780300140380859e-01,1.873383970929329934e+01,3.000000000000000000e+00
2.980000000000000000e+02,2.352440357208251953e-01,1.873383970929329934e+01,4.000000000000000000e+00
2.990000000000000000e+02,2.359189987182617188e-01,1.873383970929329934e+01,3.000000000000000000e+00
3.000000000000000000e+02,2.366030216217041016e-01,1.873383970929329934e+01,4.000000000000000000e+00
3.010000000000000000e+02,2.373449802398681641e-01,1.873383970929329934e+01,3.000000000000000000e+00
3.020000000000000000e+02,2.379391193389892578e-01,1.873383970929329934e+01,4.000000000000000000e+00
3.030000000000000000e+02,2.387239933013916016e-01,1.873383970929329934e+01,3.000000000000000000e+00
3.040000000000000000e+02,2.393350601196289062e-01,1.873383970929329934e+01,4.000000000000000000e+00
3.050000000000000000e+02,2.401251792907714844e-01,1.873383970929329934e+01,3.000000000000000000e+00
3.060000000000000000e+02,2.408680915832519531e-01,1.873383970929329934e+01,4.000000000000000000e+00
3.070000000000000000e+02,2.418220043182373047e-01,1.873383970929329934e+01,3.000000000000000000e+00
3.080000000000000000e+02,2.426710128784179688e-01,1.873383970929329934e+01,4.000000000000000000e+00
3.090000000000000000e+02,2.438890933990478516e-01,1.873383970929329934e+01,3.000000000000000000e+00
3.100000000000000000e+02,2.447381019592285156e-01,1.873383970929329934e+01,4.000000000000000000e+00
3.110000000000000000e+02,2.458760738372802734e-01,1.873383970929329934e+01,3.000000000000000000e+00
3.120000000000000000e+02,2.465291023254394531e-01,1.873383970929329934e+01,4.000000000000000000e+00
3.130000000000000000e+02,2.471330165863037109e-01,1.873383970929329934e+01,3.000000000000000000e+00
3.140000000000000000e+02,2.476971149444580078e-01,1.873383970929329934e+01,4.000000000000000000e+00
3.150000000000000000e+02,2.482070922851562500e-01,1.873383970929329934e+01,3.000000000000000000e+00
3.160000000000000000e+02,2.487790584564208984e-01,1.873383970929329934e+01,4.000000000000000000e+00
3.170000000000000000e+02,2.494771480560302734e-01,1.873383970929329934e+01,3.000000000000000000e+00
3.180000000000000000e+02,2.499639987945556641e-01,1.873383970929329934e+01,4.000000000000000000e+00
3.190000000000000000e+02,2.507541179656982422e-01,1.873383970929329934e+01,3.000000000000000000e+00
3.200000000000000000e+02,2.512681484222412109e-01,1.873383970929329934e+01,4.000000000000000000e+00
3.210000000000000000e+02,2.520539760589599609e-01,1.873383970929329934e+01,3.000000000000000000e+00
3.220000000000000000e+02,2.526991367340087891e-01,1.873383970929329934e+01,4.000000000000000000e+00
3.230000000000000000e+02,2.535421848297119141e-01,1.873383970929329934e+01,3.000000000000000000e+00
3.240000000000000000e+02,2.541530132293701172e-01,1.873383970929329934e+01,4.000000000000000000e+00
3.250000000000000000e+02,2.548429965972900391e-01,1.873383970929329934e+01,3.000000000000000000e+00
3.260000000000000000e+02,2.554140090942382812e-01,1.873383970929329934e+01,4.000000000000000000e+00
3.270000000000000000e+02,2.561509609222412109e-01,1.873383970929329934e+01,3.000000000000000000e+00
3.280000000000000000e+02,2.567391395568847656e-01,1.873383970929329934e+01,4.000000000000000000e+00
3.290000000000000000e+02,2.575349807739257812e-01,1.873383970929329934e+01,3.000000000000000000e+00
3.300000000000000000e+02,2.581620216369628906e-01,1.873383970929329934e+01,4.000000000000000000e+00
3.310000000000000000e+02,2.589581012725830078e-01,1.873383970929329934e+01,3.000000000000000000e+00
3.320000000000000000e+02,2.598061561584472656e-01,1.873383970929329934e+01,4.000000000000000000e+00
3.330000000000000000e+02,2.606270313262939453e-01,1.873383970929329934e+01,3.000000000000000000e+00
3.340000000000000000e+02,2.614490985870361328e-01,1.873383970929329934e+01,4.000000000000000000e+00
3.350000000000000000e+02,2.629671096801757812e-01,1.873383970929329934e+01,3.000000000000000000e+00
3.360000000000000000e+02,2.637381553649902344e-01,1.873383970929329934e+01,4.000000000000000000e+00
3.370000000000000000e+02,2.643599510192871094e-01,1.873383970929329934e+01,3.000000000000000000e+00
3.380000000000000000e+02,2.648460865020751953e-01,1.873383970929329934e+01,4.000000000000000000e+00
3.390000000000000000e+02,2.653169631958007812e-01,1.873383970929329934e+01,3.000000000000000000e+00
3.400000000000000000e+02,2.672550678253173828e-01,1.873383970929329934e+01,5.000000000000000000e+00
3.410000000000000000e+02,2.678811550140380859e-01,1.873383970929329934e+01,3.000000000000000000e+00
3.420000000000000000e+02,2.683551311492919922e-01,1.873383970929329934e+01,5.000000000000000000e+00
3.430000000000000000e+02,2.691271305084228516e-01,1.873383970929329934e+01,3.000000000000000000e+00
3.440000000000000000e+02,2.697050571441650391e-01,1.873383970929329934e+01,5.000000000000000000e+00
3.450000000000000000e+02,2.704801559448242188e-01,1.873383970929329934e+01,3.000000000000000000e+00
3.460000000000000000e+02,2.712640762329101562e-01,1.873383970929329934e+01,5.000000000000000000e+00
3.470000000000000000e+02,2.720520496368408203e-01,1.873383970929329934e+01,3.000000000000000000e+00
3.480000000000000000e+02,2.729551792144775391e-01,1.873383970929329934e+01,5.000000000000000000e+00
3.490000000000000000e+02,2.736551761627197266e-01,1.873383970929329934e+01,3.000000000000000000e+00
3.500000000000000000e+02,2.742230892181396484e-01,1.873383970929329934e+01,5.000000000000000000e+00
3.510000000000000000e+02,2.749390602111816406e-01,1.873383970929329934e+01,3.000000000000000000e+00
3.520000000000000000e+02,2.755260467529296875e-01,1.873383970929329934e+01,5.000000000000000000e+00
3.530000000000000000e+02,2.762351036071777344e-01,1.873383970929329934e+01,3.000000000000000000e+00
3.540000000000000000e+02,2.768540382385253906e-01,1.873383970929329934e+01,5.000000000000000000e+00
3.550000000000000000e+02,2.776329517364501953e-01,1.873383970929329934e+01,3.000000000000000000e+00
3.560000000000000000e+02,2.784841060638427734e-01,1.873383970929329934e+01,5.000000000000000000e+00
3.570000000000000000e+02,2.793200016021728516e-01,1.873383970929329934e+01,3.000000000000000000e+00
3.580000000000000000e+02,2.801871299743652344e-01,1.873383970929329934e+01,5.000000000000000000e+00
3.590000000000000000e+02,2.810781002044677734e-01,1.873383970929329934e+01,3.000000000000000000e+00
3.600000000000000000e+02,2.816710472106933594e-01,1.873383970929329934e+01,5.000000000000000000e+00
3.610000000000000000e+02,2.821309566497802734e-01,1.873383970929329934e+01,3.000000000000000000e+00
3.620000000000000000e+02,2.825779914855957031e-01,1.873383970929329934e+01,5.000000000000000000e+00
3.630000000000000000e+02,2.830030918121337891e-01,1.873383970929329934e+01,3.000000000000000000e+00
3.640000000000000000e+02,2.834701538085937500e-01,1.873383970929329934e+01,5.000000000000000000e+00
3.650000000000000000e+02,2.841651439666748047e-01,1.873383970929329934e+01,3.000000000000000000e+00
3.660000000000000000e+02,2.846591472625732422e-01,1.873383970929329934e+01,5.000000000000000000e+00
3.670000000000000000e+02,2.853200435638427734e-01,1.873383970929329934e+01,3.000000000000000000e+00
3.680000000000000000e+02,2.858669757843017578e-01,1.873383970929329934e+01,5.000000000000000000e+00
3.690000000000000000e+02,2.866439819335937500e-01,1.873383970929329934e+01,3.000000000000000000e+00
3.700000000000000000e+02,2.871670722961425781e-01,1.873383970929329934e+01,5.000000000000000000e+00
3.710000000000000000e+02,2.878351211547851562e-01,1.873383970929329934e+01,3.000000000000000000e+00
3.720000000000000000e+02,2.885539531707763672e-01,1.873383970929329934e+01,5.000000000000000000e+00
3.730000000000000000e+02,2.892661094665527344e-01,1.873383970929329934e+01,3.000000000000000000e+00
3.740000000000000000e+02,2.900931835174560547e-01,1.873383970929329934e+01,5.000000000000000000e+00
3.750000000000000000e+02,2.908210754394531250e-01,1.873383970929329934e+01,3.000000000000000000e+00
3.760000000000000000e+02,2.917959690093994141e-01,1.873383970929329934e+01,5.000000000000000000e+00
3.770000000000000000e+02,2.927291393280029297e-01,1.873383970929329934e+01,3.000000000000000000e+00
3.780000000000000000e+02,2.934811115264892578e-01,1.873383970929329934e+01,5.000000000000000000e+00
3.790000000000000000e+02,2.944331169128417969e-01,1.873383970929329934e+01,3.000000000000000000e+00
3.800000000000000000e+02,2.952470779418945312e-01,1.873383970929329934e+01,5.000000000000000000e+00
3.810000000000000000e+02,2.962191104888916016e-01,1.873383970929329934e+01,3.000000000000000000e+00
3.820000000000000000e+02,2.971680164337158203e-01,1.873383970929329934e+01,5.000000000000000000e+00
3.830000000000000000e+02,2.980430126190185547e-01,1.873383970929329934e+01,3.000000000000000000e+00
3.840000000000000000e+02,2.984659671783447266e-01,1.873383970929329934e+01,5.000000000000000000e+00
3.850000000000000000e+02,2.989261150360107422e-01,1.873383970929329934e+01,3.000000000000000000e+00
3.860000000000000000e+02,3.011579513549804688e-01,1.873383970929329934e+01,6.000000000000000000e+00
3.870000000000000000e+02,3.017160892486572266e-01,1.873383970929329934e+01,3.000000000000000000e+00
3.880000000000000000e+02,3.041319847106933594e-01,1.873383970929329934e+01,7.000000000000000000e+00
3.890000000000000000e+02,3.047101497650146484e-01,1.873383970929329934e+01,3.000000000000000000e+00
3.900000000000000000e+02,3.052330017089843750e-01,1.873383970929329934e+01,7.000000000000000000e+00
3.910000000000000000e+02,3.058681488037109375e-01,1.873383970929329934e+01,3.000000000000000000e+00
3.920000000000000000e+02,3.066191673278808594e-01,1.873383970929329934e+01,7.000000000000000000e+00
3.930000000000000000e+02,3.075239658355712891e-01,1.873383970929329934e+01,3.000000000000000000e+00
3.940000000000000000e+02,3.085720539093017578e-01,1.873383970929329934e+01,7.000000000000000000e+00
3.950000000000000000e+02,3.094270229339599609e-01,1.873383970929329934e+01,3.000000000000000000e+00
3.960000000000000000e+02,3.099851608276367188e-01,1.873383970929329934e+01,7.000000000000000000e+00
3.970000000000000000e+02,3.109331130981445312e-01,1.873383970929329934e+01,3.000000000000000000e+00
3.980000000000000000e+02,3.115069866180419922e-01,1.873383970929329934e+01,7.000000000000000000e+00
3.990000000000000000e+02,3.122529983520507812e-01,1.873383970929329934e+01,3.000000000000000000e+00
4.000000000000000000e+02,3.128509521484375000e-01,1.873383970929329934e+01,7.000000000000000000e+00
4.010000000000000000e+02,3.136119842529296875e-01,1.873383970929329934e+01,3.000000000000000000e+00
4.020000000000000000e+02,3.142220973968505859e-01,1.873383970929329934e+01,7.000000000000000000e+00
4.030000000000000000e+02,3.153450489044189453e-01,1.873383970929329934e+01,3.000000000000000000e+00
4.040000000000000000e+02,3.164851665496826172e-01,1.873383970929329934e+01,7.000000000000000000e+00
4.050000000000000000e+02,3.175091743469238281e-01,1.873383970929329934e+01,3.000000000000000000e+00
4.060000000000000000e+02,3.184340000152587891e-01,1.873383970929329934e+01,7.000000000000000000e+00
4.070000000000000000e+02,3.195140361785888672e-01,1.873383970929329934e+01,3.000000000000000000e+00
4.080000000000000000e+02,3.200390338897705078e-01,1.873383970929329934e+01,7.000000000000000000e+00
4.090000000000000000e+02,3.206050395965576172e-01,1.873383970929329934e+01,3.000000000000000000e+00
4.100000000000000000e+02,3.210721015930175781e-01,1.873383970929329934e+01,7.000000000000000000e+00
4.110000000000000000e+02,3.215739727020263672e-01,1.873383970929329934e+01,3.000000000000000000e+00
4.120000000000000000e+02,3.220469951629638672e-01,1.873383970929329934e+01,7.000000000000000000e+00
4.130000000000000000e+02,3.226420879364013672e-01,1.873383970929329934e+01,3.000000000000000000e+00
4.140000000000000000e+02,3.239099979400634766e-01,1.873383970929329934e+01,7.000000000000000000e+00
4.150000000000000000e+02,3.245751857757568359e-01,1.873383970929329934e+01,3.000000000000000000e+00
4.160000000000000000e+02,3.253750801086425781e-01,1.873383970929329934e+01,7.000000000000000000e+00
4.170000000000000000e+02,3.260521888732910156e-01,1.873383970929329934e+01,3.000000000000000000e+00
4.180000000000000000e+02,3.268511295318603516e-01,1.873383970929329934e+01,7.000000000000000000e+00
4.190000000000000000e+02,3.275370597839355469e-01,1.873383970929329934e+01,3.000000000000000000e+00
4.200000000000000000e+02,3.281011581420898438e-01,1.873383970929329934e+01,7.000000000000000000e+00
4.210000000000000000e+02,3.287780284881591797e-01,1.873383970929329934e+01,3.000000000000000000e+00
4.220000000000000000e+02,3.297071456909179688e-01,1.873383970929329934e+01,7.000000000000000000e+00
4.230000000000000000e+02,3.304491043090820312e-01,1.873383970929329934e+01,3.000000000000000000e+00
4.240000000000000000e+02,3.314621448516845703e-01,1.873383970929329934e+01,7.000000000000000000e+00
4.250000000000000000e+02,3.323931694030761719e-01,1.873383970929329934e+01,3.000000000000000000e+00
4.260000000000000000e+02,3.331110477447509766e-01,1.873383970929329934e+01,7.000000000000000000e+00
4.270000000000000000e+02,3.339450359344482422e-01,1.873383970929329934e+01,3.000000000000000000e+00
4.280000000000000000e+02,3.348350524902343750e-01,1.873383970929329934e+01,7.000000000000000000e+00
4.290000000000000000e+02,3.358290195465087891e-01,1.873383970929329934e+01,3.000000000000000000e+00
4.300000000000000000e+02,3.367321491241455078e-01,1.873383970929329934e+01,7.000000000000000000e+00
4.310000000000000000e+02,3.379449844360351562e-01,1.873383970929329934e+01,3.000000000000000000e+00
4.320000000000000000e+02,3.386771678924560547e-01,1.873383970929329934e+01,7.000000000000000000e+00
4.330000000000000000e+02,3.393139839172363281e-01,1.873383970929329934e+01,3.000000000000000000e+00
4.340000000000000000e+02,3.400580883026123047e-01,1.873383970929329934e+01,7.000000000000000000e+00
4.350000000000000000e+02,3.405270576477050781e-01,1.873383970929329934e+01,3.000000000000000000e+00
4.360000000000000000e+02,3.410191535949707031e-01,1.873383970929329934e+01,7.000000000000000000e+00
4.370000000000000000e+02,3.416171073913574219e-01,1.873383970929329934e+01,3.000000000000000000e+00
4.380000000000000000e+02,3.422281742095947266e-01,1.873383970929329934e+01,7.000000000000000000e+00
4.390000000000000000e+02,3.430061340332031250e-01,1.873383970929329934e+01,3.000000000000000000e+00
4.400000000000000000e+02,3.437671661376953125e-01,1.873383970929329934e+01,7.000000000000000000e+00
4.410000000000000000e+02,3.444499969482421875e-01,1.873383970929329934e+01,3.000000000000000000e+00
4.420000000000000000e+02,3.451969623565673828e-01,1.873383970929329934e+01,7.000000000000000000e+00
4.430000000000000000e+02,3.458659648895263672e-01,1.873383970929329934e+01,3.000000000000000000e+00
4.440000000000000000e+02,3.465130329132080078e-01,1.873383970929329934e+01,7.000000000000000000e+00
4.450000000000000000e+02,3.476231098175048828e-01,1.873383970929329934e+01,3.000000000000000000e+00
4.460000000000000000e+02,3.483610153198242188e-01,1.873383970929329934e+01,7.000000000000000000e+00
4.470000000000000000e+02,3.492491245269775391e-01,1.873383970929329934e+01,3.000000000000000000e+00
4.480000000000000000e+02,3.498740196228027344e-01,1.873383970929329934e+01,7.000000000000000000e+00
4.490000000000000000e+02,3.506679534912109375e-01,1.873383970929329934e+01,3.000000000000000000e+00
4.500000000000000000e+02,3.513400554656982422e-01,1.873383970929329934e+01,7.000000000000000000e+00
4.510000000000000000e+02,3.521699905395507812e-01,1.873383970929329934e+01,3.000000000000000000e+00
4.520000000000000000e+02,3.530731201171875000e-01,1.873383970929329934e+01,7.000000000000000000e+00
4.530000000000000000e+02,3.539421558380126953e-01,1.873383970929329934e+01,3.000000000000000000e+00
4.540000000000000000e+02,3.548150062561035156e-01,1.873383970929329934e+01,7.000000000000000000e+00
4.550000000000000000e+02,3.560900688171386719e-01,1.873383970929329934e+01,3.000000000000000000e+00
4.560000000000000000e+02,3.570640087127685547e-01,1.873383970929329934e+01,7.000000000000000000e+00
4.570000000000000000e+02,3.575670719146728516e-01,1.873383970929329934e+01,3.000000000000000000e+00
4.580000000000000000e+02,3.582839965820312500e-01,1.873383970929329934e+01,7.000000000000000000e+00
4.590000000000000000e+02,3.587591648101806641e-01,1.873383970929329934e+01,3.000000000000000000e+00
4.600000000000000000e+02,3.592929840087890625e-01,1.873383970929329934e+01,7.000000000000000000e+00
4.610000000000000000e+02,3.598961830139160156e-01,1.873383970929329934e+01,3.000000000000000000e+00
4.620000000000000000e+02,3.605849742889404297e-01,1.873383970929329934e+01,7.000000000000000000e+00
4.630000000000000000e+02,3.613531589508056641e-01,1.873383970929329934e+01,3.000000000000000000e+00
4.640000000000000000e+02,3.618650436401367188e-01,1.873383970929329934e+01,7.000000000000000000e+00
4.650000000000000000e+02,3.624989986419677734e-01,1.873383970929329934e+01,3.000000000000000000e+00
4.660000000000000000e+02,3.637471199035644531e-01,1.873383970929329934e+01,7.000000000000000000e+00
4.670000000000000000e+02,3.644590377807617188e-01,1.873383970929329934e+01,3.000000000000000000e+00
4.680000000000000000e+02,3.650891780853271484e-01,1.873383970929329934e+01,7.000000000000000000e+00
4.690000000000000000e+02,3.658161163330078125e-01,1.873383970929329934e+01,3.000000000000000000e+00
4.700000000000000000e+02,3.668971061706542969e-01,1.873383970929329934e+01,7.000000000000000000e+00
4.710000000000000000e+02,3.676559925079345703e-01,1.873383970929329934e+01,3.000000000000000000e+00
4.720000000000000000e+02,3.684670925140380859e-01,1.873383970929329934e+01,7.000000000000000000e+00
4.730000000000000000e+02,3.692400455474853516e-01,1.873383970929329934e+01,3.000000000000000000e+00
4.740000000000000000e+02,3.699350357055664062e-01,1.873383970929329934e+01,7.000000000000000000e+00
4.750000000000000000e+02,3.710789680480957031e-01,1.873383970929329934e+01,3.000000000000000000e+00
4.760000000000000000e+02,3.722770214080810547e-01,1.873383970929329934e+01,7.000000000000000000e+00
4.770000000000000000e+02,3.732011318206787109e-01,1.873383970929329934e+01,3.000000000000000000e+00
4.780000000000000000e+02,3.741531372070312500e-01,1.873383970929329934e+01,7.000000000000000000e+00
4.790000000000000000e+02,3.750970363616943359e-01,1.873383970929329934e+01,3.000000000000000000e+00
4.800000000000000000e+02,3.756821155548095703e-01,1.873383970929329934e+01,7.000000000000000000e+00
4.810000000000000000e+02,3.761730194091796875e-01,1.873383970929329934e+01,3.000000000000000000e+00
4.820000000000000000e+02,3.769280910491943359e-01,1.873383970929329934e+01,7.000000000000000000e+00
4.830000000000000000e+02,3.773791790008544922e-01,1.873383970929329934e+01,3.000000000000000000e+00
4.840000000000000000e+02,3.779220581054687500e-01,1.873383970929329934e+01,7.000000000000000000e+00
4.850000000000000000e+02,3.786141872406005859e-01,1.873383970929329934e+01,3.000000000000000000e+00
4.860000000000000000e+02,3.796401023864746094e-01,1.873383970929329934e+01,7.000000000000000000e+00
4.870000000000000000e+02,3.803019523620605469e-01,1.873383970929329934e+01,3.000000000000000000e+00
4.880000000000000000e+02,3.809399604797363281e-01,1.873383970929329934e+01,7.000000000000000000e+00
4.890000000000000000e+02,3.816490173339843750e-01,1.873383970929329934e+01,3.000000000000000000e+00
4.900000000000000000e+02,3.825860023498535156e-01,1.873383970929329934e+01,7.000000000000000000e+00
4.910000000000000000e+02,3.835730552673339844e-01,1.873383970929329934e+01,3.000000000000000000e+00
4.920000000000000000e+02,3.841331005096435547e-01,1.873383970929329934e+01,7.000000000000000000e+00
4.930000000000000000e+02,3.849790096282958984e-01,1.873383970929329934e+01,3.000000000000000000e+00
4.940000000000000000e+02,3.856430053710937500e-01,1.873383970929329934e+01,7.000000000000000000e+00
4.950000000000000000e+02,3.864710330963134766e-01,1.873383970929329934e+01,3.000000000000000000e+00
4.960000000000000000e+02,3.874680995941162109e-01,1.873383970929329934e+01,7.000000000000000000e+00
4.970000000000000000e+02,3.889470100402832031e-01,1.873383970929329934e+01,3.000000000000000000e+00
4.980000000000000000e+02,3.896651268005371094e-01,1.873383970929329934e+01,7.000000000000000000e+00
4.990000000000000000e+02,3.904330730438232422e-01,1.873383970929329934e+01,3.000000000000000000e+00
