0.000000000000000000e+00,2.264976501464843750e-03,0.000000000000000000e+00,2.000000000000000000e+00
1.000000000000000000e+00,4.622936248779296875e-03,0.000000000000000000e+00,2.000000000000000000e+00
2.000000000000000000e+00,7.087945938110351562e-03,0.000000000000000000e+00,3.000000000000000000e+00
3.000000000000000000e+00,1.010799407958984375e-02,0.000000000000000000e+00,3.000000000000000000e+00
4.000000000000000000e+00,1.269602775573730469e-02,0.000000000000000000e+00,4.000000000000000000e+00
5.000000000000000000e+00,1.484894752502441406e-02,0.000000000000000000e+00,4.000000000000000000e+00
6.000000000000000000e+00,1.569414138793945312e-02,0.000000000000000000e+00,4.000000000000000000e+00
7.000000000000000000e+00,1.680612564086914062e-02,0.000000000000000000e+00,4.000000000000000000e+00
8.000000000000000000e+00,1.935410499572753906e-02,0.000000000000000000e+00,5.000000000000000000e+00
9.000000000000000000e+00,2.167296409606933594e-02,0.000000000000000000e+00,5.000000000000000000e+00
1.000000000000000000e+01,2.394700050354003906e-02,0.000000000000000000e+00,6.000000000000000000e+00
1.100000000000000000e+01,2.502298355102539062e-02,0.000000000000000000e+00,5.000000000000000000e+00
1.200000000000000000e+01,2.725911140441894531e-02,0.000000000000000000e+00,7.000000000000000000e+00
1.300000000000000000e+01,2.934312820434570312e-02,0.000000000000000000e+00,6.000000000000000000e+00
1.400000000000000000e+01,3.167104721069335938e-02,0.000000000000000000e+00,8.000000000000000000e+00
1.500000000000000000e+01,3.422594070434570312e-02,0.000000000000000000e+00,7.000000000000000000e+00
1.600000000000000000e+01,3.651213645935058594e-02,0.000000000000000000e+00,9.000000000000000000e+00
1.700000000000000000e+01,3.855109214782714844e-02,0.000000000000000000e+00,8.000000000000000000e+00
1.800000000000000000e+01,4.131698608398437500e-02,0.000000000000000000e+00,1.000000000000000000e+01
1.900000000000000000e+01,4.340314865112304688e-02,0.000000000000000000e+00,9.000000000000000000e+00
2.000000000000000000e+01,4.583811759948730469e-02,0.000000000000000000e+00,1.100000000000000000e+01
2.100000000000000000e+01,4.865002632141113281e-02,0.000000000000000000e+00,1.000000000000000000e+01
2.200000000000000000e+01,5.139994621276855469e-02,0.000000000000000000e+00,1.200000000000000000e+01
2.300000000000000000e+01,5.401492118835449219e-02,0.000000000000000000e+00,1.100000000000000000e+01
2.400000000000000000e+01,5.653405189514160156e-02,0.000000000000000000e+00,1.300000000000000000e+01
2.500000000000000000e+01,5.769109725952148438e-02,0.000000000000000000e+00,1.100000000000000000e+01
2.600000000000000000e+01,6.001305580139160156e-02,0.000000000000000000e+00,1.400000000000000000e+01
2.700000000000000000e+01,6.173396110534667969e-02,0.000000000000000000e+00,1.100000000000000000e+01
2.800000000000000000e+01,6.377005577087402344e-02,0.000000000000000000e+00,1.500000000000000000e+01
2.900000000000000000e+01,6.728506088256835938e-02,0.000000000000000000e+00,1.200000000000000000e+01
3.000000000000000000e+01,6.914401054382324219e-02,0.000000000000000000e+00,1.600000000000000000e+01
3.100000000000000000e+01,7.209801673889160156e-02,0.000000000000000000e+00,1.200000000000000000e+01
3.200000000000000000e+01,7.439708709716796875e-02,0.000000000000000000e+00,1.700000000000000000e+01
3.300000000000000000e+01,7.711100578308105469e-02,0.000000000000000000e+00,1.200000000000000000e+01
3.400000000000000000e+01,7.999610900878906250e-02,0.000000000000000000e+00,1.700000000000000000e+01
3.500000000000000000e+01,8.159613609313964844e-02,0.000000000000000000e+00,1.200000000000000000e+01
3.600000000000000000e+01,8.423614501953125000e-02,0.000000000000000000e+00,1.700000000000000000e+01
3.700000000000000000e+01,8.582997322082519531e-02,0.000000000000000000e+00,1.200000000000000000e+01
3.800000000000000000e+01,8.715510368347167969e-02,0.000000000000000000e+00,1.700000000000000000e+01
3.900000000000000000e+01,8.967614173889160156e-02,0.000000000000000000e+00,1.200000000000000000e+01
4.000000000000000000e+01,9.088397026062011719e-02,0.000000000000000000e+00,1.700000000000000000e+01
4.100000000000000000e+01,9.340214729309082031e-02,0.000000000000000000e+00,1.200000000000000000e+01
4.200000000000000000e+01,9.465193748474121094e-02,0.000000000000000000e+00,1.700000000000000000e+01
4.300000000000000000e+01,9.605002403259277344e-02,0.000000000000000000e+00,1.200000000000000000e+01
4.400000000000000000e+01,9.722208976745605469e-02,0.000000000000000000e+00,1.700000000000000000e+01
4.500000000000000000e+01,9.958600997924804688e-02,0.000000000000000000e+00,1.200000000000000000e+01
4.600000000000000000e+01,1.008720397949218750e-01,0.000000000000000000e+00,1.700000000000000000e+01
4.700000000000000000e+01,1.020870208740234375e-01,0.000000000000000000e+00,1.200000000000000000e+01
4.800000000000000000e+01,1.032500267028808594e-01,0.000000000000000000e+00,1.700000000000000000e+01
4.900000000000000000e+01,1.044800281524658203e-01,0.000000000000000000e+00,1.200000000000000000e+01
5.000000000000000000e+01,1.057090759277343750e-01,0.000000000000000000e+00,1.700000000000000000e+01
5.100000000000000000e+01,1.072609424591064453e-01,0.000000000000000000e+00,1.200000000000000000e+01
5.200000000000000000e+01,1.084871292114257812e-01,0.000000000000000000e+00,1.700000000000000000e+01
5.300000000000000000e+01,1.097550392150878906e-01,0.000000000000000000e+00,1.200000000000000000e+01
5.400000000000000000e+01,1.111059188842773438e-01,0.000000000000000000e+00,1.700000000000000000e+01
5.500000000000000000e+01,1.124570369720458984e-01,0.000000000000000000e+00,1.200000000000000000e+01
5.600000000000000000e+01,1.141281127929687500e-01,0.000000000000000000e+00,1.700000000000000000e+01
5.700000000000000000e+01,1.155159473419189453e-01,0.000000000000000000e+00,1.200000000000000000e+01
5.800000000000000000e+01,1.169550418853759766e-01,0.000000000000000000e+00,1.700000000000000000e+01
5.900000000000000000e+01,1.183130741119384766e-01,0.000000000000000000e+00,1.200000000000000000e+01
6.000000000000000000e+01,1.202161312103271484e-01,0.000000000000000000e+00,1.700000000000000000e+01
6.100000000000000000e+01,1.217341423034667969e-01,0.000000000000000000e+00,1.200000000000000000e+01
6.200000000000000000e+01,1.236169338226318359e-01,0.000000000000000000e+00,1.700000000000000000e+01
6.300000000000000000e+01,1.251349449157714844e-01,0.000000000000000000e+00,1.200000000000000000e+01
6.400000000000000000e+01,1.268970966339111328e-01,0.000000000000000000e+00,1.700000000000000000e+01
6.500000000000000000e+01,1.283879280090332031e-01,0.000000000000000000e+00,1.200000000000000000e+01
6.600000000000000000e+01,1.347539424896240234e-01,0.000000000000000000e+00,1.800000000000000000e+01
6.700000000000000000e+01,1.418099403381347656e-01,0.000000000000000000e+00,1.300000000000000000e+01
6.800000000000000000e+01,1.428461074829101562e-01,0.000000000000000000e+00,1.800000000000000000e+01
6.900000000000000000e+01,1.438610553741455078e-01,0.000000000000000000e+00,1.300000000000000000e+01
7.000000000000000000e+01,1.505701541900634766e-01,0.000000000000000000e+00,1.900000000000000000e+01
7.100000000000000000e+01,1.555891036987304688e-01,0.000000000000000000e+00,1.400000000000000000e+01
7.200000000000000000e+01,1.580810546875000000e-01,0.000000000000000000e+00,2.000000000000000000e+01
7.300000000000000000e+01,1.619269847869873047e-01,0.000000000000000000e+00,1.500000000000000000e+01
7.400000000000000000e+01,1.649830341339111328e-01,0.000000000000000000e+00,2.100000000000000000e+01
7.500000000000000000e+01,1.694951057434082031e-01,0.000000000000000000e+00,1.600000000000000000e+01
7.600000000000000000e+01,1.755161285400390625e-01,0.000000000000000000e+00,2.200000000000000000e+01
7.700000000000000000e+01,1.800050735473632812e-01,0.000000000000000000e+00,1.700000000000000000e+01
7.800000000000000000e+01,1.826469898223876953e-01,0.000000000000000000e+00,2.300000000000000000e+01
7.900000000000000000e+01,1.839959621429443359e-01,0.000000000000000000e+00,1.700000000000000000e+01
8.000000000000000000e+01,1.868510246276855469e-01,0.000000000000000000e+00,2.400000000000000000e+01
8.100000000000000000e+01,1.909990310668945312e-01,0.000000000000000000e+00,1.800000000000000000e+01
8.200000000000000000e+01,1.955389976501464844e-01,0.000000000000000000e+00,2.500000000000000000e+01
8.300000000000000000e+01,1.990449428558349609e-01,0.000000000000000000e+00,1.900000000000000000e+01
8.400000000000000000e+01,2.038321495056152344e-01,0.000000000000000000e+00,2.600000000000000000e+01
8.500000000000000000e+01,2.079460620880126953e-01,0.000000000000000000e+00,2.000000000000000000e+01
8.600000000000000000e+01,2.128441333770751953e-01,0.000000000000000000e+00,2.700000000000000000e+01
8.700000000000000000e+01,2.159781455993652344e-01,0.000000000000000000e+00,2.100000000000000000e+01
8.800000000000000000e+01,2.198390960693359375e-01,0.000000000000000000e+00,2.800000000000000000e+01
8.900000000000000000e+01,2.226560115814208984e-01,0.000000000000000000e+00,2.200000000000000000e+01
9.000000000000000000e+01,2.272031307220458984e-01,0.000000000000000000e+00,2.900000000000000000e+01
9.100000000000000000e+01,2.302341461181640625e-01,0.000000000000000000e+00,2.300000000000000000e+01
9.200000000000000000e+01,2.339911460876464844e-01,0.000000000000000000e+00,3.000000000000000000e+01
9.300000000000000000e+01,2.355780601501464844e-01,0.000000000000000000e+00,2.300000000000000000e+01
9.400000000000000000e+01,2.411060333251953125e-01,0.000000000000000000e+00,3.100000000000000000e+01
9.500000000000000000e+01,2.532069683074951172e-01,0.000000000000000000e+00,2.400000000000000000e+01
9.600000000000000000e+01,2.589130401611328125e-01,0.000000000000000000e+00,3.200000000000000000e+01
9.700000000000000000e+01,2.605891227722167969e-01,0.000000000000000000e+00,2.400000000000000000e+01
9.800000000000000000e+01,2.685430049896240234e-01,0.000000000000000000e+00,3.300000000000000000e+01
9.900000000000000000e+01,2.716600894927978516e-01,0.000000000000000000e+00,2.400000000000000000e+01
1.000000000000000000e+02,2.823619842529296875e-01,0.000000000000000000e+00,3.300000000000000000e+01
1.010000000000000000e+02,2.856910228729248047e-01,0.000000000000000000e+00,2.400000000000000000e+01
1.020000000000000000e+02,2.878539562225341797e-01,0.000000000000000000e+00,3.300000000000000000e+01
1.030000000000000000e+02,2.891950607299804688e-01,0.000000000000000000e+00,2.400000000000000000e+01
1.040000000000000000e+02,2.904441356658935547e-01,0.000000000000000000e+00,3.300000000000000000e+01
1.050000000000000000e+02,2.923231124877929688e-01,0.000000000000000000e+00,2.400000000000000000e+01
1.060000000000000000e+02,2.938330173492431641e-01,0.000000000000000000e+00,3.300000000000000000e+01
1.070000000000000000e+02,2.953200340270996094e-01,0.000000000000000000e+00,2.400000000000000000e+01
1.080000000000000000e+02,2.970371246337890625e-01,0.000000000000000000e+00,3.300000000000000000e+01
1.090000000000000000e+02,2.984061241149902344e-01,0.000000000000000000e+00,2.400000000000000000e+01
1.100000000000000000e+02,3.001799583435058594e-01,0.000000000000000000e+00,3.300000000000000000e+01
1.110000000000000000e+02,3.016710281372070312e-01,0.000000000000000000e+00,2.400000000000000000e+01
1.120000000000000000e+02,3.030071258544921875e-01,0.000000000000000000e+00,3.300000000000000000e+01
1.130000000000000000e+02,3.047609329223632812e-01,0.000000000000000000e+00,2.400000000000000000e+01
1.140000000000000000e+02,3.070271015167236328e-01,0.000000000000000000e+00,3.300000000000000000e+01
1.150000000000000000e+02,3.085279464721679688e-01,0.000000000000000000e+00,2.400000000000000000e+01
1.160000000000000000e+02,3.099160194396972656e-01,0.000000000000000000e+00,3.300000000000000000e+01
1.170000000000000000e+02,3.118839263916015625e-01,0.000000000000000000e+00,2.400000000000000000e+01
1.180000000000000000e+02,3.134710788726806641e-01,0.000000000000000000e+00,3.300000000000000000e+01
1.190000000000000000e+02,3.150660991668701172e-01,0.000000000000000000e+00,2.400000000000000000e+01
1.200000000000000000e+02,3.168311119079589844e-01,0.000000000000000000e+00,3.300000000000000000e+01
1.210000000000000000e+02,3.183720111846923828e-01,0.000000000000000000e+00,2.400000000000000000e+01
1.220000000000000000e+02,3.201279640197753906e-01,0.000000000000000000e+00,3.300000000000000000e+01
1.230000000000000000e+02,3.216080665588378906e-01,0.000000000000000000e+00,2.400000000000000000e+01
1.240000000000000000e+02,3.232691287994384766e-01,0.000000000000000000e+00,3.300000000000000000e+01
1.250000000000000000e+02,3.247809410095214844e-01,0.000000000000000000e+00,2.400000000000000000e+01
1.260000000000000000e+02,3.268380165100097656e-01,0.000000000000000000e+00,3.300000000000000000e+01
1.270000000000000000e+02,3.284499645233154297e-01,0.000000000000000000e+00,2.400000000000000000e+01
1.280000000000000000e+02,3.303930759429931641e-01,0.000000000000000000e+00,3.300000000000000000e+01
1.290000000000000000e+02,3.320839405059814453e-01,0.000000000000000000e+00,2.400000000000000000e+01
1.300000000000000000e+02,3.340411186218261719e-01,0.000000000000000000e+00,3.300000000000000000e+01
1.310000000000000000e+02,3.357141017913818359e-01,0.000000000000000000e+00,2.400000000000000000e+01
1.320000000000000000e+02,3.450369834899902344e-01,0.000000000000000000e+00,3.400000000000000000e+01
1.330000000000000000e+02,3.572120666503906250e-01,0.000000000000000000e+00,2.500000000000000000e+01
1.340000000000000000e+02,3.681809902191162109e-01,0.000000000000000000e+00,3.500000000000000000e+01
1.350000000000000000e+02,3.778579235076904297e-01,0.000000000000000000e+00,2.600000000000000000e+01
1.360000000000000000e+02,3.890149593353271484e-01,0.000000000000000000e+00,3.600000000000000000e+01
1.370000000000000000e+02,3.982100486755371094e-01,0.000000000000000000e+00,2.700000000000000000e+01
1.380000000000000000e+02,4.014389514923095703e-01,0.000000000000000000e+00,3.700000000000000000e+01
1.390000000000000000e+02,4.099020957946777344e-01,0.000000000000000000e+00,2.800000000000000000e+01
1.400000000000000000e+02,4.130871295928955078e-01,0.000000000000000000e+00,3.800000000000000000e+01
1.410000000000000000e+02,4.206731319427490234e-01,0.000000000000000000e+00,2.900000000000000000e+01
1.420000000000000000e+02,4.296679496765136719e-01,0.000000000000000000e+00,3.900000000000000000e+01
1.430000000000000000e+02,4.357910156250000000e-01,0.000000000000000000e+00,3.000000000000000000e+01
1.440000000000000000e+02,4.436080455780029297e-01,0.000000000000000000e+00,4.000000000000000000e+01
1.450000000000000000e+02,4.498140811920166016e-01,0.000000000000000000e+00,3.100000000000000000e+01
1.460000000000000000e+02,4.554491043090820312e-01,0.000000000000000000e+00,4.100000000000000000e+01
1.470000000000000000e+02,4.602551460266113281e-01,0.000000000000000000e+00,3.200000000000000000e+01
1.480000000000000000e+02,4.681570529937744141e-01,0.000000000000000000e+00,4.200000000000000000e+01
1.490000000000000000e+02,4.734311103820800781e-01,0.000000000000000000e+00,3.300000000000000000e+01
1.500000000000000000e+02,4.798181056976318359e-01,0.000000000000000000e+00,4.300000000000000000e+01
1.510000000000000000e+02,4.842350482940673828e-01,0.000000000000000000e+00,3.400000000000000000e+01
1.520000000000000000e+02,4.883430004119873047e-01,0.000000000000000000e+00,4.400000000000000000e+01
1.530000000000000000e+02,4.921109676361083984e-01,0.000000000000000000e+00,3.500000000000000000e+01
1.540000000000000000e+02,4.996790885925292969e-01,0.000000000000000000e+00,4.500000000000000000e+01
1.550000000000000000e+02,5.030040740966796875e-01,0.000000000000000000e+00,3.600000000000000000e+01
1.560000000000000000e+02,5.089881420135498047e-01,0.000000000000000000e+00,4.600000000000000000e+01
1.570000000000000000e+02,5.114619731903076172e-01,0.000000000000000000e+00,3.700000000000000000e+01
1.580000000000000000e+02,5.150640010833740234e-01,0.000000000000000000e+00,4.700000000000000000e+01
1.590000000000000000e+02,5.187430381774902344e-01,0.000000000000000000e+00,3.800000000000000000e+01
1.600000000000000000e+02,5.260639190673828125e-01,0.000000000000000000e+00,4.800000000000000000e+01
1.610000000000000000e+02,5.399510860443115234e-01,0.000000000000000000e+00,3.800000000000000000e+01
1.620000000000000000e+02,5.478739738464355469e-01,0.000000000000000000e+00,4.900000000000000000e+01
1.630000000000000000e+02,5.517461299896240234e-01,0.000000000000000000e+00,3.800000000000000000e+01
1.640000000000000000e+02,5.631089210510253906e-01,0.000000000000000000e+00,5.000000000000000000e+01
1.650000000000000000e+02,5.663089752197265625e-01,0.000000000000000000e+00,3.800000000000000000e+01
1.660000000000000000e+02,5.714249610900878906e-01,0.000000000000000000e+00,5.100000000000000000e+01
1.670000000000000000e+02,5.732629299163818359e-01,0.000000000000000000e+00,3.800000000000000000e+01
1.680000000000000000e+02,5.781700611114501953e-01,0.000000000000000000e+00,5.200000000000000000e+01
1.690000000000000000e+02,5.801861286163330078e-01,0.000000000000000000e+00,3.800000000000000000e+01
1.700000000000000000e+02,5.816180706024169922e-01,0.000000000000000000e+00,5.200000000000000000e+01
1.710000000000000000e+02,5.831170082092285156e-01,0.000000000000000000e+00,3.800000000000000000e+01
1.720000000000000000e+02,5.848040580749511719e-01,0.000000000000000000e+00,5.200000000000000000e+01
1.730000000000000000e+02,5.873379707336425781e-01,0.000000000000000000e+00,3.800000000000000000e+01
1.740000000000000000e+02,5.888230800628662109e-01,0.000000000000000000e+00,5.200000000000000000e+01
1.750000000000000000e+02,5.904469490051269531e-01,0.000000000000000000e+00,3.800000000000000000e+01
1.760000000000000000e+02,5.926220417022705078e-01,0.000000000000000000e+00,5.200000000000000000e+01
1.770000000000000000e+02,5.941441059112548828e-01,0.000000000000000000e+00,3.800000000000000000e+01
1.780000000000000000e+02,5.956959724426269531e-01,0.000000000000000000e+00,5.200000000000000000e+01
1.790000000000000000e+02,5.977599620819091797e-01,0.000000000000000000e+00,3.800000000000000000e+01
1.800000000000000000e+02,5.993640422821044922e-01,0.000000000000000000e+00,5.200000000000000000e+01
1.810000000000000000e+02,6.008949279785156250e-01,0.000000000000000000e+00,3.800000000000000000e+01
1.820000000000000000e+02,6.027610301971435547e-01,0.000000000000000000e+00,5.200000000000000000e+01
1.830000000000000000e+02,6.046230792999267578e-01,0.000000000000000000e+00,3.800000000000000000e+01
1.840000000000000000e+02,6.070289611816406250e-01,0.000000000000000000e+00,5.200000000000000000e+01
1.850000000000000000e+02,6.086521148681640625e-01,0.000000000000000000e+00,3.800000000000000000e+01
1.860000000000000000e+02,6.104059219360351562e-01,0.000000000000000000e+00,5.200000000000000000e+01
1.870000000000000000e+02,6.120290756225585938e-01,0.000000000000000000e+00,3.800000000000000000e+01
1.880000000000000000e+02,6.138610839843750000e-01,0.000000000000000000e+00,5.200000000000000000e+01
1.890000000000000000e+02,6.156859397888183594e-01,0.000000000000000000e+00,3.800000000000000000e+01
1.900000000000000000e+02,6.175749301910400391e-01,0.000000000000000000e+00,5.200000000000000000e+01
1.910000000000000000e+02,6.192851066589355469e-01,0.000000000000000000e+00,3.800000000000000000e+01
1.920000000000000000e+02,6.218640804290771484e-01,0.000000000000000000e+00,5.200000000000000000e+01
1.930000000000000000e+02,6.237740516662597656e-01,0.000000000000000000e+00,3.800000000000000000e+01
1.940000000000000000e+02,6.259319782257080078e-01,0.000000000000000000e+00,5.200000000000000000e+01
1.950000000000000000e+02,6.278350353240966797e-01,0.000000000000000000e+00,3.800000000000000000e+01
1.960000000000000000e+02,6.300740242004394531e-01,0.000000000000000000e+00,5.200000000000000000e+01
1.970000000000000000e+02,6.319680213928222656e-01,0.000000000000000000e+00,3.800000000000000000e+01
1.980000000000000000e+02,6.495649814605712891e-01,0.000000000000000000e+00,5.300000000000000000e+01
1.990000000000000000e+02,6.664910316467285156e-01,0.000000000000000000e+00,3.900000000000000000e+01
2.000000000000000000e+02,6.840209960937500000e-01,0.000000000000000000e+00,5.400000000000000000e+01
2.010000000000000000e+02,7.032959461212158203e-01,0.000000000000000000e+00,4.000000000000000000e+01
2.020000000000000000e+02,7.178111076354980469e-01,0.000000000000000000e+00,5.500000000000000000e+01
2.030000000000000000e+02,7.242650985717773438e-01,0.000000000000000000e+00,4.100000000000000000e+01
2.040000000000000000e+02,7.380490303039550781e-01,0.000000000000000000e+00,5.600000000000000000e+01
2.050000000000000000e+02,7.494239807128906250e-01,0.000000000000000000e+00,4.200000000000000000e+01
2.060000000000000000e+02,7.623460292816162109e-01,0.000000000000000000e+00,5.700000000000000000e+01
2.070000000000000000e+02,7.723579406738281250e-01,0.000000000000000000e+00,4.300000000000000000e+01
2.080000000000000000e+02,7.754790782928466797e-01,0.000000000000000000e+00,5.800000000000000000e+01
2.090000000000000000e+02,7.771451473236083984e-01,0.000000000000000000e+00,4.300000000000000000e+01
2.100000000000000000e+02,7.887279987335205078e-01,0.000000000000000000e+00,5.900000000000000000e+01
2.110000000000000000e+02,7.964370250701904297e-01,0.000000000000000000e+00,4.400000000000000000e+01
2.120000000000000000e+02,8.037359714508056641e-01,0.000000000000000000e+00,6.000000000000000000e+01
2.130000000000000000e+02,8.100640773773193359e-01,0.000000000000000000e+00,4.500000000000000000e+01
2.140000000000000000e+02,8.200371265411376953e-01,0.000000000000000000e+00,6.100000000000000000e+01
2.150000000000000000e+02,8.258421421051025391e-01,0.000000000000000000e+00,4.600000000000000000e+01
2.160000000000000000e+02,8.371229171752929688e-01,0.000000000000000000e+00,6.200000000000000000e+01
2.170000000000000000e+02,8.412201404571533203e-01,0.000000000000000000e+00,4.700000000000000000e+01
2.180000000000000000e+02,8.522579669952392578e-01,0.000000000000000000e+00,6.300000000000000000e+01
2.190000000000000000e+02,8.566679954528808594e-01,0.000000000000000000e+00,4.800000000000000000e+01
2.200000000000000000e+02,8.653039932250976562e-01,0.000000000000000000e+00,6.400000000000000000e+01
2.210000000000000000e+02,8.685290813446044922e-01,0.000000000000000000e+00,4.900000000000000000e+01
2.220000000000000000e+02,8.753380775451660156e-01,0.000000000000000000e+00,6.500000000000000000e+01
2.230000000000000000e+02,8.798010349273681641e-01,0.000000000000000000e+00,5.000000000000000000e+01
2.240000000000000000e+02,8.881571292877197266e-01,0.000000000000000000e+00,6.600000000000000000e+01
2.250000000000000000e+02,8.906691074371337891e-01,0.000000000000000000e+00,5.000000000000000000e+01
2.260000000000000000e+02,9.019629955291748047e-01,0.000000000000000000e+00,6.700000000000000000e+01
2.270000000000000000e+02,9.160420894622802734e-01,0.000000000000000000e+00,5.000000000000000000e+01
2.280000000000000000e+02,9.221010208129882812e-01,0.000000000000000000e+00,6.800000000000000000e+01
2.290000000000000000e+02,9.237320423126220703e-01,0.000000000000000000e+00,5.000000000000000000e+01
2.300000000000000000e+02,9.310109615325927734e-01,0.000000000000000000e+00,6.900000000000000000e+01
2.310000000000000000e+02,9.341800212860107422e-01,0.000000000000000000e+00,5.000000000000000000e+01
2.320000000000000000e+02,9.401710033416748047e-01,0.000000000000000000e+00,7.000000000000000000e+01
2.330000000000000000e+02,9.422600269317626953e-01,0.000000000000000000e+00,5.000000000000000000e+01
2.340000000000000000e+02,9.503250122070312500e-01,0.000000000000000000e+00,7.100000000000000000e+01
2.350000000000000000e+02,9.524979591369628906e-01,0.000000000000000000e+00,5.000000000000000000e+01
2.360000000000000000e+02,9.543919563293457031e-01,0.000000000000000000e+00,7.100000000000000000e+01
2.370000000000000000e+02,9.563250541687011719e-01,0.000000000000000000e+00,5.000000000000000000e+01
2.380000000000000000e+02,9.579920768737792969e-01,0.000000000000000000e+00,7.100000000000000000e+01
2.390000000000000000e+02,9.605441093444824219e-01,0.000000000000000000e+00,5.000000000000000000e+01
2.400000000000000000e+02,9.624140262603759766e-01,0.000000000000000000e+00,7.100000000000000000e+01
2.410000000000000000e+02,9.648470878601074219e-01,0.000000000000000000e+00,5.000000000000000000e+01
2.420000000000000000e+02,9.668860435485839844e-01,0.000000000000000000e+00,7.100000000000000000e+01
2.430000000000000000e+02,9.686141014099121094e-01,0.000000000000000000e+00,5.000000000000000000e+01
2.440000000000000000e+02,9.715471267700195312e-01,0.000000000000000000e+00,7.100000000000000000e+01
2.450000000000000000e+02,9.733679294586181641e-01,0.000000000000000000e+00,5.000000000000000000e+01
2.460000000000000000e+02,9.757640361785888672e-01,0.000000000000000000e+00,7.100000000000000000e+01
2.470000000000000000e+02,9.776809215545654297e-01,0.000000000000000000e+00,5.000000000000000000e+01
2.480000000000000000e+02,9.795439243316650391e-01,0.000000000000000000e+00,7.100000000000000000e+01
2.490000000000000000e+02,9.816370010375976562e-01,0.000000000000000000e+00,5.000000000000000000e+01
2.500000000000000000e+02,9.836320877075195312e-01,0.000000000000000000e+00,7.100000000000000000e+01
2.510000000000000000e+02,9.855720996856689453e-01,0.000000000000000000e+00,5.000000000000000000e+01
2.520000000000000000e+02,9.877021312713623047e-01,0.000000000000000000e+00,7.100000000000000000e+01
2.530000000000000000e+02,9.896850585937500000e-01,0.000000000000000000e+00,5.000000000000000000e+01
2.540000000000000000e+02,9.920940399169921875e-01,0.000000000000000000e+00,7.100000000000000000e+01
2.550000000000000000e+02,9.944319725036621094e-01,0.000000000000000000e+00,5.000000000000000000e+01
2.560000000000000000e+02,9.975430965423583984e-01,0.000000000000000000e+00,7.100000000000000000e+01
2.570000000000000000e+02,9.995081424713134766e-01,0.000000000000000000e+00,5.000000000000000000e+01
2.580000000000000000e+02,1.002789020538330078e+00,0.000000000000000000e+00,7.100000000000000000e+01
2.590000000000000000e+02,1.005414962768554688e+00,0.000000000000000000e+00,5.000000000000000000e+01
2.600000000000000000e+02,1.008144140243530273e+00,0.000000000000000000e+00,7.100000000000000000e+01
2.610000000000000000e+02,1.010256052017211914e+00,0.000000000000000000e+00,5.000000000000000000e+01
2.620000000000000000e+02,1.012668132781982422e+00,0.000000000000000000e+00,7.100000000000000000e+01
2.630000000000000000e+02,1.014719963073730469e+00,0.000000000000000000e+00,5.000000000000000000e+01
2.640000000000000000e+02,1.038021087646484375e+00,0.000000000000000000e+00,7.200000000000000000e+01
2.650000000000000000e+02,1.061567068099975586e+00,3.223447605500568613e+01,5.100000000000000000e+01
2.660000000000000000e+02,1.085329055786132812e+00,3.223447605500568613e+01,7.200000000000000000e+01
2.670000000000000000e+02,1.086717128753662109e+00,3.223447605500568613e+01,4.900000000000000000e+01
2.680000000000000000e+02,1.106405019760131836e+00,3.223447605500568613e+01,7.300000000000000000e+01
2.690000000000000000e+02,1.122098922729492188e+00,3.223447605500568613e+01,5.000000000000000000e+01
2.700000000000000000e+02,1.140000104904174805e+00,3.223447605500568613e+01,7.400000000000000000e+01
2.710000000000000000e+02,1.151968002319335938e+00,3.223447605500568613e+01,5.100000000000000000e+01
2.720000000000000000e+02,1.168430089950561523e+00,3.223447605500568613e+01,7.500000000000000000e+01
2.730000000000000000e+02,1.181481122970581055e+00,3.223447605500568613e+01,5.200000000000000000e+01
2.740000000000000000e+02,1.197137117385864258e+00,3.223447605500568613e+01,7.600000000000000000e+01
2.750000000000000000e+02,1.198698043823242188e+00,3.223447605500568613e+01,5.200000000000000000e+01
2.760000000000000000e+02,1.208307027816772461e+00,3.223447605500568613e+01,7.700000000000000000e+01
2.770000000000000000e+02,1.217236042022705078e+00,3.223447605500568613e+01,5.300000000000000000e+01
2.780000000000000000e+02,1.230448961257934570e+00,3.223447605500568613e+01,7.800000000000000000e+01
2.790000000000000000e+02,1.240064144134521484e+00,3.223447605500568613e+01,5.400000000000000000e+01
2.800000000000000000e+02,1.254286050796508789e+00,3.223447605500568613e+01,7.900000000000000000e+01
2.810000000000000000e+02,1.261346101760864258e+00,2.642123463790510840e+01,5.500000000000000000e+01
2.820000000000000000e+02,1.266557931900024414e+00,2.637578861070842251e+01,3.300000000000000000e+01
2.830000000000000000e+02,1.268680095672607422e+00,2.637578861070842251e+01,4.000000000000000000e+01
2.840000000000000000e+02,1.275413036346435547e+00,2.637578861070842251e+01,3.200000000000000000e+01
2.850000000000000000e+02,1.279726028442382812e+00,2.637578861070842251e+01,4.100000000000000000e+01
2.860000000000000000e+02,1.280967950820922852e+00,2.637578861070842251e+01,3.200000000000000000e+01
2.870000000000000000e+02,1.282614946365356445e+00,2.637578861070842251e+01,4.100000000000000000e+01
2.880000000000000000e+02,1.287074089050292969e+00,2.637578861070842251e+01,3.300000000000000000e+01
2.890000000000000000e+02,1.288687944412231445e+00,2.637578861070842251e+01,4.100000000000000000e+01
2.900000000000000000e+02,1.292138099670410156e+00,2.637578861070842251e+01,3.300000000000000000e+01
2.910000000000000000e+02,1.294606924057006836e+00,2.637578861070842251e+01,4.200000000000000000e+01
2.920000000000000000e+02,1.296301126480102539e+00,2.637578861070842251e+01,3.300000000000000000e+01
2.930000000000000000e+02,1.310168027877807617e+00,2.637578861070842251e+01,4.200000000000000000e+01
2.940000000000000000e+02,1.312261104583740234e+00,2.637578861070842251e+01,3.300000000000000000e+01
2.950000000000000000e+02,1.313880920410156250e+00,2.637578861070842251e+01,4.200000000000000000e+01
2.960000000000000000e+02,1.319005966186523438e+00,2.637578861070842251e+01,3.300000000000000000e+01
2.970000000000000000e+02,1.322365999221801758e+00,2.637578861070842251e+01,4.200000000000000000e+01
2.980000000000000000e+02,1.324101924896240234e+00,2.637578861070842251e+01,3.300000000000000000e+01
2.990000000000000000e+02,1.326322078704833984e+00,2.637578861070842251e+01,4.200000000000000000e+01
3.000000000000000000e+02,1.334735155105590820e+00,2.637578861070842251e+01,3.300000000000000000e+01
3.010000000000000000e+02,1.337116003036499023e+00,2.637578861070842251e+01,4.200000000000000000e+01
3.020000000000000000e+02,1.339017152786254883e+00,2.637578861070842251e+01,3.300000000000000000e+01
3.030000000000000000e+02,1.340748071670532227e+00,2.637578861070842251e+01,4.200000000000000000e+01
3.040000000000000000e+02,1.342391014099121094e+00,2.637578861070842251e+01,3.300000000000000000e+01
3.050000000000000000e+02,1.345149993896484375e+00,2.637578861070842251e+01,4.200000000000000000e+01
3.060000000000000000e+02,1.346400022506713867e+00,2.637578861070842251e+01,3.300000000000000000e+01
3.070000000000000000e+02,1.348030090332031250e+00,2.637578861070842251e+01,4.200000000000000000e+01
3.080000000000000000e+02,1.349975109100341797e+00,2.637578861070842251e+01,3.300000000000000000e+01
3.090000000000000000e+02,1.351346015930175781e+00,2.637578861070842251e+01,4.200000000000000000e+01
3.100000000000000000e+02,1.352544069290161133e+00,2.637578861070842251e+01,3.300000000000000000e+01
3.110000000000000000e+02,1.354372978210449219e+00,2.637578861070842251e+01,4.200000000000000000e+01
3.120000000000000000e+02,1.355844974517822266e+00,2.637578861070842251e+01,3.300000000000000000e+01
3.130000000000000000e+02,1.357223033905029297e+00,2.637578861070842251e+01,4.200000000000000000e+01
3.140000000000000000e+02,1.358588933944702148e+00,2.637578861070842251e+01,3.300000000000000000e+01
3.150000000000000000e+02,1.359961032867431641e+00,2.637578861070842251e+01,4.200000000000000000e+01
3.160000000000000000e+02,1.361350059509277344e+00,2.637578861070842251e+01,3.300000000000000000e+01
3.170000000000000000e+02,1.362852096557617188e+00,2.637578861070842251e+01,4.200000000000000000e+01
3.180000000000000000e+02,1.364576101303100586e+00,2.637578861070842251e+01,3.300000000000000000e+01
3.190000000000000000e+02,1.365993022918701172e+00,2.637578861070842251e+01,4.200000000000000000e+01
3.200000000000000000e+02,1.367401123046875000e+00,2.637578861070842251e+01,3.300000000000000000e+01
3.210000000000000000e+02,1.369226932525634766e+00,2.637578861070842251e+01,4.200000000000000000e+01
3.220000000000000000e+02,1.370754003524780273e+00,2.637578861070842251e+01,3.300000000000000000e+01
3.230000000000000000e+02,1.372184991836547852e+00,2.637578861070842251e+01,4.200000000000000000e+01
3.240000000000000000e+02,1.374063968658447266e+00,2.637578861070842251e+01,3.300000000000000000e+01
3.250000000000000000e+02,1.375581026077270508e+00,2.637578861070842251e+01,4.200000000000000000e+01
3.260000000000000000e+02,1.377021074295043945e+00,2.637578861070842251e+01,3.300000000000000000e+01
3.270000000000000000e+02,1.378611087799072266e+00,2.637578861070842251e+01,4.200000000000000000e+01
3.280000000000000000e+02,1.379995107650756836e+00,2.637578861070842251e+01,3.300000000000000000e+01
3.290000000000000000e+02,1.381525993347167969e+00,2.637578861070842251e+01,4.200000000000000000e+01
3.300000000000000000e+02,1.382055997848510742e+00,2.637578861070842251e+01,3.300000000000000000e+01
3.310000000000000000e+02,1.382730007171630859e+00,2.637578861070842251e+01,4.200000000000000000e+01
3.320000000000000000e+02,1.383425951004028320e+00,2.637578861070842251e+01,3.300000000000000000e+01
3.330000000000000000e+02,1.399766921997070312e+00,2.637578861070842251e+01,4.300000000000000000e+01
3.340000000000000000e+02,1.400325059890747070e+00,2.637578861070842251e+01,3.300000000000000000e+01
3.350000000000000000e+02,1.414511919021606445e+00,2.637578861070842251e+01,4.400000000000000000e+01
3.360000000000000000e+02,1.424253940582275391e+00,2.637578861070842251e+01,3.400000000000000000e+01
3.370000000000000000e+02,1.436746120452880859e+00,2.637578861070842251e+01,4.500000000000000000e+01
3.380000000000000000e+02,1.437678098678588867e+00,2.637578861070842251e+01,3.400000000000000000e+01
3.390000000000000000e+02,1.448969125747680664e+00,2.637578861070842251e+01,4.600000000000000000e+01
3.400000000000000000e+02,1.456872940063476562e+00,2.637578861070842251e+01,3.500000000000000000e+01
3.410000000000000000e+02,1.467006921768188477e+00,2.637578861070842251e+01,4.700000000000000000e+01
3.420000000000000000e+02,1.473716974258422852e+00,2.637578861070842251e+01,3.600000000000000000e+01
3.430000000000000000e+02,1.482547044754028320e+00,2.637578861070842251e+01,4.800000000000000000e+01
3.440000000000000000e+02,1.490100145339965820e+00,2.637578861070842251e+01,3.700000000000000000e+01
3.450000000000000000e+02,1.491747140884399414e+00,2.637578861070842251e+01,4.800000000000000000e+01
3.460000000000000000e+02,1.492418050765991211e+00,2.637578861070842251e+01,3.700000000000000000e+01
3.470000000000000000e+02,1.497843027114868164e+00,2.637578861070842251e+01,4.900000000000000000e+01
3.480000000000000000e+02,1.498503923416137695e+00,2.637578861070842251e+01,3.700000000000000000e+01
3.490000000000000000e+02,1.505108118057250977e+00,2.637578861070842251e+01,5.000000000000000000e+01
3.500000000000000000e+02,1.513427019119262695e+00,2.637578861070842251e+01,3.800000000000000000e+01
3.510000000000000000e+02,1.514832973480224609e+00,2.637578861070842251e+01,5.000000000000000000e+01
3.520000000000000000e+02,1.516782045364379883e+00,2.637578861070842251e+01,3.800000000000000000e+01
3.530000000000000000e+02,1.518140077590942383e+00,2.637578861070842251e+01,5.000000000000000000e+01
3.540000000000000000e+02,1.521800041198730469e+00,2.637578861070842251e+01,3.800000000000000000e+01
3.550000000000000000e+02,1.525143146514892578e+00,2.637578861070842251e+01,5.100000000000000000e+01
3.560000000000000000e+02,1.526119947433471680e+00,2.637578861070842251e+01,3.800000000000000000e+01
3.570000000000000000e+02,1.528115987777709961e+00,2.637578861070842251e+01,5.100000000000000000e+01
3.580000000000000000e+02,1.531726121902465820e+00,2.637578861070842251e+01,3.900000000000000000e+01
3.590000000000000000e+02,1.536936998367309570e+00,2.637578861070842251e+01,5.100000000000000000e+01
3.600000000000000000e+02,1.541491985321044922e+00,2.637578861070842251e+01,3.900000000000000000e+01
3.610000000000000000e+02,1.543033123016357422e+00,2.637578861070842251e+01,5.100000000000000000e+01
3.620000000000000000e+02,1.547457933425903320e+00,2.637578861070842251e+01,3.900000000000000000e+01
3.630000000000000000e+02,1.549534082412719727e+00,2.637578861070842251e+01,5.100000000000000000e+01
3.640000000000000000e+02,1.552854061126708984e+00,2.637578861070842251e+01,3.900000000000000000e+01
3.650000000000000000e+02,1.556015014648437500e+00,2.637578861070842251e+01,5.100000000000000000e+01
3.660000000000000000e+02,1.557592153549194336e+00,2.637578861070842251e+01,3.900000000000000000e+01
3.670000000000000000e+02,1.559798002243041992e+00,2.637578861070842251e+01,5.100000000000000000e+01
3.680000000000000000e+02,1.560855150222778320e+00,2.637578861070842251e+01,3.900000000000000000e+01
3.690000000000000000e+02,1.562561988830566406e+00,2.637578861070842251e+01,5.100000000000000000e+01
3.700000000000000000e+02,1.563925981521606445e+00,2.637578861070842251e+01,3.900000000000000000e+01
3.710000000000000000e+02,1.565902948379516602e+00,2.637578861070842251e+01,5.100000000000000000e+01
3.720000000000000000e+02,1.567173004150390625e+00,2.637578861070842251e+01,3.900000000000000000e+01
3.730000000000000000e+02,1.568937063217163086e+00,2.637578861070842251e+01,5.100000000000000000e+01
3.740000000000000000e+02,1.570205926895141602e+00,2.637578861070842251e+01,3.900000000000000000e+01
3.750000000000000000e+02,1.572082996368408203e+00,2.637578861070842251e+01,5.100000000000000000e+01
3.760000000000000000e+02,1.573734045028686523e+00,2.637578861070842251e+01,3.900000000000000000e+01
3.770000000000000000e+02,1.575186014175415039e+00,2.637578861070842251e+01,5.100000000000000000e+01
3.780000000000000000e+02,1.576997041702270508e+00,2.637578861070842251e+01,3.900000000000000000e+01
3.790000000000000000e+02,1.578690052032470703e+00,2.637578861070842251e+01,5.100000000000000000e+01
3.800000000000000000e+02,1.580762147903442383e+00,2.637578861070842251e+01,3.900000000000000000e+01
3.810000000000000000e+02,1.582391977310180664e+00,2.637578861070842251e+01,5.100000000000000000e+01
3.820000000000000000e+02,1.583570957183837891e+00,2.637578861070842251e+01,3.900000000000000000e+01
3.830000000000000000e+02,1.585109949111938477e+00,2.637578861070842251e+01,5.100000000000000000e+01
3.840000000000000000e+02,1.587176084518432617e+00,2.637578861070842251e+01,3.900000000000000000e+01
3.850000000000000000e+02,1.588765144348144531e+00,2.637578861070842251e+01,5.100000000000000000e+01
3.860000000000000000e+02,1.590441942214965820e+00,2.637578861070842251e+01,3.900000000000000000e+01
3.870000000000000000e+02,1.592204093933105469e+00,2.637578861070842251e+01,5.100000000000000000e+01
3.880000000000000000e+02,1.593917131423950195e+00,2.637578861070842251e+01,3.900000000000000000e+01
3.890000000000000000e+02,1.595618963241577148e+00,2.637578861070842251e+01,5.100000000000000000e+01
3.900000000000000000e+02,1.596982002258300781e+00,2.637578861070842251e+01,3.900000000000000000e+01
3.910000000000000000e+02,1.598581075668334961e+00,2.637578861070842251e+01,5.100000000000000000e+01
3.920000000000000000e+02,1.600006103515625000e+00,2.637578861070842251e+01,3.900000000000000000e+01
3.930000000000000000e+02,1.601788997650146484e+00,2.637578861070842251e+01,5.100000000000000000e+01
3.940000000000000000e+02,1.603294134140014648e+00,2.637578861070842251e+01,3.900000000000000000e+01
3.950000000000000000e+02,1.605024099349975586e+00,2.637578861070842251e+01,5.100000000000000000e+01
3.960000000000000000e+02,1.605623006820678711e+00,2.637578861070842251e+01,3.900000000000000000e+01
3.970000000000000000e+02,1.606348991394042969e+00,2.637578861070842251e+01,5.100000000000000000e+01
3.980000000000000000e+02,1.606935977935791016e+00,2.637578861070842251e+01,3.900000000000000000e+01
3.990000000000000000e+02,1.608119964599609375e+00,2.637578861070842251e+01,5.100000000000000000e+01
4.000000000000000000e+02,1.608819961547851562e+00,2.637578861070842251e+01,3.900000000000000000e+01
4.010000000000000000e+02,1.625622034072875977e+00,2.637578861070842251e+01,5.200000000000000000e+01
4.020000000000000000e+02,1.626243114471435547e+00,2.637578861070842251e+01,3.900000000000000000e+01
4.030000000000000000e+02,1.627107143402099609e+00,2.637578861070842251e+01,5.200000000000000000e+01
4.040000000000000000e+02,1.636904954910278320e+00,2.637578861070842251e+01,4.000000000000000000e+01
4.050000000000000000e+02,1.651566028594970703e+00,2.637578861070842251e+01,5.300000000000000000e+01
4.060000000000000000e+02,1.662361145019531250e+00,2.637578861070842251e+01,4.100000000000000000e+01
4.070000000000000000e+02,1.675708055496215820e+00,2.637578861070842251e+01,5.400000000000000000e+01
4.080000000000000000e+02,1.686123132705688477e+00,2.637578861070842251e+01,4.200000000000000000e+01
4.090000000000000000e+02,1.696493148803710938e+00,2.637578861070842251e+01,5.500000000000000000e+01
4.100000000000000000e+02,1.697206974029541016e+00,2.637578861070842251e+01,4.200000000000000000e+01
4.110000000000000000e+02,1.704920053482055664e+00,2.637578861070842251e+01,5.600000000000000000e+01
4.120000000000000000e+02,1.711944103240966797e+00,2.637578861070842251e+01,4.300000000000000000e+01
4.130000000000000000e+02,1.719005107879638672e+00,2.637578861070842251e+01,5.700000000000000000e+01
4.140000000000000000e+02,1.726473093032836914e+00,2.637578861070842251e+01,4.400000000000000000e+01
4.150000000000000000e+02,1.733164072036743164e+00,2.637578861070842251e+01,5.800000000000000000e+01
4.160000000000000000e+02,1.738909006118774414e+00,2.637578861070842251e+01,4.400000000000000000e+01
4.170000000000000000e+02,1.743404150009155273e+00,2.637578861070842251e+01,5.900000000000000000e+01
4.180000000000000000e+02,1.748494148254394531e+00,2.637239071578297001e+01,4.500000000000000000e+01
4.190000000000000000e+02,1.752747058868408203e+00,2.637239071578297001e+01,5.900000000000000000e+01
4.200000000000000000e+02,1.756788969039916992e+00,2.637239071578297001e+01,4.500000000000000000e+01
4.210000000000000000e+02,1.760203123092651367e+00,2.637239071578297001e+01,6.000000000000000000e+01
4.220000000000000000e+02,1.761810064315795898e+00,2.637239071578297001e+01,4.500000000000000000e+01
4.230000000000000000e+02,1.763962984085083008e+00,2.637239071578297001e+01,6.000000000000000000e+01
4.240000000000000000e+02,1.765278100967407227e+00,2.637239071578297001e+01,4.500000000000000000e+01
4.250000000000000000e+02,1.768445968627929688e+00,2.637239071578297001e+01,6.000000000000000000e+01
4.260000000000000000e+02,1.771599054336547852e+00,2.637239071578297001e+01,4.500000000000000000e+01
4.270000000000000000e+02,1.776149988174438477e+00,2.637239071578297001e+01,6.000000000000000000e+01
4.280000000000000000e+02,1.778414964675903320e+00,2.637239071578297001e+01,4.500000000000000000e+01
4.290000000000000000e+02,1.779958009719848633e+00,2.637239071578297001e+01,6.000000000000000000e+01
4.300000000000000000e+02,1.791533946990966797e+00,2.637239071578297001e+01,4.500000000000000000e+01
4.310000000000000000e+02,1.793980121612548828e+00,2.637239071578297001e+01,6.000000000000000000e+01
4.320000000000000000e+02,1.802501916885375977e+00,2.637239071578297001e+01,4.500000000000000000e+01
4.330000000000000000e+02,1.805191040039062500e+00,2.637239071578297001e+01,6.000000000000000000e+01
4.340000000000000000e+02,1.806438922882080078e+00,2.637239071578297001e+01,4.500000000000000000e+01
4.350000000000000000e+02,1.809001922607421875e+00,2.637239071578297001e+01,6.000000000000000000e+01
4.360000000000000000e+02,1.810689926147460938e+00,2.637239071578297001e+01,4.500000000000000000e+01
4.370000000000000000e+02,1.813327074050903320e+00,2.637239071578297001e+01,6.000000000000000000e+01
4.380000000000000000e+02,1.814778089523315430e+00,2.637239071578297001e+01,4.500000000000000000e+01
4.390000000000000000e+02,1.817423105239868164e+00,2.637239071578297001e+01,6.000000000000000000e+01
4.400000000000000000e+02,1.818649053573608398e+00,2.637239071578297001e+01,4.500000000000000000e+01
4.410000000000000000e+02,1.820357084274291992e+00,2.637239071578297001e+01,6.000000000000000000e+01
4.420000000000000000e+02,1.822344064712524414e+00,2.637239071578297001e+01,4.500000000000000000e+01
4.430000000000000000e+02,1.824414968490600586e+00,2.637239071578297001e+01,6.000000000000000000e+01
4.440000000000000000e+02,1.826262950897216797e+00,2.637239071578297001e+01,4.500000000000000000e+01
4.450000000000000000e+02,1.827863931655883789e+00,2.637239071578297001e+01,6.000000000000000000e+01
4.460000000000000000e+02,1.829427003860473633e+00,2.637239071578297001e+01,4.500000000000000000e+01
4.470000000000000000e+02,1.830994129180908203e+00,2.637239071578297001e+01,6.000000000000000000e+01
4.480000000000000000e+02,1.832905054092407227e+00,2.637239071578297001e+01,4.500000000000000000e+01
4.490000000000000000e+02,1.834773063659667969e+00,2.637239071578297001e+01,6.000000000000000000e+01
4.500000000000000000e+02,1.836102008819580078e+00,2.637239071578297001e+01,4.500000000000000000e+01
4.510000000000000000e+02,1.838076114654541016e+00,2.637239071578297001e+01,6.000000000000000000e+01
4.520000000000000000e+02,1.839462041854858398e+00,2.637239071578297001e+01,4.500000000000000000e+01
4.530000000000000000e+02,1.841361045837402344e+00,2.637239071578297001e+01,6.000000000000000000e+01
4.540000000000000000e+02,1.842769145965576172e+00,2.637239071578297001e+01,4.500000000000000000e+01
4.550000000000000000e+02,1.844493150711059570e+00,2.637239071578297001e+01,6.000000000000000000e+01
4.560000000000000000e+02,1.846107006072998047e+00,2.637239071578297001e+01,4.500000000000000000e+01
4.570000000000000000e+02,1.848000049591064453e+00,2.637239071578297001e+01,6.000000000000000000e+01
4.580000000000000000e+02,1.849822998046875000e+00,2.637239071578297001e+01,4.500000000000000000e+01
4.590000000000000000e+02,1.851824045181274414e+00,2.637239071578297001e+01,6.000000000000000000e+01
4.600000000000000000e+02,1.853662967681884766e+00,2.637239071578297001e+01,4.500000000000000000e+01
4.610000000000000000e+02,1.855658054351806641e+00,2.637239071578297001e+01,6.000000000000000000e+01
4.620000000000000000e+02,1.856482982635498047e+00,2.637239071578297001e+01,4.500000000000000000e+01
4.630000000000000000e+02,1.857378005981445312e+00,2.637239071578297001e+01,6.000000000000000000e+01
4.640000000000000000e+02,1.858262062072753906e+00,2.637239071578297001e+01,4.500000000000000000e+01
4.650000000000000000e+02,1.859091997146606445e+00,2.637239071578297001e+01,6.000000000000000000e+01
4.660000000000000000e+02,1.859761953353881836e+00,2.637239071578297001e+01,4.500000000000000000e+01
4.670000000000000000e+02,1.860502004623413086e+00,2.637239071578297001e+01,6.000000000000000000e+01
4.680000000000000000e+02,1.861709117889404297e+00,2.637239071578297001e+01,4.500000000000000000e+01
4.690000000000000000e+02,1.862483024597167969e+00,2.637239071578297001e+01,6.000000000000000000e+01
4.700000000000000000e+02,1.863130092620849609e+00,2.637239071578297001e+01,4.500000000000000000e+01
4.710000000000000000e+02,1.878178119659423828e+00,2.637239071578297001e+01,6.100000000000000000e+01
4.720000000000000000e+02,1.890087127685546875e+00,2.637239071578297001e+01,4.600000000000000000e+01
4.730000000000000000e+02,1.904462099075317383e+00,2.637239071578297001e+01,6.200000000000000000e+01
4.740000000000000000e+02,1.905205011367797852e+00,2.637239071578297001e+01,4.600000000000000000e+01
4.750000000000000000e+02,1.916607141494750977e+00,2.637239071578297001e+01,6.300000000000000000e+01
4.760000000000000000e+02,1.926170110702514648e+00,2.637239071578297001e+01,4.700000000000000000e+01
4.770000000000000000e+02,1.935266971588134766e+00,2.637239071578297001e+01,6.400000000000000000e+01
4.780000000000000000e+02,1.941723108291625977e+00,2.637239071578297001e+01,4.800000000000000000e+01
4.790000000000000000e+02,1.950315952301025391e+00,2.637239071578297001e+01,6.500000000000000000e+01
4.800000000000000000e+02,1.958706140518188477e+00,2.637239071578297001e+01,4.900000000000000000e+01
4.810000000000000000e+02,1.965263128280639648e+00,2.634851148976456869e+01,6.600000000000000000e+01
4.820000000000000000e+02,1.969075918197631836e+00,2.634851148976456869e+01,4.500000000000000000e+01
4.830000000000000000e+02,1.974095106124877930e+00,2.634851148976456869e+01,6.700000000000000000e+01
4.840000000000000000e+02,1.975320100784301758e+00,2.634851148976456869e+01,4.500000000000000000e+01
4.850000000000000000e+02,1.977190017700195312e+00,2.634851148976456869e+01,6.700000000000000000e+01
4.860000000000000000e+02,1.978501081466674805e+00,2.634851148976456869e+01,4.500000000000000000e+01
4.870000000000000000e+02,1.979978084564208984e+00,2.634851148976456869e+01,6.700000000000000000e+01
4.880000000000000000e+02,1.981073141098022461e+00,2.634851148976456869e+01,4.500000000000000000e+01
4.890000000000000000e+02,1.982655048370361328e+00,2.634851148976456869e+01,6.700000000000000000e+01
4.900000000000000000e+02,1.984483003616333008e+00,2.634851148976456869e+01,4.500000000000000000e+01
4.910000000000000000e+02,1.993716001510620117e+00,2.634851148976456869e+01,6.700000000000000000e+01
4.920000000000000000e+02,1.997480154037475586e+00,2.634851148976456869e+01,4.500000000000000000e+01
4.930000000000000000e+02,2.000751972198486328e+00,2.634851148976456869e+01,6.700000000000000000e+01
4.940000000000000000e+02,2.014531135559082031e+00,2.634851148976456869e+01,4.500000000000000000e+01
4.950000000000000000e+02,2.016128063201904297e+00,2.634851148976456869e+01,6.700000000000000000e+01
4.960000000000000000e+02,2.021353960037231445e+00,2.634851148976456869e+01,4.500000000000000000e+01
4.970000000000000000e+02,2.024147987365722656e+00,2.634851148976456869e+01,6.700000000000000000e+01
4.980000000000000000e+02,2.025664091110229492e+00,2.634851148976456869e+01,4.500000000000000000e+01
4.990000000000000000e+02,2.028156995773315430e+00,2.634851148976456869e+01,6.700000000000000000e+01
