0.000000000000000000e+00,8.499622344970703125e-04,0.000000000000000000e+00,1.000000000000000000e+00
1.000000000000000000e+00,1.638889312744140625e-03,0.000000000000000000e+00,1.000000000000000000e+00
2.000000000000000000e+00,3.381967544555664062e-03,0.000000000000000000e+00,2.000000000000000000e+00
3.000000000000000000e+00,4.350900650024414062e-03,0.000000000000000000e+00,1.000000000000000000e+00
4.000000000000000000e+00,6.363868713378906250e-03,0.000000000000000000e+00,3.000000000000000000e+00
5.000000000000000000e+00,8.580923080444335938e-03,0.000000000000000000e+00,2.000000000000000000e+00
6.000000000000000000e+00,1.127600669860839844e-02,0.000000000000000000e+00,4.000000000000000000e+00
7.000000000000000000e+00,1.324987411499023438e-02,0.000000000000000000e+00,3.000000000000000000e+00
8.000000000000000000e+00,1.513600349426269531e-02,0.000000000000000000e+00,5.000000000000000000e+00
9.000000000000000000e+00,1.738905906677246094e-02,0.000000000000000000e+00,4.000000000000000000e+00
1.000000000000000000e+01,1.848697662353515625e-02,0.000000000000000000e+00,5.000000000000000000e+00
1.100000000000000000e+01,2.064085006713867188e-02,0.000000000000000000e+00,5.000000000000000000e+00
1.200000000000000000e+01,2.263784408569335938e-02,0.000000000000000000e+00,6.000000000000000000e+00
1.300000000000000000e+01,2.455592155456542969e-02,0.000000000000000000e+00,6.000000000000000000e+00
1.400000000000000000e+01,2.623200416564941406e-02,0.000000000000000000e+00,7.000000000000000000e+00
1.500000000000000000e+01,2.814698219299316406e-02,0.000000000000000000e+00,7.000000000000000000e+00
1.600000000000000000e+01,3.007793426513671875e-02,0.000000000000000000e+00,8.000000000000000000e+00
1.700000000000000000e+01,3.208398818969726562e-02,2.684959333093850375e+01,8.000000000000000000e+00
1.800000000000000000e+01,3.430986404418945312e-02,2.609146917815823485e+01,9.000000000000000000e+00
1.900000000000000000e+01,3.600692749023437500e-02,2.609146917815823485e+01,9.000000000000000000e+00
2.000000000000000000e+01,3.742194175720214844e-02,2.609146917815823485e+01,1.000000000000000000e+01
2.100000000000000000e+01,3.821206092834472656e-02,2.609146917815823485e+01,9.000000000000000000e+00
2.200000000000000000e+01,3.900003433227539062e-02,2.609146917815823485e+01,1.000000000000000000e+01
2.300000000000000000e+01,4.008388519287109375e-02,2.609146917815823485e+01,9.000000000000000000e+00
2.400000000000000000e+01,4.095983505249023438e-02,2.609146917815823485e+01,1.000000000000000000e+01
2.500000000000000000e+01,4.187488555908203125e-02,2.609146917815823485e+01,9.000000000000000000e+00
2.600000000000000000e+01,4.280686378479003906e-02,2.609146917815823485e+01,1.000000000000000000e+01
2.700000000000000000e+01,4.404401779174804688e-02,2.609146917815823485e+01,9.000000000000000000e+00
2.800000000000000000e+01,4.481792449951171875e-02,2.609146917815823485e+01,1.000000000000000000e+01
2.900000000000000000e+01,4.598593711853027344e-02,2.609146917815823485e+01,9.000000000000000000e+00
3.000000000000000000e+01,4.679203033447265625e-02,2.609146917815823485e+01,1.000000000000000000e+01
3.100000000000000000e+01,4.824304580688476562e-02,2.609146917815823485e+01,9.000000000000000000e+00
3.200000000000000000e+01,4.943394660949707031e-02,2.609146917815823485e+01,1.000000000000000000e+01
3.300000000000000000e+01,5.057001113891601562e-02,2.609146917815823485e+01,9.000000000000000000e+00
3.400000000000000000e+01,5.144596099853515625e-02,2.609146917815823485e+01,1.000000000000000000e+01
3.500000000000000000e+01,5.225300788879394531e-02,2.609146917815823485e+01,9.000000000000000000e+00
3.600000000000000000e+01,5.365896224975585938e-02,2.609146917815823485e+01,1.000000000000000000e+01
3.700000000000000000e+01,5.486798286437988281e-02,2.609146917815823485e+01,9.000000000000000000e+00
3.800000000000000000e+01,5.615496635437011719e-02,2.609146917815823485e+01,1.000000000000000000e+01
3.900000000000000000e+01,5.754303932189941406e-02,2.609146917815823485e+01,9.000000000000000000e+00
4.000000000000000000e+01,5.898404121398925781e-02,2.609146917815823485e+01,1.000000000000000000e+01
4.100000000000000000e+01,5.990290641784667969e-02,2.609146917815823485e+01,9.000000000000000000e+00
4.200000000000000000e+01,6.107401847839355469e-02,2.609146917815823485e+01,1.000000000000000000e+01
4.300000000000000000e+01,6.225085258483886719e-02,2.609146917815823485e+01,9.000000000000000000e+00
4.400000000000000000e+01,6.589603424072265625e-02,2.609146917815823485e+01,1.100000000000000000e+01
4.500000000000000000e+01,7.056283950805664062e-02,2.609146917815823485e+01,1.000000000000000000e+01
4.600000000000000000e+01,7.423186302185058594e-02,2.609146917815823485e+01,1.200000000000000000e+01
4.700000000000000000e+01,7.857799530029296875e-02,2.609146917815823485e+01,1.100000000000000000e+01
4.800000000000000000e+01,8.221006393432617188e-02,2.609146917815823485e+01,1.300000000000000000e+01
4.900000000000000000e+01,8.681392669677734375e-02,2.609146917815823485e+01,1.200000000000000000e+01
5.000000000000000000e+01,9.030199050903320312e-02,2.609146917815823485e+01,1.400000000000000000e+01
5.100000000000000000e+01,9.296083450317382812e-02,2.609146917815823485e+01,1.300000000000000000e+01
5.200000000000000000e+01,9.659194946289062500e-02,2.609146917815823485e+01,1.500000000000000000e+01
5.300000000000000000e+01,9.939002990722656250e-02,2.609146917815823485e+01,1.400000000000000000e+01
5.400000000000000000e+01,1.023559570312500000e-01,2.609146917815823485e+01,1.600000000000000000e+01
5.500000000000000000e+01,1.052608489990234375e-01,2.609146917815823485e+01,1.500000000000000000e+01
5.600000000000000000e+01,1.081900596618652344e-01,2.609146917815823485e+01,1.700000000000000000e+01
5.700000000000000000e+01,1.116418838500976562e-01,2.609146917815823485e+01,1.600000000000000000e+01
5.800000000000000000e+01,1.145749092102050781e-01,2.609146917815823485e+01,1.800000000000000000e+01
5.900000000000000000e+01,1.161990165710449219e-01,2.609146917815823485e+01,1.700000000000000000e+01
6.000000000000000000e+01,1.192479133605957031e-01,2.609146917815823485e+01,1.900000000000000000e+01
6.100000000000000000e+01,1.220538616180419922e-01,2.609146917815823485e+01,1.800000000000000000e+01
6.200000000000000000e+01,1.232159137725830078e-01,2.609146917815823485e+01,1.900000000000000000e+01
6.300000000000000000e+01,1.252729892730712891e-01,2.609146917815823485e+01,1.900000000000000000e+01
6.400000000000000000e+01,1.270060539245605469e-01,2.609146917815823485e+01,2.000000000000000000e+01
6.500000000000000000e+01,1.292078495025634766e-01,2.609146917815823485e+01,2.000000000000000000e+01
6.600000000000000000e+01,1.303129196166992188e-01,2.609146917815823485e+01,2.000000000000000000e+01
6.700000000000000000e+01,1.315879821777343750e-01,2.609146917815823485e+01,2.000000000000000000e+01
6.800000000000000000e+01,1.324958801269531250e-01,2.609146917815823485e+01,2.000000000000000000e+01
6.900000000000000000e+01,1.335439682006835938e-01,2.609146917815823485e+01,2.000000000000000000e+01
7.000000000000000000e+01,1.344900131225585938e-01,2.609146917815823485e+01,2.000000000000000000e+01
7.100000000000000000e+01,1.355800628662109375e-01,2.609146917815823485e+01,2.000000000000000000e+01
7.200000000000000000e+01,1.364190578460693359e-01,2.609146917815823485e+01,2.000000000000000000e+01
7.300000000000000000e+01,1.382238864898681641e-01,2.609146917815823485e+01,2.000000000000000000e+01
7.400000000000000000e+01,1.390819549560546875e-01,2.609146917815823485e+01,2.000000000000000000e+01
7.500000000000000000e+01,1.404900550842285156e-01,2.609146917815823485e+01,2.000000000000000000e+01
7.600000000000000000e+01,1.417169570922851562e-01,2.609146917815823485e+01,2.000000000000000000e+01
7.700000000000000000e+01,1.426539421081542969e-01,2.609146917815823485e+01,2.000000000000000000e+01
7.800000000000000000e+01,1.439080238342285156e-01,2.609146917815823485e+01,2.000000000000000000e+01
7.900000000000000000e+01,1.450848579406738281e-01,2.609146917815823485e+01,2.000000000000000000e+01
8.000000000000000000e+01,1.464979648590087891e-01,2.609146917815823485e+01,2.000000000000000000e+01
8.100000000000000000e+01,1.474578380584716797e-01,2.609146917815823485e+01,2.000000000000000000e+01
8.200000000000000000e+01,1.489250659942626953e-01,2.609146917815823485e+01,2.000000000000000000e+01
8.300000000000000000e+01,1.498930454254150391e-01,2.609146917815823485e+01,2.000000000000000000e+01
8.400000000000000000e+01,1.512849330902099609e-01,2.609146917815823485e+01,2.000000000000000000e+01
8.500000000000000000e+01,1.525759696960449219e-01,2.609146917815823485e+01,2.000000000000000000e+01
8.600000000000000000e+01,1.544539928436279297e-01,2.609146917815823485e+01,2.000000000000000000e+01
8.700000000000000000e+01,1.555850505828857422e-01,2.609146917815823485e+01,2.000000000000000000e+01
8.800000000000000000e+01,1.610119342803955078e-01,2.609146917815823485e+01,2.100000000000000000e+01
8.900000000000000000e+01,1.695058345794677734e-01,2.609146917815823485e+01,2.100000000000000000e+01
9.000000000000000000e+01,1.773209571838378906e-01,2.609146917815823485e+01,2.200000000000000000e+01
9.100000000000000000e+01,1.869778633117675781e-01,2.609146917815823485e+01,2.200000000000000000e+01
9.200000000000000000e+01,1.907148361206054688e-01,2.609146917815823485e+01,2.300000000000000000e+01
9.300000000000000000e+01,1.991410255432128906e-01,2.609146917815823485e+01,2.300000000000000000e+01
9.400000000000000000e+01,2.023859024047851562e-01,2.609146917815823485e+01,2.400000000000000000e+01
9.500000000000000000e+01,2.090480327606201172e-01,2.609146917815823485e+01,2.400000000000000000e+01
9.600000000000000000e+01,2.139780521392822266e-01,2.609146917815823485e+01,2.500000000000000000e+01
9.700000000000000000e+01,2.198488712310791016e-01,2.609146917815823485e+01,2.500000000000000000e+01
9.800000000000000000e+01,2.212300300598144531e-01,2.609146917815823485e+01,2.500000000000000000e+01
9.900000000000000000e+01,2.270948886871337891e-01,2.532593435171611773e+01,2.600000000000000000e+01
1.000000000000000000e+02,2.317860126495361328e-01,2.532593435171611773e+01,2.600000000000000000e+01
1.010000000000000000e+02,2.361500263214111328e-01,2.532593435171611773e+01,2.600000000000000000e+01
1.020000000000000000e+02,2.400889396667480469e-01,2.532593435171611773e+01,2.700000000000000000e+01
1.030000000000000000e+02,2.439029216766357422e-01,2.532593435171611773e+01,2.700000000000000000e+01
1.040000000000000000e+02,2.478828430175781250e-01,2.532593435171611773e+01,2.800000000000000000e+01
1.050000000000000000e+02,2.490699291229248047e-01,2.532593435171611773e+01,2.700000000000000000e+01
1.060000000000000000e+02,2.512118816375732422e-01,2.532593435171611773e+01,2.900000000000000000e+01
1.070000000000000000e+02,2.530899047851562500e-01,2.532593435171611773e+01,2.800000000000000000e+01
1.080000000000000000e+02,2.552769184112548828e-01,2.532593435171611773e+01,3.000000000000000000e+01
1.090000000000000000e+02,2.565639019012451172e-01,2.532593435171611773e+01,2.800000000000000000e+01
1.100000000000000000e+02,2.576320171356201172e-01,2.532593435171611773e+01,3.000000000000000000e+01
1.110000000000000000e+02,2.588150501251220703e-01,2.532593435171611773e+01,2.800000000000000000e+01
1.120000000000000000e+02,2.599530220031738281e-01,2.532593435171611773e+01,3.000000000000000000e+01
1.130000000000000000e+02,2.614810466766357422e-01,2.532593435171611773e+01,2.800000000000000000e+01
1.140000000000000000e+02,2.624528408050537109e-01,2.532593435171611773e+01,3.000000000000000000e+01
1.150000000000000000e+02,2.634980678558349609e-01,2.532593435171611773e+01,2.800000000000000000e+01
1.160000000000000000e+02,2.646360397338867188e-01,2.532593435171611773e+01,3.000000000000000000e+01
1.170000000000000000e+02,2.657918930053710938e-01,2.532593435171611773e+01,2.800000000000000000e+01
1.180000000000000000e+02,2.668800354003906250e-01,2.532593435171611773e+01,3.000000000000000000e+01
1.190000000000000000e+02,2.679579257965087891e-01,2.532593435171611773e+01,2.800000000000000000e+01
1.200000000000000000e+02,2.692148685455322266e-01,2.532593435171611773e+01,3.000000000000000000e+01
1.210000000000000000e+02,2.703809738159179688e-01,2.532593435171611773e+01,2.800000000000000000e+01
1.220000000000000000e+02,2.719500064849853516e-01,2.532593435171611773e+01,3.000000000000000000e+01
1.230000000000000000e+02,2.736940383911132812e-01,2.532593435171611773e+01,2.800000000000000000e+01
1.240000000000000000e+02,2.751560211181640625e-01,2.532593435171611773e+01,3.000000000000000000e+01
1.250000000000000000e+02,2.765400409698486328e-01,2.532593435171611773e+01,2.800000000000000000e+01
1.260000000000000000e+02,2.780258655548095703e-01,2.532593435171611773e+01,3.000000000000000000e+01
1.270000000000000000e+02,2.790019512176513672e-01,2.532593435171611773e+01,2.800000000000000000e+01
1.280000000000000000e+02,2.807788848876953125e-01,2.532593435171611773e+01,3.000000000000000000e+01
1.290000000000000000e+02,2.823119163513183594e-01,2.532593435171611773e+01,2.800000000000000000e+01
1.300000000000000000e+02,2.837240695953369141e-01,2.532593435171611773e+01,3.000000000000000000e+01
1.310000000000000000e+02,2.851068973541259766e-01,2.532593435171611773e+01,2.800000000000000000e+01
1.320000000000000000e+02,2.952189445495605469e-01,2.532593435171611773e+01,3.100000000000000000e+01
1.330000000000000000e+02,3.078908920288085938e-01,2.532593435171611773e+01,2.900000000000000000e+01
1.340000000000000000e+02,3.105509281158447266e-01,2.532593435171611773e+01,3.200000000000000000e+01
1.350000000000000000e+02,3.244419097900390625e-01,2.532593435171611773e+01,3.000000000000000000e+01
1.360000000000000000e+02,3.306159973144531250e-01,2.532593435171611773e+01,3.300000000000000000e+01
1.370000000000000000e+02,3.392980098724365234e-01,2.532593435171611773e+01,3.100000000000000000e+01
1.380000000000000000e+02,3.475730419158935547e-01,2.502146446468149321e+01,3.400000000000000000e+01
1.390000000000000000e+02,3.487648963928222656e-01,2.502146446468149321e+01,3.000000000000000000e+01
1.400000000000000000e+02,3.552010059356689453e-01,2.502146446468149321e+01,3.500000000000000000e+01
1.410000000000000000e+02,3.610908985137939453e-01,2.502146446468149321e+01,3.100000000000000000e+01
1.420000000000000000e+02,3.652448654174804688e-01,2.502146446468149321e+01,3.600000000000000000e+01
1.430000000000000000e+02,3.707029819488525391e-01,2.502146446468149321e+01,3.200000000000000000e+01
1.440000000000000000e+02,3.718130588531494141e-01,2.502146446468149321e+01,3.600000000000000000e+01
1.450000000000000000e+02,3.760590553283691406e-01,2.502146446468149321e+01,3.300000000000000000e+01
1.460000000000000000e+02,3.786120414733886719e-01,2.502146446468149321e+01,3.700000000000000000e+01
1.470000000000000000e+02,3.822870254516601562e-01,2.502146446468149321e+01,3.400000000000000000e+01
1.480000000000000000e+02,3.869929313659667969e-01,2.502146446468149321e+01,3.800000000000000000e+01
1.490000000000000000e+02,3.890230655670166016e-01,2.502146446468149321e+01,3.500000000000000000e+01
1.500000000000000000e+02,3.917229175567626953e-01,2.502146446468149321e+01,3.900000000000000000e+01
1.510000000000000000e+02,3.946909904479980469e-01,2.502146446468149321e+01,3.600000000000000000e+01
1.520000000000000000e+02,3.968679904937744141e-01,2.502146446468149321e+01,4.000000000000000000e+01
1.530000000000000000e+02,3.977768421173095703e-01,2.502146446468149321e+01,3.600000000000000000e+01
1.540000000000000000e+02,3.988749980926513672e-01,2.502146446468149321e+01,4.000000000000000000e+01
1.550000000000000000e+02,4.003570079803466797e-01,2.502146446468149321e+01,3.600000000000000000e+01
1.560000000000000000e+02,4.015169143676757812e-01,2.502146446468149321e+01,4.000000000000000000e+01
1.570000000000000000e+02,4.030818939208984375e-01,2.502146446468149321e+01,3.600000000000000000e+01
1.580000000000000000e+02,4.043109416961669922e-01,2.502146446468149321e+01,4.000000000000000000e+01
1.590000000000000000e+02,4.056580066680908203e-01,2.502146446468149321e+01,3.600000000000000000e+01
1.600000000000000000e+02,4.067618846893310547e-01,2.502146446468149321e+01,4.000000000000000000e+01
1.610000000000000000e+02,4.078688621520996094e-01,2.502146446468149321e+01,3.600000000000000000e+01
1.620000000000000000e+02,4.090139865875244141e-01,2.502146446468149321e+01,4.000000000000000000e+01
1.630000000000000000e+02,4.103620052337646484e-01,2.502146446468149321e+01,3.600000000000000000e+01
1.640000000000000000e+02,4.117870330810546875e-01,2.502146446468149321e+01,4.000000000000000000e+01
1.650000000000000000e+02,4.129428863525390625e-01,2.502146446468149321e+01,3.600000000000000000e+01
1.660000000000000000e+02,4.145050048828125000e-01,2.502146446468149321e+01,4.000000000000000000e+01
1.670000000000000000e+02,4.156570434570312500e-01,2.502146446468149321e+01,3.600000000000000000e+01
1.680000000000000000e+02,4.173979759216308594e-01,2.502146446468149321e+01,4.000000000000000000e+01
1.690000000000000000e+02,4.188868999481201172e-01,2.502146446468149321e+01,3.600000000000000000e+01
1.700000000000000000e+02,4.206678867340087891e-01,2.502146446468149321e+01,4.000000000000000000e+01
1.710000000000000000e+02,4.220068454742431641e-01,2.502146446468149321e+01,3.600000000000000000e+01
1.720000000000000000e+02,4.236049652099609375e-01,2.502146446468149321e+01,4.000000000000000000e+01
1.730000000000000000e+02,4.250769615173339844e-01,2.502146446468149321e+01,3.600000000000000000e+01
1.740000000000000000e+02,4.269108772277832031e-01,2.502146446468149321e+01,4.000000000000000000e+01
1.750000000000000000e+02,4.283800125122070312e-01,2.502146446468149321e+01,3.600000000000000000e+01
1.760000000000000000e+02,4.403889179229736328e-01,2.502146446468149321e+01,4.100000000000000000e+01
1.770000000000000000e+02,4.555490016937255859e-01,2.502146446468149321e+01,3.700000000000000000e+01
1.780000000000000000e+02,4.647638797760009766e-01,2.502146446468149321e+01,4.200000000000000000e+01
1.790000000000000000e+02,4.789268970489501953e-01,2.502146446468149321e+01,3.800000000000000000e+01
1.800000000000000000e+02,4.856359958648681641e-01,2.502146446468149321e+01,4.300000000000000000e+01
1.810000000000000000e+02,4.984300136566162109e-01,2.502146446468149321e+01,3.900000000000000000e+01
1.820000000000000000e+02,5.077888965606689453e-01,2.502146446468149321e+01,4.400000000000000000e+01
1.830000000000000000e+02,5.178530216217041016e-01,2.502146446468149321e+01,4.000000000000000000e+01
1.840000000000000000e+02,5.267279148101806641e-01,2.502146446468149321e+01,4.500000000000000000e+01
1.850000000000000000e+02,5.345799922943115234e-01,2.502146446468149321e+01,4.100000000000000000e+01
1.860000000000000000e+02,5.398440361022949219e-01,2.502146446468149321e+01,4.600000000000000000e+01
1.870000000000000000e+02,5.425820350646972656e-01,2.502146446468149321e+01,4.200000000000000000e+01
1.880000000000000000e+02,5.438330173492431641e-01,2.502146446468149321e+01,4.600000000000000000e+01
1.890000000000000000e+02,5.453629493713378906e-01,2.502146446468149321e+01,4.200000000000000000e+01
1.900000000000000000e+02,5.503389835357666016e-01,2.502146446468149321e+01,4.700000000000000000e+01
1.910000000000000000e+02,5.548980236053466797e-01,2.502146446468149321e+01,4.300000000000000000e+01
1.920000000000000000e+02,5.600080490112304688e-01,2.502146446468149321e+01,4.800000000000000000e+01
1.930000000000000000e+02,5.641758441925048828e-01,2.502146446468149321e+01,4.400000000000000000e+01
1.940000000000000000e+02,5.665299892425537109e-01,2.502146446468149321e+01,4.900000000000000000e+01
1.950000000000000000e+02,5.674040317535400391e-01,2.502146446468149321e+01,4.400000000000000000e+01
1.960000000000000000e+02,5.697429180145263672e-01,2.502146446468149321e+01,5.000000000000000000e+01
1.970000000000000000e+02,5.708098411560058594e-01,2.502146446468149321e+01,4.400000000000000000e+01
1.980000000000000000e+02,5.721008777618408203e-01,2.502146446468149321e+01,5.000000000000000000e+01
1.990000000000000000e+02,5.734789371490478516e-01,2.502146446468149321e+01,4.400000000000000000e+01
2.000000000000000000e+02,5.747098922729492188e-01,2.502146446468149321e+01,5.000000000000000000e+01
2.010000000000000000e+02,5.760469436645507812e-01,2.502146446468149321e+01,4.400000000000000000e+01
2.020000000000000000e+02,5.774960517883300781e-01,2.502146446468149321e+01,5.000000000000000000e+01
2.030000000000000000e+02,5.792829990386962891e-01,2.502146446468149321e+01,4.400000000000000000e+01
2.040000000000000000e+02,5.805199146270751953e-01,2.502146446468149321e+01,5.000000000000000000e+01
2.050000000000000000e+02,5.817458629608154297e-01,2.502146446468149321e+01,4.400000000000000000e+01
2.060000000000000000e+02,5.841660499572753906e-01,2.500780565962699598e+01,5.100000000000000000e+01
2.070000000000000000e+02,5.854380130767822266e-01,2.500780565962699598e+01,4.400000000000000000e+01
2.080000000000000000e+02,5.871648788452148438e-01,2.500780565962699598e+01,5.100000000000000000e+01
2.090000000000000000e+02,5.884070396423339844e-01,2.500780565962699598e+01,4.400000000000000000e+01
2.100000000000000000e+02,5.896830558776855469e-01,2.500780565962699598e+01,5.100000000000000000e+01
2.110000000000000000e+02,5.913829803466796875e-01,2.500780565962699598e+01,4.400000000000000000e+01
2.120000000000000000e+02,5.927798748016357422e-01,2.500780565962699598e+01,5.100000000000000000e+01
2.130000000000000000e+02,5.943880081176757812e-01,2.500780565962699598e+01,4.400000000000000000e+01
2.140000000000000000e+02,5.959239006042480469e-01,2.500780565962699598e+01,5.100000000000000000e+01
2.150000000000000000e+02,5.976879596710205078e-01,2.500780565962699598e+01,4.400000000000000000e+01
2.160000000000000000e+02,5.989880561828613281e-01,2.500780565962699598e+01,5.100000000000000000e+01
2.170000000000000000e+02,6.004290580749511719e-01,2.500780565962699598e+01,4.400000000000000000e+01
2.180000000000000000e+02,6.024320125579833984e-01,2.500780565962699598e+01,5.100000000000000000e+01
2.190000000000000000e+02,6.037089824676513672e-01,2.500780565962699598e+01,4.400000000000000000e+01
2.200000000000000000e+02,6.195740699768066406e-01,2.500780565962699598e+01,5.200000000000000000e+01
2.210000000000000000e+02,6.351950168609619141e-01,2.500780565962699598e+01,4.500000000000000000e+01
2.220000000000000000e+02,6.443889141082763672e-01,2.500780565962699598e+01,5.300000000000000000e+01
2.230000000000000000e+02,6.627938747406005859e-01,2.500780565962699598e+01,4.600000000000000000e+01
2.240000000000000000e+02,6.689739227294921875e-01,2.500780565962699598e+01,5.400000000000000000e+01
2.250000000000000000e+02,6.833229064941406250e-01,2.500780565962699598e+01,4.700000000000000000e+01
2.260000000000000000e+02,6.890368461608886719e-01,2.500780565962699598e+01,5.500000000000000000e+01
2.270000000000000000e+02,7.002558708190917969e-01,2.500780565962699598e+01,4.800000000000000000e+01
2.280000000000000000e+02,7.099058628082275391e-01,2.500780565962699598e+01,5.600000000000000000e+01
2.290000000000000000e+02,7.164728641510009766e-01,2.500780565962699598e+01,4.900000000000000000e+01
2.300000000000000000e+02,7.179648876190185547e-01,2.500780565962699598e+01,5.600000000000000000e+01
2.310000000000000000e+02,7.252418994903564453e-01,2.500780565962699598e+01,5.000000000000000000e+01
2.320000000000000000e+02,7.347228527069091797e-01,2.500780565962699598e+01,5.700000000000000000e+01
2.330000000000000000e+02,7.403829097747802734e-01,2.500780565962699598e+01,5.100000000000000000e+01
2.340000000000000000e+02,7.470710277557373047e-01,2.500780565962699598e+01,5.800000000000000000e+01
2.350000000000000000e+02,7.501130104064941406e-01,2.500780565962699598e+01,5.200000000000000000e+01
2.360000000000000000e+02,7.555890083312988281e-01,2.500780565962699598e+01,5.900000000000000000e+01
2.370000000000000000e+02,7.595798969268798828e-01,2.500780565962699598e+01,5.300000000000000000e+01
2.380000000000000000e+02,7.653348445892333984e-01,2.500780565962699598e+01,6.000000000000000000e+01
2.390000000000000000e+02,7.662398815155029297e-01,2.500780565962699598e+01,5.300000000000000000e+01
2.400000000000000000e+02,7.670218944549560547e-01,2.500780565962699598e+01,6.000000000000000000e+01
2.410000000000000000e+02,7.695529460906982422e-01,2.500780565962699598e+01,5.400000000000000000e+01
2.420000000000000000e+02,8.026900291442871094e-01,2.500780565962699598e+01,6.000000000000000000e+01
2.430000000000000000e+02,8.043479919433593750e-01,2.500780565962699598e+01,5.400000000000000000e+01
2.440000000000000000e+02,8.058269023895263672e-01,2.500780565962699598e+01,6.000000000000000000e+01
2.450000000000000000e+02,8.072340488433837891e-01,2.500780565962699598e+01,5.400000000000000000e+01
2.460000000000000000e+02,8.086009025573730469e-01,2.500780565962699598e+01,6.000000000000000000e+01
2.470000000000000000e+02,8.099830150604248047e-01,2.500780565962699598e+01,5.400000000000000000e+01
2.480000000000000000e+02,8.113200664520263672e-01,2.500780565962699598e+01,6.000000000000000000e+01
2.490000000000000000e+02,8.129220008850097656e-01,2.500780565962699598e+01,5.400000000000000000e+01
2.500000000000000000e+02,8.143098354339599609e-01,2.500780565962699598e+01,6.000000000000000000e+01
2.510000000000000000e+02,8.156919479370117188e-01,2.500780565962699598e+01,5.400000000000000000e+01
2.520000000000000000e+02,8.169980049133300781e-01,2.500780565962699598e+01,6.000000000000000000e+01
2.530000000000000000e+02,8.186988830566406250e-01,2.500780565962699598e+01,5.400000000000000000e+01
2.540000000000000000e+02,8.200829029083251953e-01,2.500780565962699598e+01,6.000000000000000000e+01
2.550000000000000000e+02,8.215789794921875000e-01,2.500780565962699598e+01,5.400000000000000000e+01
2.560000000000000000e+02,8.229429721832275391e-01,2.500780565962699598e+01,6.000000000000000000e+01
2.570000000000000000e+02,8.242669105529785156e-01,2.500780565962699598e+01,5.400000000000000000e+01
2.580000000000000000e+02,8.256239891052246094e-01,2.500780565962699598e+01,6.000000000000000000e+01
2.590000000000000000e+02,8.274438381195068359e-01,2.500780565962699598e+01,5.400000000000000000e+01
2.600000000000000000e+02,8.291189670562744141e-01,2.500780565962699598e+01,6.000000000000000000e+01
2.610000000000000000e+02,8.308849334716796875e-01,2.500780565962699598e+01,5.400000000000000000e+01
2.620000000000000000e+02,8.326170444488525391e-01,2.500780565962699598e+01,6.000000000000000000e+01
2.630000000000000000e+02,8.344149589538574219e-01,2.500780565962699598e+01,5.400000000000000000e+01
2.640000000000000000e+02,8.519399166107177734e-01,2.500780565962699598e+01,6.100000000000000000e+01
2.650000000000000000e+02,8.728229999542236328e-01,2.500780565962699598e+01,5.500000000000000000e+01
2.660000000000000000e+02,8.855810165405273438e-01,2.500780565962699598e+01,6.200000000000000000e+01
2.670000000000000000e+02,9.056499004364013672e-01,2.500780565962699598e+01,5.600000000000000000e+01
2.680000000000000000e+02,9.148828983306884766e-01,2.500780565962699598e+01,6.300000000000000000e+01
2.690000000000000000e+02,9.285089969635009766e-01,2.500780565962699598e+01,5.700000000000000000e+01
2.700000000000000000e+02,9.452250003814697266e-01,2.500780565962699598e+01,6.400000000000000000e+01
2.710000000000000000e+02,9.523520469665527344e-01,2.500780565962699598e+01,5.800000000000000000e+01
2.720000000000000000e+02,9.655299186706542969e-01,2.484157135826976059e+01,6.500000000000000000e+01
2.730000000000000000e+02,9.686899185180664062e-01,2.484157135826976059e+01,5.700000000000000000e+01
2.740000000000000000e+02,9.775729179382324219e-01,2.484157135826976059e+01,6.600000000000000000e+01
2.750000000000000000e+02,9.848949909210205078e-01,2.484157135826976059e+01,5.800000000000000000e+01
2.760000000000000000e+02,9.952960014343261719e-01,2.469882661379107702e+01,6.700000000000000000e+01
2.770000000000000000e+02,9.998848438262939453e-01,2.469882661379107702e+01,5.700000000000000000e+01
2.780000000000000000e+02,1.005635976791381836e+00,2.469882661379107702e+01,6.700000000000000000e+01
2.790000000000000000e+02,1.013622045516967773e+00,2.469882661379107702e+01,5.800000000000000000e+01
2.800000000000000000e+02,1.019198894500732422e+00,2.469882661379107702e+01,6.800000000000000000e+01
2.810000000000000000e+02,1.024976968765258789e+00,2.469882661379107702e+01,5.900000000000000000e+01
2.820000000000000000e+02,1.032000064849853516e+00,2.469882661379107702e+01,6.900000000000000000e+01
2.830000000000000000e+02,1.035673856735229492e+00,2.469882661379107702e+01,6.000000000000000000e+01
2.840000000000000000e+02,1.038535833358764648e+00,2.469882661379107702e+01,7.000000000000000000e+01
2.850000000000000000e+02,1.039447069168090820e+00,2.469882661379107702e+01,6.000000000000000000e+01
2.860000000000000000e+02,1.042382001876831055e+00,2.469882661379107702e+01,7.100000000000000000e+01
2.870000000000000000e+02,1.043860912322998047e+00,2.469882661379107702e+01,6.000000000000000000e+01
2.880000000000000000e+02,1.045352935791015625e+00,2.469882661379107702e+01,7.100000000000000000e+01
2.890000000000000000e+02,1.046958923339843750e+00,2.469882661379107702e+01,6.000000000000000000e+01
2.900000000000000000e+02,1.048542976379394531e+00,2.469882661379107702e+01,7.100000000000000000e+01
2.910000000000000000e+02,1.049975872039794922e+00,2.469882661379107702e+01,6.000000000000000000e+01
2.920000000000000000e+02,1.051393032073974609e+00,2.469882661379107702e+01,7.100000000000000000e+01
2.930000000000000000e+02,1.053191900253295898e+00,2.469882661379107702e+01,6.000000000000000000e+01
2.940000000000000000e+02,1.055058002471923828e+00,2.469882661379107702e+01,7.100000000000000000e+01
2.950000000000000000e+02,1.056710004806518555e+00,2.469882661379107702e+01,6.000000000000000000e+01
2.960000000000000000e+02,1.058497905731201172e+00,2.469882661379107702e+01,7.100000000000000000e+01
2.970000000000000000e+02,1.060498952865600586e+00,2.469882661379107702e+01,6.000000000000000000e+01
2.980000000000000000e+02,1.061976909637451172e+00,2.469882661379107702e+01,7.100000000000000000e+01
2.990000000000000000e+02,1.063472986221313477e+00,2.469882661379107702e+01,6.000000000000000000e+01
3.000000000000000000e+02,1.064934015274047852e+00,2.469882661379107702e+01,7.100000000000000000e+01
3.010000000000000000e+02,1.066400051116943359e+00,2.469882661379107702e+01,6.000000000000000000e+01
3.020000000000000000e+02,1.067923069000244141e+00,2.469882661379107702e+01,7.100000000000000000e+01
3.030000000000000000e+02,1.069355964660644531e+00,2.469882661379107702e+01,6.000000000000000000e+01
3.040000000000000000e+02,1.070984840393066406e+00,2.469882661379107702e+01,7.100000000000000000e+01
3.050000000000000000e+02,1.072617053985595703e+00,2.469882661379107702e+01,6.000000000000000000e+01
3.060000000000000000e+02,1.074239015579223633e+00,2.469882661379107702e+01,7.100000000000000000e+01
3.070000000000000000e+02,1.075850963592529297e+00,2.469882661379107702e+01,6.000000000000000000e+01
3.080000000000000000e+02,1.098084926605224609e+00,2.469882661379107702e+01,7.200000000000000000e+01
3.090000000000000000e+02,1.117987871170043945e+00,2.469882661379107702e+01,6.100000000000000000e+01
3.100000000000000000e+02,1.137493848800659180e+00,2.469882661379107702e+01,7.300000000000000000e+01
3.110000000000000000e+02,1.157917976379394531e+00,2.469882661379107702e+01,6.200000000000000000e+01
3.120000000000000000e+02,1.173027038574218750e+00,2.469882661379107702e+01,7.400000000000000000e+01
3.130000000000000000e+02,1.188550949096679688e+00,2.469882661379107702e+01,6.300000000000000000e+01
3.140000000000000000e+02,1.203335046768188477e+00,2.469882661379107702e+01,7.500000000000000000e+01
3.150000000000000000e+02,1.211818933486938477e+00,2.469882661379107702e+01,6.400000000000000000e+01
3.160000000000000000e+02,1.232548952102661133e+00,2.469882661379107702e+01,7.600000000000000000e+01
3.170000000000000000e+02,1.236413002014160156e+00,2.469882661379107702e+01,6.500000000000000000e+01
3.180000000000000000e+02,1.243733882904052734e+00,2.469882661379107702e+01,7.700000000000000000e+01
3.190000000000000000e+02,1.254224061965942383e+00,2.469882661379107702e+01,6.600000000000000000e+01
3.200000000000000000e+02,1.265491008758544922e+00,2.469882661379107702e+01,7.800000000000000000e+01
3.210000000000000000e+02,1.267289876937866211e+00,2.469882661379107702e+01,6.600000000000000000e+01
3.220000000000000000e+02,1.281013011932373047e+00,2.469882661379107702e+01,7.900000000000000000e+01
3.230000000000000000e+02,1.288128852844238281e+00,2.469882661379107702e+01,6.700000000000000000e+01
3.240000000000000000e+02,1.296576976776123047e+00,2.469882661379107702e+01,8.000000000000000000e+01
3.250000000000000000e+02,1.301074981689453125e+00,2.469882661379107702e+01,6.800000000000000000e+01
3.260000000000000000e+02,1.302927017211914062e+00,2.469882661379107702e+01,8.000000000000000000e+01
3.270000000000000000e+02,1.303861856460571289e+00,2.469882661379107702e+01,6.800000000000000000e+01
3.280000000000000000e+02,1.305358886718750000e+00,2.469882661379107702e+01,8.000000000000000000e+01
3.290000000000000000e+02,1.307066917419433594e+00,2.469882661379107702e+01,6.800000000000000000e+01
3.300000000000000000e+02,1.308531999588012695e+00,2.469882661379107702e+01,8.000000000000000000e+01
3.310000000000000000e+02,1.310044050216674805e+00,2.469882661379107702e+01,6.800000000000000000e+01
3.320000000000000000e+02,1.311722040176391602e+00,2.469882661379107702e+01,8.000000000000000000e+01
3.330000000000000000e+02,1.313202857971191406e+00,2.469882661379107702e+01,6.800000000000000000e+01
3.340000000000000000e+02,1.314667940139770508e+00,2.469882661379107702e+01,8.000000000000000000e+01
3.350000000000000000e+02,1.316248893737792969e+00,2.469882661379107702e+01,6.800000000000000000e+01
3.360000000000000000e+02,1.317791938781738281e+00,2.469882661379107702e+01,8.000000000000000000e+01
3.370000000000000000e+02,1.319283008575439453e+00,2.469882661379107702e+01,6.800000000000000000e+01
3.380000000000000000e+02,1.320878982543945312e+00,2.469882661379107702e+01,8.000000000000000000e+01
3.390000000000000000e+02,1.322394847869873047e+00,2.469882661379107702e+01,6.800000000000000000e+01
3.400000000000000000e+02,1.323953866958618164e+00,2.469882661379107702e+01,8.000000000000000000e+01
3.410000000000000000e+02,1.325969934463500977e+00,2.469882661379107702e+01,6.800000000000000000e+01
3.420000000000000000e+02,1.327602863311767578e+00,2.469882661379107702e+01,8.000000000000000000e+01
3.430000000000000000e+02,1.329355955123901367e+00,2.469882661379107702e+01,6.800000000000000000e+01
3.440000000000000000e+02,1.330893039703369141e+00,2.469882661379107702e+01,8.000000000000000000e+01
3.450000000000000000e+02,1.332344055175781250e+00,2.469882661379107702e+01,6.800000000000000000e+01
3.460000000000000000e+02,1.333961963653564453e+00,2.469882661379107702e+01,8.000000000000000000e+01
3.470000000000000000e+02,1.335427045822143555e+00,2.469882661379107702e+01,6.800000000000000000e+01
3.480000000000000000e+02,1.336982965469360352e+00,2.469882661379107702e+01,8.000000000000000000e+01
3.490000000000000000e+02,1.338721036911010742e+00,2.469882661379107702e+01,6.800000000000000000e+01
3.500000000000000000e+02,1.340653896331787109e+00,2.469882661379107702e+01,8.000000000000000000e+01
3.510000000000000000e+02,1.342386960983276367e+00,2.469882661379107702e+01,6.800000000000000000e+01
3.520000000000000000e+02,1.365386962890625000e+00,2.469882661379107702e+01,8.100000000000000000e+01
3.530000000000000000e+02,1.387413024902343750e+00,2.469882661379107702e+01,6.900000000000000000e+01
3.540000000000000000e+02,1.406661987304687500e+00,2.469882661379107702e+01,8.200000000000000000e+01
3.550000000000000000e+02,1.423333883285522461e+00,2.469882661379107702e+01,7.000000000000000000e+01
3.560000000000000000e+02,1.440024852752685547e+00,2.469882661379107702e+01,8.300000000000000000e+01
3.570000000000000000e+02,1.457412004470825195e+00,2.469882661379107702e+01,7.100000000000000000e+01
3.580000000000000000e+02,1.476191997528076172e+00,2.469882661379107702e+01,8.400000000000000000e+01
3.590000000000000000e+02,1.491539001464843750e+00,2.469882661379107702e+01,7.200000000000000000e+01
3.600000000000000000e+02,1.503519058227539062e+00,2.469882661379107702e+01,8.500000000000000000e+01
3.610000000000000000e+02,1.516454935073852539e+00,2.469882661379107702e+01,7.300000000000000000e+01
3.620000000000000000e+02,1.530335903167724609e+00,2.469882661379107702e+01,8.600000000000000000e+01
3.630000000000000000e+02,1.532444953918457031e+00,2.469882661379107702e+01,7.300000000000000000e+01
3.640000000000000000e+02,1.549476861953735352e+00,2.457223939943501989e+01,8.700000000000000000e+01
3.650000000000000000e+02,1.558717012405395508e+00,2.457223939943501989e+01,7.400000000000000000e+01
3.660000000000000000e+02,1.567954063415527344e+00,2.457223939943501989e+01,8.800000000000000000e+01
3.670000000000000000e+02,1.569746971130371094e+00,2.457223939943501989e+01,7.400000000000000000e+01
3.680000000000000000e+02,1.578080892562866211e+00,2.457223939943501989e+01,8.900000000000000000e+01
3.690000000000000000e+02,1.584254026412963867e+00,2.457223939943501989e+01,7.500000000000000000e+01
3.700000000000000000e+02,1.590416908264160156e+00,2.457223939943501989e+01,9.000000000000000000e+01
3.710000000000000000e+02,1.591407060623168945e+00,2.457223939943501989e+01,7.500000000000000000e+01
3.720000000000000000e+02,1.594503879547119141e+00,2.457223939943501989e+01,9.100000000000000000e+01
3.730000000000000000e+02,1.595540046691894531e+00,2.457223939943501989e+01,7.500000000000000000e+01
3.740000000000000000e+02,1.597189903259277344e+00,2.457223939943501989e+01,9.100000000000000000e+01
3.750000000000000000e+02,1.598958015441894531e+00,2.457223939943501989e+01,7.500000000000000000e+01
3.760000000000000000e+02,1.600749015808105469e+00,2.457223939943501989e+01,9.100000000000000000e+01
3.770000000000000000e+02,1.602452993392944336e+00,2.457223939943501989e+01,7.500000000000000000e+01
3.780000000000000000e+02,1.604142904281616211e+00,2.457223939943501989e+01,9.100000000000000000e+01
3.790000000000000000e+02,1.605751991271972656e+00,2.457223939943501989e+01,7.500000000000000000e+01
3.800000000000000000e+02,1.607405900955200195e+00,2.457223939943501989e+01,9.100000000000000000e+01
3.810000000000000000e+02,1.609369993209838867e+00,2.457223939943501989e+01,7.500000000000000000e+01
3.820000000000000000e+02,1.611028909683227539e+00,2.457223939943501989e+01,9.100000000000000000e+01
3.830000000000000000e+02,1.612611055374145508e+00,2.457223939943501989e+01,7.500000000000000000e+01
3.840000000000000000e+02,1.614340066909790039e+00,2.457223939943501989e+01,9.100000000000000000e+01
3.850000000000000000e+02,1.616696834564208984e+00,2.457223939943501989e+01,7.500000000000000000e+01
3.860000000000000000e+02,1.618635892868041992e+00,2.457223939943501989e+01,9.100000000000000000e+01
3.870000000000000000e+02,1.620167016983032227e+00,2.457223939943501989e+01,7.500000000000000000e+01
3.880000000000000000e+02,1.621840953826904297e+00,2.457223939943501989e+01,9.100000000000000000e+01
3.890000000000000000e+02,1.623857975006103516e+00,2.457223939943501989e+01,7.500000000000000000e+01
3.900000000000000000e+02,1.625596046447753906e+00,2.457223939943501989e+01,9.100000000000000000e+01
3.910000000000000000e+02,1.627797842025756836e+00,2.457223939943501989e+01,7.500000000000000000e+01
3.920000000000000000e+02,1.629663944244384766e+00,2.457223939943501989e+01,9.100000000000000000e+01
3.930000000000000000e+02,1.631264925003051758e+00,2.457223939943501989e+01,7.500000000000000000e+01
3.940000000000000000e+02,1.633121013641357422e+00,2.457223939943501989e+01,9.100000000000000000e+01
3.950000000000000000e+02,1.635077953338623047e+00,2.457223939943501989e+01,7.500000000000000000e+01
3.960000000000000000e+02,1.653878927230834961e+00,2.457223939943501989e+01,9.200000000000000000e+01
3.970000000000000000e+02,1.684556961059570312e+00,2.457223939943501989e+01,7.600000000000000000e+01
3.980000000000000000e+02,1.696428060531616211e+00,2.457223939943501989e+01,9.300000000000000000e+01
3.990000000000000000e+02,1.720065832138061523e+00,2.457223939943501989e+01,7.700000000000000000e+01
4.000000000000000000e+02,1.743860006332397461e+00,2.457223939943501989e+01,9.400000000000000000e+01
4.010000000000000000e+02,1.768363952636718750e+00,2.457223939943501989e+01,7.800000000000000000e+01
4.020000000000000000e+02,1.793109893798828125e+00,2.457223939943501989e+01,9.500000000000000000e+01
4.030000000000000000e+02,1.809263944625854492e+00,2.457223939943501989e+01,7.900000000000000000e+01
4.040000000000000000e+02,1.823235988616943359e+00,2.457223939943501989e+01,9.600000000000000000e+01
4.050000000000000000e+02,1.835943937301635742e+00,2.457223939943501989e+01,8.000000000000000000e+01
4.060000000000000000e+02,1.852510929107666016e+00,2.457223939943501989e+01,9.700000000000000000e+01
4.070000000000000000e+02,1.863944053649902344e+00,2.457223939943501989e+01,8.100000000000000000e+01
4.080000000000000000e+02,1.872164011001586914e+00,2.457223939943501989e+01,9.800000000000000000e+01
4.090000000000000000e+02,1.879902839660644531e+00,2.457223939943501989e+01,8.200000000000000000e+01
4.100000000000000000e+02,1.892355918884277344e+00,2.457223939943501989e+01,9.900000000000000000e+01
4.110000000000000000e+02,1.899242877960205078e+00,2.457223939943501989e+01,8.300000000000000000e+01
4.120000000000000000e+02,1.905041933059692383e+00,2.457223939943501989e+01,1.000000000000000000e+02
4.130000000000000000e+02,1.908118963241577148e+00,2.457223939943501989e+01,8.400000000000000000e+01
4.140000000000000000e+02,1.914007902145385742e+00,2.457223939943501989e+01,1.010000000000000000e+02
4.150000000000000000e+02,1.915765047073364258e+00,2.457223939943501989e+01,8.400000000000000000e+01
4.160000000000000000e+02,1.919816017150878906e+00,2.457223939943501989e+01,1.020000000000000000e+02
4.170000000000000000e+02,1.920974969863891602e+00,2.457223939943501989e+01,8.400000000000000000e+01
4.180000000000000000e+02,1.922883987426757812e+00,2.457223939943501989e+01,1.020000000000000000e+02
4.190000000000000000e+02,1.924617052078247070e+00,2.457223939943501989e+01,8.400000000000000000e+01
4.200000000000000000e+02,1.926434993743896484e+00,2.457223939943501989e+01,1.020000000000000000e+02
4.210000000000000000e+02,1.928122043609619141e+00,2.457223939943501989e+01,8.400000000000000000e+01
4.220000000000000000e+02,1.930268049240112305e+00,2.457223939943501989e+01,1.020000000000000000e+02
4.230000000000000000e+02,1.932167053222656250e+00,2.457223939943501989e+01,8.400000000000000000e+01
4.240000000000000000e+02,1.933961868286132812e+00,2.457223939943501989e+01,1.020000000000000000e+02
4.250000000000000000e+02,1.935714006423950195e+00,2.457223939943501989e+01,8.400000000000000000e+01
4.260000000000000000e+02,1.937885999679565430e+00,2.457223939943501989e+01,1.020000000000000000e+02
4.270000000000000000e+02,1.939748048782348633e+00,2.457223939943501989e+01,8.400000000000000000e+01
4.280000000000000000e+02,1.941544055938720703e+00,2.457223939943501989e+01,1.020000000000000000e+02
4.290000000000000000e+02,1.943621873855590820e+00,2.457223939943501989e+01,8.400000000000000000e+01
4.300000000000000000e+02,1.945373058319091797e+00,2.457223939943501989e+01,1.020000000000000000e+02
4.310000000000000000e+02,1.947387933731079102e+00,2.457223939943501989e+01,8.400000000000000000e+01
4.320000000000000000e+02,1.949388980865478516e+00,2.457223939943501989e+01,1.020000000000000000e+02
4.330000000000000000e+02,1.951557874679565430e+00,2.457223939943501989e+01,8.400000000000000000e+01
4.340000000000000000e+02,1.953398942947387695e+00,2.457223939943501989e+01,1.020000000000000000e+02
4.350000000000000000e+02,1.955129861831665039e+00,2.457223939943501989e+01,8.400000000000000000e+01
4.360000000000000000e+02,1.957252979278564453e+00,2.457223939943501989e+01,1.020000000000000000e+02
4.370000000000000000e+02,1.959712982177734375e+00,2.457223939943501989e+01,8.400000000000000000e+01
4.380000000000000000e+02,1.962152957916259766e+00,2.457223939943501989e+01,1.020000000000000000e+02
4.390000000000000000e+02,1.963917016983032227e+00,2.457223939943501989e+01,8.400000000000000000e+01
4.400000000000000000e+02,1.992040872573852539e+00,2.457223939943501989e+01,1.030000000000000000e+02
4.410000000000000000e+02,2.021168947219848633e+00,2.457223939943501989e+01,8.500000000000000000e+01
4.420000000000000000e+02,2.045573949813842773e+00,2.457223939943501989e+01,1.040000000000000000e+02
4.430000000000000000e+02,2.071868896484375000e+00,2.457223939943501989e+01,8.600000000000000000e+01
4.440000000000000000e+02,2.090590953826904297e+00,2.457223939943501989e+01,1.050000000000000000e+02
4.450000000000000000e+02,2.107516050338745117e+00,2.457223939943501989e+01,8.700000000000000000e+01
4.460000000000000000e+02,2.128648042678833008e+00,2.457223939943501989e+01,1.060000000000000000e+02
4.470000000000000000e+02,2.150950908660888672e+00,2.457223939943501989e+01,8.800000000000000000e+01
4.480000000000000000e+02,2.173146963119506836e+00,2.457223939943501989e+01,1.070000000000000000e+02
4.490000000000000000e+02,2.188263893127441406e+00,2.457223939943501989e+01,8.900000000000000000e+01
4.500000000000000000e+02,2.204505920410156250e+00,2.450654544966966597e+01,1.080000000000000000e+02
4.510000000000000000e+02,2.215436935424804688e+00,2.450654544966966597e+01,9.000000000000000000e+01
4.520000000000000000e+02,2.230989933013916016e+00,2.450654544966966597e+01,1.090000000000000000e+02
4.530000000000000000e+02,2.240458965301513672e+00,2.450654544966966597e+01,9.100000000000000000e+01
4.540000000000000000e+02,2.253928899765014648e+00,2.450654544966966597e+01,1.100000000000000000e+02
4.550000000000000000e+02,2.260679006576538086e+00,2.450654544966966597e+01,9.200000000000000000e+01
4.560000000000000000e+02,2.263412952423095703e+00,2.450654544966966597e+01,1.100000000000000000e+02
4.570000000000000000e+02,2.264402866363525391e+00,2.450654544966966597e+01,9.200000000000000000e+01
4.580000000000000000e+02,2.268682956695556641e+00,2.450654544966966597e+01,1.110000000000000000e+02
4.590000000000000000e+02,2.272039890289306641e+00,2.450654544966966597e+01,9.300000000000000000e+01
4.600000000000000000e+02,2.275931835174560547e+00,2.450654544966966597e+01,1.120000000000000000e+02
4.610000000000000000e+02,2.277045965194702148e+00,2.450654544966966597e+01,9.300000000000000000e+01
4.620000000000000000e+02,2.278939008712768555e+00,2.450654544966966597e+01,1.120000000000000000e+02
4.630000000000000000e+02,2.281054019927978516e+00,2.450654544966966597e+01,9.300000000000000000e+01
4.640000000000000000e+02,2.282917022705078125e+00,2.450654544966966597e+01,1.120000000000000000e+02
4.650000000000000000e+02,2.285101890563964844e+00,2.450654544966966597e+01,9.300000000000000000e+01
4.660000000000000000e+02,2.287433862686157227e+00,2.450654544966966597e+01,1.120000000000000000e+02
4.670000000000000000e+02,2.289556026458740234e+00,2.450654544966966597e+01,9.300000000000000000e+01
4.680000000000000000e+02,2.291692018508911133e+00,2.450654544966966597e+01,1.120000000000000000e+02
4.690000000000000000e+02,2.293678045272827148e+00,2.450654544966966597e+01,9.300000000000000000e+01
4.700000000000000000e+02,2.295737028121948242e+00,2.450654544966966597e+01,1.120000000000000000e+02
4.710000000000000000e+02,2.298372983932495117e+00,2.450654544966966597e+01,9.300000000000000000e+01
4.720000000000000000e+02,2.300472021102905273e+00,2.450654544966966597e+01,1.120000000000000000e+02
4.730000000000000000e+02,2.302300930023193359e+00,2.450654544966966597e+01,9.300000000000000000e+01
4.740000000000000000e+02,2.304272890090942383e+00,2.450654544966966597e+01,1.120000000000000000e+02
4.750000000000000000e+02,2.306148052215576172e+00,2.450654544966966597e+01,9.300000000000000000e+01
4.760000000000000000e+02,2.308382987976074219e+00,2.450654544966966597e+01,1.120000000000000000e+02
4.770000000000000000e+02,2.310231924057006836e+00,2.450654544966966597e+01,9.300000000000000000e+01
4.780000000000000000e+02,2.312340974807739258e+00,2.450654544966966597e+01,1.120000000000000000e+02
4.790000000000000000e+02,2.315363883972167969e+00,2.450654544966966597e+01,9.300000000000000000e+01
4.800000000000000000e+02,2.317816972732543945e+00,2.450654544966966597e+01,1.120000000000000000e+02
4.810000000000000000e+02,2.319803953170776367e+00,2.450654544966966597e+01,9.300000000000000000e+01
4.820000000000000000e+02,2.322209835052490234e+00,2.450654544966966597e+01,1.120000000000000000e+02
4.830000000000000000e+02,2.323968887329101562e+00,2.450654544966966597e+01,9.300000000000000000e+01
4.840000000000000000e+02,2.354825019836425781e+00,2.450654544966966597e+01,1.130000000000000000e+02
4.850000000000000000e+02,2.384542942047119141e+00,2.450654544966966597e+01,9.400000000000000000e+01
4.860000000000000000e+02,2.412577867507934570e+00,2.450654544966966597e+01,1.140000000000000000e+02
4.870000000000000000e+02,2.443439960479736328e+00,2.450654544966966597e+01,9.500000000000000000e+01
4.880000000000000000e+02,2.467372894287109375e+00,2.450654544966966597e+01,1.150000000000000000e+02
4.890000000000000000e+02,2.488405942916870117e+00,2.450654544966966597e+01,9.600000000000000000e+01
4.900000000000000000e+02,2.512882947921752930e+00,2.450654544966966597e+01,1.160000000000000000e+02
4.910000000000000000e+02,2.533362865447998047e+00,2.450654544966966597e+01,9.700000000000000000e+01
4.920000000000000000e+02,2.552459955215454102e+00,2.450654544966966597e+01,1.170000000000000000e+02
4.930000000000000000e+02,2.558632850646972656e+00,2.450654544966966597e+01,9.800000000000000000e+01
4.940000000000000000e+02,2.576303958892822266e+00,2.450654544966966597e+01,1.180000000000000000e+02
4.950000000000000000e+02,2.585568904876708984e+00,2.450654544966966597e+01,9.900000000000000000e+01
4.960000000000000000e+02,2.605094909667968750e+00,2.445562154243411612e+01,1.190000000000000000e+02
4.970000000000000000e+02,2.615912914276123047e+00,2.445562154243411612e+01,1.000000000000000000e+02
4.980000000000000000e+02,2.652642965316772461e+00,2.445562154243411612e+01,1.200000000000000000e+02
4.990000000000000000e+02,2.656318902969360352e+00,2.445562154243411612e+01,1.010000000000000000e+02
