0.000000000000000000e+00,3.346920013427734375e-03,0.000000000000000000e+00,2.000000000000000000e+00
1.000000000000000000e+00,5.368947982788085938e-03,0.000000000000000000e+00,2.000000000000000000e+00
2.000000000000000000e+00,7.758855819702148438e-03,0.000000000000000000e+00,3.000000000000000000e+00
3.000000000000000000e+00,9.974002838134765625e-03,0.000000000000000000e+00,3.000000000000000000e+00
4.000000000000000000e+00,1.192283630371093750e-02,0.000000000000000000e+00,4.000000000000000000e+00
5.000000000000000000e+00,1.333093643188476562e-02,2.007331797222837722e+01,4.000000000000000000e+00
6.000000000000000000e+00,1.458787918090820312e-02,2.007331797222837722e+01,4.000000000000000000e+00
7.000000000000000000e+00,1.523089408874511719e-02,2.007331797222837722e+01,3.000000000000000000e+00
8.000000000000000000e+00,1.658177375793457031e-02,1.967754671201645422e+01,5.000000000000000000e+00
9.000000000000000000e+00,1.726794242858886719e-02,1.967754671201645422e+01,2.000000000000000000e+00
1.000000000000000000e+01,1.854491233825683594e-02,1.967754671201645422e+01,6.000000000000000000e+00
1.100000000000000000e+01,1.928997039794921875e-02,1.967754671201645422e+01,2.000000000000000000e+00
1.200000000000000000e+01,1.992797851562500000e-02,1.967754671201645422e+01,6.000000000000000000e+00
1.300000000000000000e+01,2.080488204956054688e-02,1.967754671201645422e+01,2.000000000000000000e+00
1.400000000000000000e+01,2.146291732788085938e-02,1.967754671201645422e+01,6.000000000000000000e+00
1.500000000000000000e+01,2.268195152282714844e-02,1.967754671201645422e+01,2.000000000000000000e+00
1.600000000000000000e+01,2.340698242187500000e-02,1.967754671201645422e+01,6.000000000000000000e+00
1.700000000000000000e+01,2.466082572937011719e-02,1.967754671201645422e+01,2.000000000000000000e+00
1.800000000000000000e+01,2.550697326660156250e-02,1.967754671201645422e+01,6.000000000000000000e+00
1.900000000000000000e+01,2.722692489624023438e-02,1.967754671201645422e+01,2.000000000000000000e+00
2.000000000000000000e+01,2.825188636779785156e-02,1.967754671201645422e+01,6.000000000000000000e+00
2.100000000000000000e+01,2.945494651794433594e-02,1.967754671201645422e+01,2.000000000000000000e+00
2.200000000000000000e+01,3.036499023437500000e-02,1.967754671201645422e+01,6.000000000000000000e+00
2.300000000000000000e+01,3.176879882812500000e-02,1.967754671201645422e+01,2.000000000000000000e+00
2.400000000000000000e+01,3.273677825927734375e-02,1.967754671201645422e+01,6.000000000000000000e+00
2.500000000000000000e+01,3.321886062622070312e-02,1.967754671201645422e+01,2.000000000000000000e+00
2.600000000000000000e+01,3.620576858520507812e-02,1.967754671201645422e+01,7.000000000000000000e+00
2.700000000000000000e+01,3.672194480895996094e-02,1.967754671201645422e+01,2.000000000000000000e+00
2.800000000000000000e+01,3.744792938232421875e-02,1.967754671201645422e+01,7.000000000000000000e+00
2.900000000000000000e+01,3.797698020935058594e-02,1.967754671201645422e+01,2.000000000000000000e+00
3.000000000000000000e+01,3.860092163085937500e-02,1.967754671201645422e+01,7.000000000000000000e+00
3.100000000000000000e+01,3.923678398132324219e-02,1.967754671201645422e+01,2.000000000000000000e+00
3.200000000000000000e+01,3.994584083557128906e-02,1.967754671201645422e+01,7.000000000000000000e+00
3.300000000000000000e+01,4.054188728332519531e-02,1.967754671201645422e+01,2.000000000000000000e+00
3.400000000000000000e+01,4.148888587951660156e-02,1.967754671201645422e+01,7.000000000000000000e+00
3.500000000000000000e+01,4.220485687255859375e-02,1.967754671201645422e+01,2.000000000000000000e+00
3.600000000000000000e+01,4.280996322631835938e-02,1.967754671201645422e+01,7.000000000000000000e+00
3.700000000000000000e+01,4.355382919311523438e-02,1.967754671201645422e+01,2.000000000000000000e+00
3.800000000000000000e+01,4.417896270751953125e-02,1.967754671201645422e+01,7.000000000000000000e+00
3.900000000000000000e+01,4.573392868041992188e-02,1.967754671201645422e+01,2.000000000000000000e+00
4.000000000000000000e+01,4.635381698608398438e-02,1.967754671201645422e+01,7.000000000000000000e+00
4.100000000000000000e+01,4.712581634521484375e-02,1.967754671201645422e+01,2.000000000000000000e+00
4.200000000000000000e+01,4.790377616882324219e-02,1.967754671201645422e+01,7.000000000000000000e+00
4.300000000000000000e+01,4.941678047180175781e-02,1.967754671201645422e+01,2.000000000000000000e+00
4.400000000000000000e+01,5.061197280883789062e-02,1.967754671201645422e+01,7.000000000000000000e+00
4.500000000000000000e+01,5.186080932617187500e-02,1.967754671201645422e+01,2.000000000000000000e+00
4.600000000000000000e+01,5.270290374755859375e-02,1.967754671201645422e+01,7.000000000000000000e+00
4.700000000000000000e+01,5.444693565368652344e-02,1.967754671201645422e+01,2.000000000000000000e+00
4.800000000000000000e+01,5.501079559326171875e-02,1.967754671201645422e+01,7.000000000000000000e+00
4.900000000000000000e+01,5.551886558532714844e-02,1.967754671201645422e+01,2.000000000000000000e+00
5.000000000000000000e+01,5.727100372314453125e-02,1.967754671201645422e+01,8.000000000000000000e+00
5.100000000000000000e+01,5.783081054687500000e-02,1.967754671201645422e+01,2.000000000000000000e+00
5.200000000000000000e+01,5.856180191040039062e-02,1.967754671201645422e+01,8.000000000000000000e+00
5.300000000000000000e+01,5.908083915710449219e-02,1.967754671201645422e+01,2.000000000000000000e+00
5.400000000000000000e+01,6.001996994018554688e-02,1.967754671201645422e+01,8.000000000000000000e+00
5.500000000000000000e+01,6.067895889282226562e-02,1.967754671201645422e+01,2.000000000000000000e+00
5.600000000000000000e+01,6.265187263488769531e-02,1.967754671201645422e+01,9.000000000000000000e+00
5.700000000000000000e+01,6.335878372192382812e-02,1.967754671201645422e+01,2.000000000000000000e+00
5.800000000000000000e+01,6.390786170959472656e-02,1.967754671201645422e+01,9.000000000000000000e+00
5.900000000000000000e+01,6.561779975891113281e-02,1.945354605240534340e+01,3.000000000000000000e+00
6.000000000000000000e+01,6.628489494323730469e-02,1.945354605240534340e+01,8.000000000000000000e+00
6.100000000000000000e+01,6.718897819519042969e-02,1.945354605240534340e+01,3.000000000000000000e+00
6.200000000000000000e+01,6.791996955871582031e-02,1.945354605240534340e+01,8.000000000000000000e+00
6.300000000000000000e+01,6.896185874938964844e-02,1.945354605240534340e+01,3.000000000000000000e+00
6.400000000000000000e+01,7.006692886352539062e-02,1.945354605240534340e+01,8.000000000000000000e+00
6.500000000000000000e+01,7.178092002868652344e-02,1.945354605240534340e+01,3.000000000000000000e+00
6.600000000000000000e+01,7.276582717895507812e-02,1.945354605240534340e+01,8.000000000000000000e+00
6.700000000000000000e+01,7.366490364074707031e-02,1.945354605240534340e+01,3.000000000000000000e+00
6.800000000000000000e+01,7.459092140197753906e-02,1.945354605240534340e+01,8.000000000000000000e+00
6.900000000000000000e+01,7.552385330200195312e-02,1.945354605240534340e+01,3.000000000000000000e+00
7.000000000000000000e+01,7.648491859436035156e-02,1.945354605240534340e+01,8.000000000000000000e+00
7.100000000000000000e+01,7.749676704406738281e-02,1.945354605240534340e+01,3.000000000000000000e+00
7.200000000000000000e+01,7.882785797119140625e-02,1.945354605240534340e+01,8.000000000000000000e+00
7.300000000000000000e+01,7.955789566040039062e-02,1.945354605240534340e+01,3.000000000000000000e+00
7.400000000000000000e+01,8.064293861389160156e-02,1.945354605240534340e+01,8.000000000000000000e+00
7.500000000000000000e+01,8.267378807067871094e-02,1.945354605240534340e+01,4.000000000000000000e+00
7.600000000000000000e+01,8.438277244567871094e-02,1.945354605240534340e+01,9.000000000000000000e+00
7.700000000000000000e+01,8.489990234375000000e-02,1.945354605240534340e+01,4.000000000000000000e+00
7.800000000000000000e+01,8.555579185485839844e-02,1.945354605240534340e+01,9.000000000000000000e+00
7.900000000000000000e+01,8.614397048950195312e-02,1.945354605240534340e+01,4.000000000000000000e+00
8.000000000000000000e+01,8.703494071960449219e-02,1.945354605240534340e+01,9.000000000000000000e+00
8.100000000000000000e+01,8.773994445800781250e-02,1.945354605240534340e+01,4.000000000000000000e+00
8.200000000000000000e+01,8.856081962585449219e-02,1.945354605240534340e+01,9.000000000000000000e+00
8.300000000000000000e+01,8.928179740905761719e-02,1.945354605240534340e+01,4.000000000000000000e+00
8.400000000000000000e+01,8.983993530273437500e-02,1.945354605240534340e+01,9.000000000000000000e+00
8.500000000000000000e+01,9.056782722473144531e-02,1.945354605240534340e+01,4.000000000000000000e+00
8.600000000000000000e+01,9.144186973571777344e-02,1.945354605240534340e+01,9.000000000000000000e+00
8.700000000000000000e+01,9.277796745300292969e-02,1.945354605240534340e+01,4.000000000000000000e+00
8.800000000000000000e+01,9.349489212036132812e-02,1.945354605240534340e+01,9.000000000000000000e+00
8.900000000000000000e+01,9.444093704223632812e-02,1.945354605240534340e+01,4.000000000000000000e+00
9.000000000000000000e+01,9.530997276306152344e-02,1.945354605240534340e+01,9.000000000000000000e+00
9.100000000000000000e+01,9.623479843139648438e-02,1.945354605240534340e+01,4.000000000000000000e+00
9.200000000000000000e+01,9.773683547973632812e-02,1.945354605240534340e+01,9.000000000000000000e+00
9.300000000000000000e+01,9.857797622680664062e-02,1.945354605240534340e+01,4.000000000000000000e+00
9.400000000000000000e+01,9.965276718139648438e-02,1.945354605240534340e+01,9.000000000000000000e+00
9.500000000000000000e+01,1.017088890075683594e-01,1.945354605240534340e+01,4.000000000000000000e+00
9.600000000000000000e+01,1.046769618988037109e-01,1.945354605240534340e+01,1.000000000000000000e+01
9.700000000000000000e+01,1.070129871368408203e-01,1.945354605240534340e+01,5.000000000000000000e+00
9.800000000000000000e+01,1.101088523864746094e-01,1.945354605240534340e+01,1.100000000000000000e+01
9.900000000000000000e+01,1.119189262390136719e-01,1.914784193267449552e+01,6.000000000000000000e+00
1.000000000000000000e+02,1.129457950592041016e-01,1.914784193267449552e+01,9.000000000000000000e+00
1.010000000000000000e+02,1.134779453277587891e-01,1.914784193267449552e+01,4.000000000000000000e+00
1.020000000000000000e+02,1.151847839355468750e-01,1.914784193267449552e+01,1.000000000000000000e+01
1.030000000000000000e+02,1.159758567810058594e-01,1.914784193267449552e+01,4.000000000000000000e+00
1.040000000000000000e+02,1.168489456176757812e-01,1.914784193267449552e+01,1.000000000000000000e+01
1.050000000000000000e+02,1.175279617309570312e-01,1.914784193267449552e+01,4.000000000000000000e+00
1.060000000000000000e+02,1.180989742279052734e-01,1.914784193267449552e+01,1.000000000000000000e+01
1.070000000000000000e+02,1.188158988952636719e-01,1.914784193267449552e+01,4.000000000000000000e+00
1.080000000000000000e+02,1.195938587188720703e-01,1.914784193267449552e+01,1.000000000000000000e+01
1.090000000000000000e+02,1.207778453826904297e-01,1.914784193267449552e+01,4.000000000000000000e+00
1.100000000000000000e+02,1.215288639068603516e-01,1.914784193267449552e+01,1.000000000000000000e+01
1.110000000000000000e+02,1.223139762878417969e-01,1.914784193267449552e+01,4.000000000000000000e+00
1.120000000000000000e+02,1.232469081878662109e-01,1.914784193267449552e+01,1.000000000000000000e+01
1.130000000000000000e+02,1.240808963775634766e-01,1.914784193267449552e+01,4.000000000000000000e+00
1.140000000000000000e+02,1.249349117279052734e-01,1.914784193267449552e+01,1.000000000000000000e+01
1.150000000000000000e+02,1.258828639984130859e-01,1.914784193267449552e+01,4.000000000000000000e+00
1.160000000000000000e+02,1.268439292907714844e-01,1.914784193267449552e+01,1.000000000000000000e+01
1.170000000000000000e+02,1.278259754180908203e-01,1.914784193267449552e+01,4.000000000000000000e+00
1.180000000000000000e+02,1.288189888000488281e-01,1.914784193267449552e+01,1.000000000000000000e+01
1.190000000000000000e+02,1.301729679107666016e-01,1.914784193267449552e+01,4.000000000000000000e+00
1.200000000000000000e+02,1.307628154754638672e-01,1.914784193267449552e+01,1.000000000000000000e+01
1.210000000000000000e+02,1.314198970794677734e-01,1.914784193267449552e+01,4.000000000000000000e+00
1.220000000000000000e+02,1.324069499969482422e-01,1.914784193267449552e+01,1.000000000000000000e+01
1.230000000000000000e+02,1.330108642578125000e-01,1.914784193267449552e+01,4.000000000000000000e+00
1.240000000000000000e+02,1.353878974914550781e-01,1.914784193267449552e+01,1.100000000000000000e+01
1.250000000000000000e+02,1.359097957611083984e-01,1.914784193267449552e+01,4.000000000000000000e+00
1.260000000000000000e+02,1.379349231719970703e-01,1.914784193267449552e+01,1.200000000000000000e+01
1.270000000000000000e+02,1.385338306427001953e-01,1.914784193267449552e+01,4.000000000000000000e+00
1.280000000000000000e+02,1.396899223327636719e-01,1.914784193267449552e+01,1.200000000000000000e+01
1.290000000000000000e+02,1.404099464416503906e-01,1.914784193267449552e+01,4.000000000000000000e+00
1.300000000000000000e+02,1.419448852539062500e-01,1.914784193267449552e+01,1.300000000000000000e+01
1.310000000000000000e+02,1.426579952239990234e-01,1.914784193267449552e+01,4.000000000000000000e+00
1.320000000000000000e+02,1.432738304138183594e-01,1.914784193267449552e+01,1.300000000000000000e+01
1.330000000000000000e+02,1.441679000854492188e-01,1.914784193267449552e+01,4.000000000000000000e+00
1.340000000000000000e+02,1.449768543243408203e-01,1.914784193267449552e+01,1.300000000000000000e+01
1.350000000000000000e+02,1.458859443664550781e-01,1.914784193267449552e+01,4.000000000000000000e+00
1.360000000000000000e+02,1.467039585113525391e-01,1.914784193267449552e+01,1.300000000000000000e+01
1.370000000000000000e+02,1.475548744201660156e-01,1.914784193267449552e+01,4.000000000000000000e+00
1.380000000000000000e+02,1.486039161682128906e-01,1.914784193267449552e+01,1.300000000000000000e+01
1.390000000000000000e+02,1.495800018310546875e-01,1.914784193267449552e+01,4.000000000000000000e+00
1.400000000000000000e+02,1.509499549865722656e-01,1.914784193267449552e+01,1.300000000000000000e+01
1.410000000000000000e+02,1.520237922668457031e-01,1.914784193267449552e+01,4.000000000000000000e+00
1.420000000000000000e+02,1.531708240509033203e-01,1.914784193267449552e+01,1.300000000000000000e+01
1.430000000000000000e+02,1.541128158569335938e-01,1.914784193267449552e+01,4.000000000000000000e+00
1.440000000000000000e+02,1.585609912872314453e-01,1.914784193267449552e+01,1.400000000000000000e+01
1.450000000000000000e+02,1.590600013732910156e-01,1.914784193267449552e+01,4.000000000000000000e+00
1.460000000000000000e+02,1.633849143981933594e-01,1.914784193267449552e+01,1.500000000000000000e+01
1.470000000000000000e+02,1.638998985290527344e-01,1.914784193267449552e+01,4.000000000000000000e+00
1.480000000000000000e+02,1.674249172210693359e-01,1.914784193267449552e+01,1.600000000000000000e+01
1.490000000000000000e+02,1.679527759552001953e-01,1.914784193267449552e+01,4.000000000000000000e+00
1.500000000000000000e+02,1.704227924346923828e-01,1.914784193267449552e+01,1.700000000000000000e+01
1.510000000000000000e+02,1.711158752441406250e-01,1.914784193267449552e+01,4.000000000000000000e+00
1.520000000000000000e+02,1.732518672943115234e-01,1.914784193267449552e+01,1.800000000000000000e+01
1.530000000000000000e+02,1.739478111267089844e-01,1.914784193267449552e+01,4.000000000000000000e+00
1.540000000000000000e+02,1.749789714813232422e-01,1.914784193267449552e+01,1.800000000000000000e+01
1.550000000000000000e+02,1.759448051452636719e-01,1.914784193267449552e+01,4.000000000000000000e+00
1.560000000000000000e+02,1.767909526824951172e-01,1.914784193267449552e+01,1.800000000000000000e+01
1.570000000000000000e+02,1.777248382568359375e-01,1.914784193267449552e+01,4.000000000000000000e+00
1.580000000000000000e+02,1.786007881164550781e-01,1.914784193267449552e+01,1.800000000000000000e+01
1.590000000000000000e+02,1.801459789276123047e-01,1.914784193267449552e+01,4.000000000000000000e+00
1.600000000000000000e+02,1.811139583587646484e-01,1.914784193267449552e+01,1.800000000000000000e+01
1.610000000000000000e+02,1.821179389953613281e-01,1.914784193267449552e+01,4.000000000000000000e+00
1.620000000000000000e+02,1.829838752746582031e-01,1.914784193267449552e+01,1.800000000000000000e+01
1.630000000000000000e+02,1.839017868041992188e-01,1.914784193267449552e+01,4.000000000000000000e+00
1.640000000000000000e+02,1.853249073028564453e-01,1.914784193267449552e+01,1.800000000000000000e+01
1.650000000000000000e+02,1.862909793853759766e-01,1.914784193267449552e+01,4.000000000000000000e+00
1.660000000000000000e+02,1.874330043792724609e-01,1.914784193267449552e+01,1.800000000000000000e+01
1.670000000000000000e+02,1.883978843688964844e-01,1.914784193267449552e+01,4.000000000000000000e+00
1.680000000000000000e+02,1.938869953155517578e-01,1.914784193267449552e+01,1.900000000000000000e+01
1.690000000000000000e+02,1.967267990112304688e-01,1.914784193267449552e+01,5.000000000000000000e+00
1.700000000000000000e+02,2.021639347076416016e-01,1.914784193267449552e+01,2.000000000000000000e+01
1.710000000000000000e+02,2.027819156646728516e-01,1.914784193267449552e+01,5.000000000000000000e+00
1.720000000000000000e+02,2.088358402252197266e-01,1.914784193267449552e+01,2.100000000000000000e+01
1.730000000000000000e+02,2.094907760620117188e-01,1.914784193267449552e+01,5.000000000000000000e+00
1.740000000000000000e+02,2.100608348846435547e-01,1.914784193267449552e+01,2.100000000000000000e+01
1.750000000000000000e+02,2.107608318328857422e-01,1.914784193267449552e+01,5.000000000000000000e+00
1.760000000000000000e+02,2.116348743438720703e-01,1.914784193267449552e+01,2.100000000000000000e+01
1.770000000000000000e+02,2.123558521270751953e-01,1.914784193267449552e+01,5.000000000000000000e+00
1.780000000000000000e+02,2.134249210357666016e-01,1.914784193267449552e+01,2.100000000000000000e+01
1.790000000000000000e+02,2.142808437347412109e-01,1.914784193267449552e+01,5.000000000000000000e+00
1.800000000000000000e+02,2.151899337768554688e-01,1.914784193267449552e+01,2.100000000000000000e+01
1.810000000000000000e+02,2.162318229675292969e-01,1.914784193267449552e+01,5.000000000000000000e+00
1.820000000000000000e+02,2.172529697418212891e-01,1.914784193267449552e+01,2.100000000000000000e+01
1.830000000000000000e+02,2.182798385620117188e-01,1.914784193267449552e+01,5.000000000000000000e+00
1.840000000000000000e+02,2.192628383636474609e-01,1.914784193267449552e+01,2.100000000000000000e+01
1.850000000000000000e+02,2.205419540405273438e-01,1.914784193267449552e+01,5.000000000000000000e+00
1.860000000000000000e+02,2.213938236236572266e-01,1.914784193267449552e+01,2.100000000000000000e+01
1.870000000000000000e+02,2.223339080810546875e-01,1.914784193267449552e+01,5.000000000000000000e+00
1.880000000000000000e+02,2.236139774322509766e-01,1.914784193267449552e+01,2.100000000000000000e+01
1.890000000000000000e+02,2.256579399108886719e-01,1.914784193267449552e+01,5.000000000000000000e+00
1.900000000000000000e+02,2.272889614105224609e-01,1.914784193267449552e+01,2.100000000000000000e+01
1.910000000000000000e+02,2.284338474273681641e-01,1.914784193267449552e+01,5.000000000000000000e+00
1.920000000000000000e+02,2.293479442596435547e-01,1.914784193267449552e+01,2.100000000000000000e+01
1.930000000000000000e+02,2.298808097839355469e-01,1.914784193267449552e+01,5.000000000000000000e+00
1.940000000000000000e+02,2.349209785461425781e-01,1.914784193267449552e+01,2.200000000000000000e+01
1.950000000000000000e+02,2.354669570922851562e-01,1.914784193267449552e+01,5.000000000000000000e+00
1.960000000000000000e+02,2.363197803497314453e-01,1.914784193267449552e+01,2.200000000000000000e+01
1.970000000000000000e+02,2.369229793548583984e-01,1.914784193267449552e+01,5.000000000000000000e+00
1.980000000000000000e+02,2.376499176025390625e-01,1.914784193267449552e+01,2.200000000000000000e+01
1.990000000000000000e+02,2.384388446807861328e-01,1.914784193267449552e+01,5.000000000000000000e+00
2.000000000000000000e+02,2.395029067993164062e-01,1.914784193267449552e+01,2.200000000000000000e+01
2.010000000000000000e+02,2.402379512786865234e-01,1.914784193267449552e+01,5.000000000000000000e+00
2.020000000000000000e+02,2.408678531646728516e-01,1.914784193267449552e+01,2.200000000000000000e+01
2.030000000000000000e+02,2.416269779205322266e-01,1.914784193267449552e+01,5.000000000000000000e+00
2.040000000000000000e+02,2.427217960357666016e-01,1.914784193267449552e+01,2.200000000000000000e+01
2.050000000000000000e+02,2.435808181762695312e-01,1.914784193267449552e+01,5.000000000000000000e+00
2.060000000000000000e+02,2.442197799682617188e-01,1.914784193267449552e+01,2.200000000000000000e+01
2.070000000000000000e+02,2.450039386749267578e-01,1.914784193267449552e+01,5.000000000000000000e+00
2.080000000000000000e+02,2.457180023193359375e-01,1.914784193267449552e+01,2.200000000000000000e+01
2.090000000000000000e+02,2.466609477996826172e-01,1.914784193267449552e+01,5.000000000000000000e+00
2.100000000000000000e+02,2.474288940429687500e-01,1.914784193267449552e+01,2.200000000000000000e+01
2.110000000000000000e+02,2.482728958129882812e-01,1.914784193267449552e+01,5.000000000000000000e+00
2.120000000000000000e+02,2.494068145751953125e-01,1.914784193267449552e+01,2.200000000000000000e+01
2.130000000000000000e+02,2.515928745269775391e-01,1.914784193267449552e+01,5.000000000000000000e+00
2.140000000000000000e+02,2.529838085174560547e-01,1.914784193267449552e+01,2.200000000000000000e+01
2.150000000000000000e+02,2.548518180847167969e-01,1.914784193267449552e+01,5.000000000000000000e+00
2.160000000000000000e+02,2.555928230285644531e-01,1.914784193267449552e+01,2.200000000000000000e+01
2.170000000000000000e+02,2.561428546905517578e-01,1.914784193267449552e+01,5.000000000000000000e+00
2.180000000000000000e+02,2.613987922668457031e-01,1.914784193267449552e+01,2.300000000000000000e+01
2.190000000000000000e+02,2.619647979736328125e-01,1.914784193267449552e+01,5.000000000000000000e+00
2.200000000000000000e+02,2.649967670440673828e-01,1.914784193267449552e+01,2.400000000000000000e+01
2.210000000000000000e+02,2.655489444732666016e-01,1.914784193267449552e+01,5.000000000000000000e+00
2.220000000000000000e+02,2.667658329010009766e-01,1.914784193267449552e+01,2.400000000000000000e+01
2.230000000000000000e+02,2.675969600677490234e-01,1.914784193267449552e+01,5.000000000000000000e+00
2.240000000000000000e+02,2.696418762207031250e-01,1.914784193267449552e+01,2.500000000000000000e+01
2.250000000000000000e+02,2.702829837799072266e-01,1.914784193267449552e+01,5.000000000000000000e+00
2.260000000000000000e+02,2.708759307861328125e-01,1.914784193267449552e+01,2.500000000000000000e+01
2.270000000000000000e+02,2.717218399047851562e-01,1.914784193267449552e+01,5.000000000000000000e+00
2.280000000000000000e+02,2.726237773895263672e-01,1.914784193267449552e+01,2.500000000000000000e+01
2.290000000000000000e+02,2.736198902130126953e-01,1.914784193267449552e+01,5.000000000000000000e+00
2.300000000000000000e+02,2.745299339294433594e-01,1.914784193267449552e+01,2.500000000000000000e+01
2.310000000000000000e+02,2.755789756774902344e-01,1.914784193267449552e+01,5.000000000000000000e+00
2.320000000000000000e+02,2.765929698944091797e-01,1.914784193267449552e+01,2.500000000000000000e+01
2.330000000000000000e+02,2.774598598480224609e-01,1.914784193267449552e+01,5.000000000000000000e+00
2.340000000000000000e+02,2.782979011535644531e-01,1.914784193267449552e+01,2.500000000000000000e+01
2.350000000000000000e+02,2.791538238525390625e-01,1.914784193267449552e+01,5.000000000000000000e+00
2.360000000000000000e+02,2.807698249816894531e-01,1.914784193267449552e+01,2.500000000000000000e+01
2.370000000000000000e+02,2.824299335479736328e-01,1.914784193267449552e+01,5.000000000000000000e+00
2.380000000000000000e+02,2.838339805603027344e-01,1.914784193267449552e+01,2.500000000000000000e+01
2.390000000000000000e+02,2.848548889160156250e-01,1.914784193267449552e+01,5.000000000000000000e+00
2.400000000000000000e+02,2.860999107360839844e-01,1.914784193267449552e+01,2.500000000000000000e+01
2.410000000000000000e+02,2.869467735290527344e-01,1.914784193267449552e+01,5.000000000000000000e+00
2.420000000000000000e+02,2.918138504028320312e-01,1.914784193267449552e+01,2.600000000000000000e+01
2.430000000000000000e+02,2.923789024353027344e-01,1.914784193267449552e+01,5.000000000000000000e+00
2.440000000000000000e+02,2.931997776031494141e-01,1.914784193267449552e+01,2.600000000000000000e+01
2.450000000000000000e+02,2.937328815460205078e-01,1.914784193267449552e+01,5.000000000000000000e+00
2.460000000000000000e+02,2.971549034118652344e-01,1.914784193267449552e+01,2.700000000000000000e+01
2.470000000000000000e+02,2.978389263153076172e-01,1.914784193267449552e+01,5.000000000000000000e+00
2.480000000000000000e+02,2.984588146209716797e-01,1.914784193267449552e+01,2.700000000000000000e+01
2.490000000000000000e+02,2.991998195648193359e-01,1.914784193267449552e+01,5.000000000000000000e+00
2.500000000000000000e+02,3.000769615173339844e-01,1.914784193267449552e+01,2.700000000000000000e+01
2.510000000000000000e+02,3.010268211364746094e-01,1.914784193267449552e+01,5.000000000000000000e+00
2.520000000000000000e+02,3.017017841339111328e-01,1.914784193267449552e+01,2.700000000000000000e+01
2.530000000000000000e+02,3.027198314666748047e-01,1.914784193267449552e+01,5.000000000000000000e+00
2.540000000000000000e+02,3.037648200988769531e-01,1.914784193267449552e+01,2.700000000000000000e+01
2.550000000000000000e+02,3.045918941497802734e-01,1.914784193267449552e+01,5.000000000000000000e+00
2.560000000000000000e+02,3.056237697601318359e-01,1.914784193267449552e+01,2.700000000000000000e+01
2.570000000000000000e+02,3.065009117126464844e-01,1.914784193267449552e+01,5.000000000000000000e+00
2.580000000000000000e+02,3.077628612518310547e-01,1.914784193267449552e+01,2.700000000000000000e+01
2.590000000000000000e+02,3.092298507690429688e-01,1.914784193267449552e+01,5.000000000000000000e+00
2.600000000000000000e+02,3.105099201202392578e-01,1.914784193267449552e+01,2.700000000000000000e+01
2.610000000000000000e+02,3.114907741546630859e-01,1.914784193267449552e+01,5.000000000000000000e+00
2.620000000000000000e+02,3.127908706665039062e-01,1.914784193267449552e+01,2.700000000000000000e+01
2.630000000000000000e+02,3.137538433074951172e-01,1.914784193267449552e+01,5.000000000000000000e+00
2.640000000000000000e+02,3.145728111267089844e-01,1.914784193267449552e+01,2.700000000000000000e+01
2.650000000000000000e+02,3.177127838134765625e-01,1.914784193267449552e+01,6.000000000000000000e+00
2.660000000000000000e+02,3.219678401947021484e-01,1.914784193267449552e+01,2.800000000000000000e+01
2.670000000000000000e+02,3.226709365844726562e-01,1.914784193267449552e+01,6.000000000000000000e+00
2.680000000000000000e+02,3.258118629455566406e-01,1.914784193267449552e+01,2.900000000000000000e+01
2.690000000000000000e+02,3.264558315277099609e-01,1.914784193267449552e+01,6.000000000000000000e+00
2.700000000000000000e+02,3.299889564514160156e-01,1.914784193267449552e+01,3.000000000000000000e+01
2.710000000000000000e+02,3.309609889984130859e-01,1.914784193267449552e+01,6.000000000000000000e+00
2.720000000000000000e+02,3.326439857482910156e-01,1.914784193267449552e+01,3.000000000000000000e+01
2.730000000000000000e+02,3.335499763488769531e-01,1.914784193267449552e+01,6.000000000000000000e+00
2.740000000000000000e+02,3.343579769134521484e-01,1.914784193267449552e+01,3.000000000000000000e+01
2.750000000000000000e+02,3.355817794799804688e-01,1.914784193267449552e+01,6.000000000000000000e+00
2.760000000000000000e+02,3.366479873657226562e-01,1.914784193267449552e+01,3.000000000000000000e+01
2.770000000000000000e+02,3.377709388732910156e-01,1.914784193267449552e+01,6.000000000000000000e+00
2.780000000000000000e+02,3.386459350585937500e-01,1.914784193267449552e+01,3.000000000000000000e+01
2.790000000000000000e+02,3.401319980621337891e-01,1.914784193267449552e+01,6.000000000000000000e+00
2.800000000000000000e+02,3.409049510955810547e-01,1.914784193267449552e+01,3.000000000000000000e+01
2.810000000000000000e+02,3.427779674530029297e-01,1.914784193267449552e+01,6.000000000000000000e+00
2.820000000000000000e+02,3.440518379211425781e-01,1.914784193267449552e+01,3.000000000000000000e+01
2.830000000000000000e+02,3.449800014495849609e-01,1.914784193267449552e+01,6.000000000000000000e+00
2.840000000000000000e+02,3.464748859405517578e-01,1.914784193267449552e+01,3.000000000000000000e+01
2.850000000000000000e+02,3.480648994445800781e-01,1.914784193267449552e+01,6.000000000000000000e+00
2.860000000000000000e+02,3.493418693542480469e-01,1.914784193267449552e+01,3.000000000000000000e+01
2.870000000000000000e+02,3.508288860321044922e-01,1.914784193267449552e+01,6.000000000000000000e+00
2.880000000000000000e+02,3.526058197021484375e-01,1.914784193267449552e+01,3.000000000000000000e+01
2.890000000000000000e+02,3.530228137969970703e-01,1.914784193267449552e+01,6.000000000000000000e+00
2.900000000000000000e+02,3.588118553161621094e-01,1.914784193267449552e+01,3.100000000000000000e+01
2.910000000000000000e+02,3.611819744110107422e-01,1.914784193267449552e+01,7.000000000000000000e+00
2.920000000000000000e+02,3.639237880706787109e-01,1.914784193267449552e+01,3.200000000000000000e+01
2.930000000000000000e+02,3.644599914550781250e-01,1.914784193267449552e+01,7.000000000000000000e+00
2.940000000000000000e+02,3.653168678283691406e-01,1.914784193267449552e+01,3.200000000000000000e+01
2.950000000000000000e+02,3.659908771514892578e-01,1.914784193267449552e+01,7.000000000000000000e+00
2.960000000000000000e+02,3.666110038757324219e-01,1.914784193267449552e+01,3.200000000000000000e+01
2.970000000000000000e+02,3.672947883605957031e-01,1.914784193267449552e+01,7.000000000000000000e+00
2.980000000000000000e+02,3.682689666748046875e-01,1.914784193267449552e+01,3.200000000000000000e+01
2.990000000000000000e+02,3.690059185028076172e-01,1.914784193267449552e+01,7.000000000000000000e+00
3.000000000000000000e+02,3.696208000183105469e-01,1.914784193267449552e+01,3.200000000000000000e+01
3.010000000000000000e+02,3.704528808593750000e-01,1.914784193267449552e+01,7.000000000000000000e+00
3.020000000000000000e+02,3.710858821868896484e-01,1.914784193267449552e+01,3.200000000000000000e+01
3.030000000000000000e+02,3.722329139709472656e-01,1.914784193267449552e+01,7.000000000000000000e+00
3.040000000000000000e+02,3.729379177093505859e-01,1.914784193267449552e+01,3.200000000000000000e+01
3.050000000000000000e+02,3.737339973449707031e-01,1.914784193267449552e+01,7.000000000000000000e+00
3.060000000000000000e+02,3.746228218078613281e-01,1.914784193267449552e+01,3.200000000000000000e+01
3.070000000000000000e+02,3.756399154663085938e-01,1.914784193267449552e+01,7.000000000000000000e+00
3.080000000000000000e+02,3.768568038940429688e-01,1.914784193267449552e+01,3.200000000000000000e+01
3.090000000000000000e+02,3.777318000793457031e-01,1.914784193267449552e+01,7.000000000000000000e+00
3.100000000000000000e+02,3.790068626403808594e-01,1.914784193267449552e+01,3.200000000000000000e+01
3.110000000000000000e+02,3.805239200592041016e-01,1.914784193267449552e+01,7.000000000000000000e+00
3.120000000000000000e+02,3.816559314727783203e-01,1.914784193267449552e+01,3.200000000000000000e+01
3.130000000000000000e+02,3.822817802429199219e-01,1.914784193267449552e+01,7.000000000000000000e+00
3.140000000000000000e+02,3.828217983245849609e-01,1.914784193267449552e+01,3.200000000000000000e+01
3.150000000000000000e+02,3.849837779998779297e-01,1.914784193267449552e+01,8.000000000000000000e+00
3.160000000000000000e+02,3.916049003601074219e-01,1.914784193267449552e+01,3.300000000000000000e+01
3.170000000000000000e+02,3.922989368438720703e-01,1.914784193267449552e+01,8.000000000000000000e+00
3.180000000000000000e+02,3.961629867553710938e-01,1.914784193267449552e+01,3.400000000000000000e+01
3.190000000000000000e+02,3.968567848205566406e-01,1.914784193267449552e+01,8.000000000000000000e+00
3.200000000000000000e+02,3.977978229522705078e-01,1.914784193267449552e+01,3.400000000000000000e+01
3.210000000000000000e+02,3.984689712524414062e-01,1.914784193267449552e+01,8.000000000000000000e+00
3.220000000000000000e+02,4.000699520111083984e-01,1.914784193267449552e+01,3.500000000000000000e+01
3.230000000000000000e+02,4.009277820587158203e-01,1.914784193267449552e+01,8.000000000000000000e+00
3.240000000000000000e+02,4.015409946441650391e-01,1.914784193267449552e+01,3.500000000000000000e+01
3.250000000000000000e+02,4.024448394775390625e-01,1.914784193267449552e+01,8.000000000000000000e+00
3.260000000000000000e+02,4.032568931579589844e-01,1.914784193267449552e+01,3.500000000000000000e+01
3.270000000000000000e+02,4.042129516601562500e-01,1.914784193267449552e+01,8.000000000000000000e+00
3.280000000000000000e+02,4.051289558410644531e-01,1.914784193267449552e+01,3.500000000000000000e+01
3.290000000000000000e+02,4.063129425048828125e-01,1.914784193267449552e+01,8.000000000000000000e+00
3.300000000000000000e+02,4.074687957763671875e-01,1.914784193267449552e+01,3.500000000000000000e+01
3.310000000000000000e+02,4.084467887878417969e-01,1.914784193267449552e+01,8.000000000000000000e+00
3.320000000000000000e+02,4.100477695465087891e-01,1.914784193267449552e+01,3.500000000000000000e+01
3.330000000000000000e+02,4.109599590301513672e-01,1.914784193267449552e+01,8.000000000000000000e+00
3.340000000000000000e+02,4.124288558959960938e-01,1.914784193267449552e+01,3.500000000000000000e+01
3.350000000000000000e+02,4.136769771575927734e-01,1.914784193267449552e+01,8.000000000000000000e+00
3.360000000000000000e+02,4.147219657897949219e-01,1.914784193267449552e+01,3.500000000000000000e+01
3.370000000000000000e+02,4.152078628540039062e-01,1.914784193267449552e+01,8.000000000000000000e+00
3.380000000000000000e+02,4.206259250640869141e-01,1.914784193267449552e+01,3.600000000000000000e+01
3.390000000000000000e+02,4.230549335479736328e-01,1.914784193267449552e+01,9.000000000000000000e+00
3.400000000000000000e+02,4.290118217468261719e-01,1.914784193267449552e+01,3.700000000000000000e+01
3.410000000000000000e+02,4.297249317169189453e-01,1.914784193267449552e+01,9.000000000000000000e+00
3.420000000000000000e+02,4.323568344116210938e-01,1.914784193267449552e+01,3.800000000000000000e+01
3.430000000000000000e+02,4.330718517303466797e-01,1.914784193267449552e+01,9.000000000000000000e+00
3.440000000000000000e+02,4.341568946838378906e-01,1.914784193267449552e+01,3.800000000000000000e+01
3.450000000000000000e+02,4.348669052124023438e-01,1.914784193267449552e+01,9.000000000000000000e+00
3.460000000000000000e+02,4.364798069000244141e-01,1.914784193267449552e+01,3.900000000000000000e+01
3.470000000000000000e+02,4.372549057006835938e-01,1.914784193267449552e+01,9.000000000000000000e+00
3.480000000000000000e+02,4.379489421844482422e-01,1.914784193267449552e+01,3.900000000000000000e+01
3.490000000000000000e+02,4.388639926910400391e-01,1.914784193267449552e+01,9.000000000000000000e+00
3.500000000000000000e+02,4.401609897613525391e-01,1.914784193267449552e+01,3.900000000000000000e+01
3.510000000000000000e+02,4.410719871520996094e-01,1.914784193267449552e+01,9.000000000000000000e+00
3.520000000000000000e+02,4.418759346008300781e-01,1.914784193267449552e+01,3.900000000000000000e+01
3.530000000000000000e+02,4.430418014526367188e-01,1.914784193267449552e+01,9.000000000000000000e+00
3.540000000000000000e+02,4.438929557800292969e-01,1.914784193267449552e+01,3.900000000000000000e+01
3.550000000000000000e+02,4.449448585510253906e-01,1.914784193267449552e+01,9.000000000000000000e+00
3.560000000000000000e+02,4.462227821350097656e-01,1.914784193267449552e+01,3.900000000000000000e+01
3.570000000000000000e+02,4.478158950805664062e-01,1.914784193267449552e+01,9.000000000000000000e+00
3.580000000000000000e+02,4.494168758392333984e-01,1.914784193267449552e+01,3.900000000000000000e+01
3.590000000000000000e+02,4.511289596557617188e-01,1.914784193267449552e+01,9.000000000000000000e+00
3.600000000000000000e+02,4.591569900512695312e-01,1.914784193267449552e+01,4.000000000000000000e+01
3.610000000000000000e+02,4.611909389495849609e-01,1.914784193267449552e+01,1.000000000000000000e+01
3.620000000000000000e+02,4.682888984680175781e-01,1.914784193267449552e+01,4.100000000000000000e+01
3.630000000000000000e+02,4.689068794250488281e-01,1.914784193267449552e+01,1.000000000000000000e+01
3.640000000000000000e+02,4.700849056243896484e-01,1.914784193267449552e+01,4.100000000000000000e+01
3.650000000000000000e+02,4.708399772644042969e-01,1.914784193267449552e+01,1.000000000000000000e+01
3.660000000000000000e+02,4.719238281250000000e-01,1.914784193267449552e+01,4.100000000000000000e+01
3.670000000000000000e+02,4.725818634033203125e-01,1.914784193267449552e+01,1.000000000000000000e+01
3.680000000000000000e+02,4.753928184509277344e-01,1.914784193267449552e+01,4.200000000000000000e+01
3.690000000000000000e+02,4.761009216308593750e-01,1.914784193267449552e+01,1.000000000000000000e+01
3.700000000000000000e+02,4.781839847564697266e-01,1.914784193267449552e+01,4.300000000000000000e+01
3.710000000000000000e+02,4.791707992553710938e-01,1.914784193267449552e+01,1.000000000000000000e+01
3.720000000000000000e+02,4.801769256591796875e-01,1.914784193267449552e+01,4.300000000000000000e+01
3.730000000000000000e+02,4.810309410095214844e-01,1.914784193267449552e+01,1.000000000000000000e+01
3.740000000000000000e+02,4.816989898681640625e-01,1.914784193267449552e+01,4.300000000000000000e+01
3.750000000000000000e+02,4.827017784118652344e-01,1.914784193267449552e+01,1.000000000000000000e+01
3.760000000000000000e+02,4.836058616638183594e-01,1.914784193267449552e+01,4.300000000000000000e+01
3.770000000000000000e+02,4.851567745208740234e-01,1.914784193267449552e+01,1.000000000000000000e+01
3.780000000000000000e+02,4.861018657684326172e-01,1.914784193267449552e+01,4.300000000000000000e+01
3.790000000000000000e+02,4.869999885559082031e-01,1.914784193267449552e+01,1.000000000000000000e+01
3.800000000000000000e+02,4.883677959442138672e-01,1.914784193267449552e+01,4.300000000000000000e+01
3.810000000000000000e+02,4.892868995666503906e-01,1.914784193267449552e+01,1.000000000000000000e+01
3.820000000000000000e+02,4.906368255615234375e-01,1.914784193267449552e+01,4.300000000000000000e+01
3.830000000000000000e+02,4.917578697204589844e-01,1.914784193267449552e+01,1.000000000000000000e+01
3.840000000000000000e+02,4.922959804534912109e-01,1.914784193267449552e+01,4.300000000000000000e+01
3.850000000000000000e+02,4.928758144378662109e-01,1.914784193267449552e+01,1.000000000000000000e+01
3.860000000000000000e+02,5.024328231811523438e-01,1.914784193267449552e+01,4.400000000000000000e+01
3.870000000000000000e+02,5.029778480529785156e-01,1.914784193267449552e+01,1.000000000000000000e+01
3.880000000000000000e+02,5.042719841003417969e-01,1.914784193267449552e+01,4.400000000000000000e+01
3.890000000000000000e+02,5.048799514770507812e-01,1.914784193267449552e+01,1.000000000000000000e+01
3.900000000000000000e+02,5.089719295501708984e-01,1.914784193267449552e+01,4.500000000000000000e+01
3.910000000000000000e+02,5.096328258514404297e-01,1.914784193267449552e+01,1.000000000000000000e+01
3.920000000000000000e+02,5.106999874114990234e-01,1.914784193267449552e+01,4.500000000000000000e+01
3.930000000000000000e+02,5.114519596099853516e-01,1.914784193267449552e+01,1.000000000000000000e+01
3.940000000000000000e+02,5.141689777374267578e-01,1.914784193267449552e+01,4.600000000000000000e+01
3.950000000000000000e+02,5.150327682495117188e-01,1.914784193267449552e+01,1.000000000000000000e+01
3.960000000000000000e+02,5.157048702239990234e-01,1.914784193267449552e+01,4.600000000000000000e+01
3.970000000000000000e+02,5.165789127349853516e-01,1.914784193267449552e+01,1.000000000000000000e+01
3.980000000000000000e+02,5.172948837280273438e-01,1.914784193267449552e+01,4.600000000000000000e+01
3.990000000000000000e+02,5.181617736816406250e-01,1.914784193267449552e+01,1.000000000000000000e+01
4.000000000000000000e+02,5.193848609924316406e-01,1.914784193267449552e+01,4.600000000000000000e+01
4.010000000000000000e+02,5.203359127044677734e-01,1.914784193267449552e+01,1.000000000000000000e+01
4.020000000000000000e+02,5.216848850250244141e-01,1.914784193267449552e+01,4.600000000000000000e+01
4.030000000000000000e+02,5.238938331604003906e-01,1.914784193267449552e+01,1.000000000000000000e+01
4.040000000000000000e+02,5.251989364624023438e-01,1.914784193267449552e+01,4.600000000000000000e+01
4.050000000000000000e+02,5.261468887329101562e-01,1.914784193267449552e+01,1.000000000000000000e+01
4.060000000000000000e+02,5.275089740753173828e-01,1.914784193267449552e+01,4.600000000000000000e+01
4.070000000000000000e+02,5.284788608551025391e-01,1.914784193267449552e+01,1.000000000000000000e+01
4.080000000000000000e+02,5.292539596557617188e-01,1.914784193267449552e+01,4.600000000000000000e+01
4.090000000000000000e+02,5.299239158630371094e-01,1.914784193267449552e+01,1.000000000000000000e+01
4.100000000000000000e+02,5.311498641967773438e-01,1.914784193267449552e+01,4.600000000000000000e+01
4.110000000000000000e+02,5.335128307342529297e-01,1.914784193267449552e+01,1.100000000000000000e+01
4.120000000000000000e+02,5.385758876800537109e-01,1.914784193267449552e+01,4.600000000000000000e+01
4.130000000000000000e+02,5.391418933868408203e-01,1.914784193267449552e+01,1.100000000000000000e+01
4.140000000000000000e+02,5.405409336090087891e-01,1.914784193267449552e+01,4.600000000000000000e+01
4.150000000000000000e+02,5.411849021911621094e-01,1.914784193267449552e+01,1.100000000000000000e+01
4.160000000000000000e+02,5.448858737945556641e-01,1.914784193267449552e+01,4.700000000000000000e+01
4.170000000000000000e+02,5.456688404083251953e-01,1.914784193267449552e+01,1.100000000000000000e+01
4.180000000000000000e+02,5.464758872985839844e-01,1.914784193267449552e+01,4.700000000000000000e+01
4.190000000000000000e+02,5.473358631134033203e-01,1.914784193267449552e+01,1.100000000000000000e+01
4.200000000000000000e+02,5.484158992767333984e-01,1.914784193267449552e+01,4.700000000000000000e+01
4.210000000000000000e+02,5.494778156280517578e-01,1.914784193267449552e+01,1.100000000000000000e+01
4.220000000000000000e+02,5.506889820098876953e-01,1.914784193267449552e+01,4.700000000000000000e+01
4.230000000000000000e+02,5.518867969512939453e-01,1.914784193267449552e+01,1.100000000000000000e+01
4.240000000000000000e+02,5.529417991638183594e-01,1.914784193267449552e+01,4.700000000000000000e+01
4.250000000000000000e+02,5.541789531707763672e-01,1.914784193267449552e+01,1.100000000000000000e+01
4.260000000000000000e+02,5.554800033569335938e-01,1.914784193267449552e+01,4.700000000000000000e+01
4.270000000000000000e+02,5.564179420471191406e-01,1.914784193267449552e+01,1.100000000000000000e+01
4.280000000000000000e+02,5.582199096679687500e-01,1.914784193267449552e+01,4.700000000000000000e+01
4.290000000000000000e+02,5.597698688507080078e-01,1.914784193267449552e+01,1.100000000000000000e+01
4.300000000000000000e+02,5.613968372344970703e-01,1.914784193267449552e+01,4.700000000000000000e+01
4.310000000000000000e+02,5.628378391265869141e-01,1.914784193267449552e+01,1.100000000000000000e+01
4.320000000000000000e+02,5.642578601837158203e-01,1.914784193267449552e+01,4.700000000000000000e+01
4.330000000000000000e+02,5.648508071899414062e-01,1.914784193267449552e+01,1.100000000000000000e+01
4.340000000000000000e+02,5.658068656921386719e-01,1.914784193267449552e+01,4.700000000000000000e+01
4.350000000000000000e+02,5.698039531707763672e-01,1.914784193267449552e+01,1.200000000000000000e+01
4.360000000000000000e+02,5.723648071289062500e-01,1.914784193267449552e+01,4.700000000000000000e+01
4.370000000000000000e+02,5.730128288269042969e-01,1.914784193267449552e+01,1.200000000000000000e+01
4.380000000000000000e+02,5.787408351898193359e-01,1.914784193267449552e+01,4.800000000000000000e+01
4.390000000000000000e+02,5.794329643249511719e-01,1.914784193267449552e+01,1.200000000000000000e+01
4.400000000000000000e+02,5.825099945068359375e-01,1.914784193267449552e+01,4.900000000000000000e+01
4.410000000000000000e+02,5.832388401031494141e-01,1.914784193267449552e+01,1.200000000000000000e+01
4.420000000000000000e+02,5.838928222656250000e-01,1.914784193267449552e+01,4.900000000000000000e+01
4.430000000000000000e+02,5.849499702453613281e-01,1.914784193267449552e+01,1.200000000000000000e+01
4.440000000000000000e+02,5.860829353332519531e-01,1.914784193267449552e+01,4.900000000000000000e+01
4.450000000000000000e+02,5.869867801666259766e-01,1.914784193267449552e+01,1.200000000000000000e+01
4.460000000000000000e+02,5.877039432525634766e-01,1.914784193267449552e+01,4.900000000000000000e+01
4.470000000000000000e+02,5.887298583984375000e-01,1.914784193267449552e+01,1.200000000000000000e+01
4.480000000000000000e+02,5.901169776916503906e-01,1.914784193267449552e+01,4.900000000000000000e+01
4.490000000000000000e+02,5.910079479217529297e-01,1.914784193267449552e+01,1.200000000000000000e+01
4.500000000000000000e+02,5.926427841186523438e-01,1.914784193267449552e+01,4.900000000000000000e+01
4.510000000000000000e+02,5.938198566436767578e-01,1.914784193267449552e+01,1.200000000000000000e+01
4.520000000000000000e+02,5.951628684997558594e-01,1.914784193267449552e+01,4.900000000000000000e+01
4.530000000000000000e+02,5.961267948150634766e-01,1.914784193267449552e+01,1.200000000000000000e+01
4.540000000000000000e+02,5.976188182830810547e-01,1.914784193267449552e+01,4.900000000000000000e+01
4.550000000000000000e+02,5.986409187316894531e-01,1.914784193267449552e+01,1.200000000000000000e+01
4.560000000000000000e+02,5.996389389038085938e-01,1.914784193267449552e+01,4.900000000000000000e+01
4.570000000000000000e+02,6.003899574279785156e-01,1.914784193267449552e+01,1.200000000000000000e+01
4.580000000000000000e+02,6.022849082946777344e-01,1.914784193267449552e+01,4.900000000000000000e+01
4.590000000000000000e+02,6.028978824615478516e-01,1.914784193267449552e+01,1.200000000000000000e+01
4.600000000000000000e+02,6.104528903961181641e-01,1.914784193267449552e+01,5.000000000000000000e+01
4.610000000000000000e+02,6.110727787017822266e-01,1.914784193267449552e+01,1.200000000000000000e+01
4.620000000000000000e+02,6.118619441986083984e-01,1.914784193267449552e+01,5.000000000000000000e+01
4.630000000000000000e+02,6.127338409423828125e-01,1.914784193267449552e+01,1.200000000000000000e+01
4.640000000000000000e+02,6.134197711944580078e-01,1.914784193267449552e+01,5.000000000000000000e+01
4.650000000000000000e+02,6.142868995666503906e-01,1.914784193267449552e+01,1.200000000000000000e+01
4.660000000000000000e+02,6.149868965148925781e-01,1.914784193267449552e+01,5.000000000000000000e+01
4.670000000000000000e+02,6.157488822937011719e-01,1.914784193267449552e+01,1.200000000000000000e+01
4.680000000000000000e+02,6.167268753051757812e-01,1.914784193267449552e+01,5.000000000000000000e+01
4.690000000000000000e+02,6.177108287811279297e-01,1.914784193267449552e+01,1.200000000000000000e+01
4.700000000000000000e+02,6.184608936309814453e-01,1.914784193267449552e+01,5.000000000000000000e+01
4.710000000000000000e+02,6.194078922271728516e-01,1.914784193267449552e+01,1.200000000000000000e+01
4.720000000000000000e+02,6.201908588409423828e-01,1.914784193267449552e+01,5.000000000000000000e+01
4.730000000000000000e+02,6.217567920684814453e-01,1.914784193267449552e+01,1.200000000000000000e+01
4.740000000000000000e+02,6.231648921966552734e-01,1.914784193267449552e+01,5.000000000000000000e+01
4.750000000000000000e+02,6.243197917938232422e-01,1.914784193267449552e+01,1.200000000000000000e+01
4.760000000000000000e+02,6.263048648834228516e-01,1.914784193267449552e+01,5.000000000000000000e+01
4.770000000000000000e+02,6.279199123382568359e-01,1.914784193267449552e+01,1.200000000000000000e+01
4.780000000000000000e+02,6.293559074401855469e-01,1.914784193267449552e+01,5.000000000000000000e+01
4.790000000000000000e+02,6.303918361663818359e-01,1.914784193267449552e+01,1.200000000000000000e+01
4.800000000000000000e+02,6.312508583068847656e-01,1.914784193267449552e+01,5.000000000000000000e+01
4.810000000000000000e+02,6.318099498748779297e-01,1.914784193267449552e+01,1.200000000000000000e+01
4.820000000000000000e+02,6.420099735260009766e-01,1.914784193267449552e+01,5.100000000000000000e+01
4.830000000000000000e+02,6.448929309844970703e-01,1.914784193267449552e+01,1.300000000000000000e+01
4.840000000000000000e+02,6.467089653015136719e-01,1.914784193267449552e+01,5.100000000000000000e+01
4.850000000000000000e+02,6.472368240356445312e-01,1.914784193267449552e+01,1.300000000000000000e+01
4.860000000000000000e+02,6.537568569183349609e-01,1.914784193267449552e+01,5.200000000000000000e+01
4.870000000000000000e+02,6.545238494873046875e-01,1.914784193267449552e+01,1.300000000000000000e+01
4.880000000000000000e+02,6.565208435058593750e-01,1.914784193267449552e+01,5.200000000000000000e+01
4.890000000000000000e+02,6.574378013610839844e-01,1.914784193267449552e+01,1.300000000000000000e+01
4.900000000000000000e+02,6.593248844146728516e-01,1.914784193267449552e+01,5.300000000000000000e+01
4.910000000000000000e+02,6.602249145507812500e-01,1.914784193267449552e+01,1.300000000000000000e+01
4.920000000000000000e+02,6.613388061523437500e-01,1.914784193267449552e+01,5.300000000000000000e+01
4.930000000000000000e+02,6.622459888458251953e-01,1.914784193267449552e+01,1.300000000000000000e+01
4.940000000000000000e+02,6.634378433227539062e-01,1.914784193267449552e+01,5.300000000000000000e+01
4.950000000000000000e+02,6.646678447723388672e-01,1.914784193267449552e+01,1.300000000000000000e+01
4.960000000000000000e+02,6.654939651489257812e-01,1.914784193267449552e+01,5.300000000000000000e+01
4.970000000000000000e+02,6.668548583984375000e-01,1.914784193267449552e+01,1.300000000000000000e+01
4.980000000000000000e+02,6.683139801025390625e-01,1.914784193267449552e+01,5.300000000000000000e+01
4.990000000000000000e+02,6.692779064178466797e-01,1.914784193267449552e+01,1.300000000000000000e+01
