0.000000000000000000e+00,1.437902450561523438e-03,1.867183844240090451e+01,2.000000000000000000e+00
1.000000000000000000e+00,1.945972442626953125e-03,1.867183844240090451e+01,1.000000000000000000e+00
2.000000000000000000e+00,3.028869628906250000e-03,1.867183844240090451e+01,2.000000000000000000e+00
3.000000000000000000e+00,3.505945205688476562e-03,1.867183844240090451e+01,1.000000000000000000e+00
4.000000000000000000e+00,4.262924194335937500e-03,1.867183844240090451e+01,2.000000000000000000e+00
5.000000000000000000e+00,4.755973815917968750e-03,1.867183844240090451e+01,1.000000000000000000e+00
6.000000000000000000e+00,5.341053009033203125e-03,1.867183844240090451e+01,2.000000000000000000e+00
7.000000000000000000e+00,5.872964859008789062e-03,1.867183844240090451e+01,1.000000000000000000e+00
8.000000000000000000e+00,6.289005279541015625e-03,1.867183844240090451e+01,2.000000000000000000e+00
9.000000000000000000e+00,6.824016571044921875e-03,1.867183844240090451e+01,1.000000000000000000e+00
1.000000000000000000e+01,8.816957473754882812e-03,1.867183844240090451e+01,2.000000000000000000e+00
1.100000000000000000e+01,9.359836578369140625e-03,1.867183844240090451e+01,1.000000000000000000e+00
1.200000000000000000e+01,1.073789596557617188e-02,1.867183844240090451e+01,2.000000000000000000e+00
1.300000000000000000e+01,1.114702224731445312e-02,1.867183844240090451e+01,1.000000000000000000e+00
1.400000000000000000e+01,1.163196563720703125e-02,1.867183844240090451e+01,2.000000000000000000e+00
1.500000000000000000e+01,1.212096214294433594e-02,1.867183844240090451e+01,1.000000000000000000e+00
1.600000000000000000e+01,1.361894607543945312e-02,1.867183844240090451e+01,2.000000000000000000e+00
1.700000000000000000e+01,1.411890983581542969e-02,1.867183844240090451e+01,1.000000000000000000e+00
1.800000000000000000e+01,1.516485214233398438e-02,1.867183844240090451e+01,2.000000000000000000e+00
1.900000000000000000e+01,1.573681831359863281e-02,1.867183844240090451e+01,1.000000000000000000e+00
2.000000000000000000e+01,1.647782325744628906e-02,1.867183844240090451e+01,2.000000000000000000e+00
2.100000000000000000e+01,1.700401306152343750e-02,1.867183844240090451e+01,1.000000000000000000e+00
2.200000000000000000e+01,1.969099044799804688e-02,1.867183844240090451e+01,2.000000000000000000e+00
2.300000000000000000e+01,2.017903327941894531e-02,1.867183844240090451e+01,1.000000000000000000e+00
2.400000000000000000e+01,2.059197425842285156e-02,1.867183844240090451e+01,2.000000000000000000e+00
2.500000000000000000e+01,2.101683616638183594e-02,1.867183844240090451e+01,1.000000000000000000e+00
2.600000000000000000e+01,2.155399322509765625e-02,1.867183844240090451e+01,2.000000000000000000e+00
2.700000000000000000e+01,2.206087112426757812e-02,1.867183844240090451e+01,1.000000000000000000e+00
2.800000000000000000e+01,2.269387245178222656e-02,1.867183844240090451e+01,2.000000000000000000e+00
2.900000000000000000e+01,2.324199676513671875e-02,1.867183844240090451e+01,1.000000000000000000e+00
3.000000000000000000e+01,2.404904365539550781e-02,1.867183844240090451e+01,2.000000000000000000e+00
3.100000000000000000e+01,2.455782890319824219e-02,1.867183844240090451e+01,1.000000000000000000e+00
3.200000000000000000e+01,2.529096603393554688e-02,1.867183844240090451e+01,2.000000000000000000e+00
3.300000000000000000e+01,2.581000328063964844e-02,1.867183844240090451e+01,1.000000000000000000e+00
3.400000000000000000e+01,2.758598327636718750e-02,1.867183844240090451e+01,2.000000000000000000e+00
3.500000000000000000e+01,2.802300453186035156e-02,1.867183844240090451e+01,1.000000000000000000e+00
3.600000000000000000e+01,2.936983108520507812e-02,1.866875998345037857e+01,3.000000000000000000e+00
3.700000000000000000e+01,2.999496459960937500e-02,1.866875998345037857e+01,1.000000000000000000e+00
3.800000000000000000e+01,3.234386444091796875e-02,1.866875998345037857e+01,2.000000000000000000e+00
3.900000000000000000e+01,3.285598754882812500e-02,1.866875998345037857e+01,1.000000000000000000e+00
4.000000000000000000e+01,3.332781791687011719e-02,1.866875998345037857e+01,2.000000000000000000e+00
4.100000000000000000e+01,3.386187553405761719e-02,1.866875998345037857e+01,1.000000000000000000e+00
4.200000000000000000e+01,3.445386886596679688e-02,1.866875998345037857e+01,2.000000000000000000e+00
4.300000000000000000e+01,3.500103950500488281e-02,1.866875998345037857e+01,1.000000000000000000e+00
4.400000000000000000e+01,3.796291351318359375e-02,1.866875998345037857e+01,2.000000000000000000e+00
4.500000000000000000e+01,3.842091560363769531e-02,1.866875998345037857e+01,1.000000000000000000e+00
4.600000000000000000e+01,3.904700279235839844e-02,1.866875998345037857e+01,2.000000000000000000e+00
4.700000000000000000e+01,3.952598571777343750e-02,1.866875998345037857e+01,1.000000000000000000e+00
4.800000000000000000e+01,4.018402099609375000e-02,1.866875998345037857e+01,2.000000000000000000e+00
4.900000000000000000e+01,4.072189331054687500e-02,1.866875998345037857e+01,1.000000000000000000e+00
5.000000000000000000e+01,4.131889343261718750e-02,1.866875998345037857e+01,2.000000000000000000e+00
5.100000000000000000e+01,4.176998138427734375e-02,1.866875998345037857e+01,1.000000000000000000e+00
5.200000000000000000e+01,4.307794570922851562e-02,1.866875998345037857e+01,2.000000000000000000e+00
5.300000000000000000e+01,4.352688789367675781e-02,1.866875998345037857e+01,1.000000000000000000e+00
5.400000000000000000e+01,4.443192481994628906e-02,1.866875998345037857e+01,2.000000000000000000e+00
5.500000000000000000e+01,4.492092132568359375e-02,1.866875998345037857e+01,1.000000000000000000e+00
5.600000000000000000e+01,4.537701606750488281e-02,1.866875998345037857e+01,2.000000000000000000e+00
5.700000000000000000e+01,4.591488838195800781e-02,1.866875998345037857e+01,1.000000000000000000e+00
5.800000000000000000e+01,4.665899276733398438e-02,1.866875998345037857e+01,2.000000000000000000e+00
5.900000000000000000e+01,4.714083671569824219e-02,1.866875998345037857e+01,1.000000000000000000e+00
6.000000000000000000e+01,4.760694503784179688e-02,1.866875998345037857e+01,2.000000000000000000e+00
6.100000000000000000e+01,4.813885688781738281e-02,1.866875998345037857e+01,1.000000000000000000e+00
6.200000000000000000e+01,4.858088493347167969e-02,1.866875998345037857e+01,2.000000000000000000e+00
6.300000000000000000e+01,4.915690422058105469e-02,1.866875998345037857e+01,1.000000000000000000e+00
6.400000000000000000e+01,5.035686492919921875e-02,1.866875998345037857e+01,2.000000000000000000e+00
6.500000000000000000e+01,5.089902877807617188e-02,1.866875998345037857e+01,1.000000000000000000e+00
6.600000000000000000e+01,5.238103866577148438e-02,1.866875998345037857e+01,2.000000000000000000e+00
6.700000000000000000e+01,5.291891098022460938e-02,1.866875998345037857e+01,1.000000000000000000e+00
6.800000000000000000e+01,5.345892906188964844e-02,1.866875998345037857e+01,2.000000000000000000e+00
6.900000000000000000e+01,5.390691757202148438e-02,1.866875998345037857e+01,1.000000000000000000e+00
7.000000000000000000e+01,5.532789230346679688e-02,1.866875998345037857e+01,2.000000000000000000e+00
7.100000000000000000e+01,5.580997467041015625e-02,1.866875998345037857e+01,1.000000000000000000e+00
7.200000000000000000e+01,5.646491050720214844e-02,1.866875998345037857e+01,2.000000000000000000e+00
7.300000000000000000e+01,5.691099166870117188e-02,1.866875998345037857e+01,1.000000000000000000e+00
7.400000000000000000e+01,5.755782127380371094e-02,1.866875998345037857e+01,2.000000000000000000e+00
7.500000000000000000e+01,5.801892280578613281e-02,1.866875998345037857e+01,1.000000000000000000e+00
7.600000000000000000e+01,5.935287475585937500e-02,1.863065012897367723e+01,3.000000000000000000e+00
7.700000000000000000e+01,5.980682373046875000e-02,1.863065012897367723e+01,1.000000000000000000e+00
7.800000000000000000e+01,6.030893325805664062e-02,1.863065012897367723e+01,2.000000000000000000e+00
7.900000000000000000e+01,6.076097488403320312e-02,1.863065012897367723e+01,1.000000000000000000e+00
8.000000000000000000e+01,6.129598617553710938e-02,1.863065012897367723e+01,2.000000000000000000e+00
8.100000000000000000e+01,6.176996231079101562e-02,1.863065012897367723e+01,1.000000000000000000e+00
8.200000000000000000e+01,6.257104873657226562e-02,1.863065012897367723e+01,2.000000000000000000e+00
8.300000000000000000e+01,6.306004524230957031e-02,1.863065012897367723e+01,1.000000000000000000e+00
8.400000000000000000e+01,6.400990486145019531e-02,1.863065012897367723e+01,2.000000000000000000e+00
8.500000000000000000e+01,6.443881988525390625e-02,1.863065012897367723e+01,1.000000000000000000e+00
8.600000000000000000e+01,6.505393981933593750e-02,1.863065012897367723e+01,2.000000000000000000e+00
8.700000000000000000e+01,6.550598144531250000e-02,1.863065012897367723e+01,1.000000000000000000e+00
8.800000000000000000e+01,6.597304344177246094e-02,1.863065012897367723e+01,2.000000000000000000e+00
8.900000000000000000e+01,6.647992134094238281e-02,1.863065012897367723e+01,1.000000000000000000e+00
9.000000000000000000e+01,6.706404685974121094e-02,1.863065012897367723e+01,2.000000000000000000e+00
9.100000000000000000e+01,6.755185127258300781e-02,1.863065012897367723e+01,1.000000000000000000e+00
9.200000000000000000e+01,6.799793243408203125e-02,1.863065012897367723e+01,2.000000000000000000e+00
9.300000000000000000e+01,6.846404075622558594e-02,1.863065012897367723e+01,1.000000000000000000e+00
9.400000000000000000e+01,6.904101371765136719e-02,1.863065012897367723e+01,2.000000000000000000e+00
9.500000000000000000e+01,6.945085525512695312e-02,1.863065012897367723e+01,1.000000000000000000e+00
9.600000000000000000e+01,7.012200355529785156e-02,1.863065012897367723e+01,2.000000000000000000e+00
9.700000000000000000e+01,7.058286666870117188e-02,1.863065012897367723e+01,1.000000000000000000e+00
9.800000000000000000e+01,7.152986526489257812e-02,1.863065012897367723e+01,2.000000000000000000e+00
9.900000000000000000e+01,7.195496559143066406e-02,1.863065012897367723e+01,1.000000000000000000e+00
1.000000000000000000e+02,7.242298126220703125e-02,1.863065012897367723e+01,2.000000000000000000e+00
1.010000000000000000e+02,7.286095619201660156e-02,1.863065012897367723e+01,1.000000000000000000e+00
1.020000000000000000e+02,7.332682609558105469e-02,1.863065012897367723e+01,2.000000000000000000e+00
1.030000000000000000e+02,7.375288009643554688e-02,1.863065012897367723e+01,1.000000000000000000e+00
1.040000000000000000e+02,7.430887222290039062e-02,1.863065012897367723e+01,2.000000000000000000e+00
1.050000000000000000e+02,7.472085952758789062e-02,1.863065012897367723e+01,1.000000000000000000e+00
1.060000000000000000e+02,7.656884193420410156e-02,1.863065012897367723e+01,2.000000000000000000e+00
1.070000000000000000e+02,7.701182365417480469e-02,1.863065012897367723e+01,1.000000000000000000e+00
1.080000000000000000e+02,7.744598388671875000e-02,1.863065012897367723e+01,2.000000000000000000e+00
1.090000000000000000e+02,7.788085937500000000e-02,1.863065012897367723e+01,1.000000000000000000e+00
1.100000000000000000e+02,7.913303375244140625e-02,1.863065012897367723e+01,2.000000000000000000e+00
1.110000000000000000e+02,7.966804504394531250e-02,1.863065012897367723e+01,1.000000000000000000e+00
1.120000000000000000e+02,8.066701889038085938e-02,1.863065012897367723e+01,2.000000000000000000e+00
1.130000000000000000e+02,8.110690116882324219e-02,1.863065012897367723e+01,1.000000000000000000e+00
1.140000000000000000e+02,8.157587051391601562e-02,1.863065012897367723e+01,2.000000000000000000e+00
1.150000000000000000e+02,8.214592933654785156e-02,1.863065012897367723e+01,1.000000000000000000e+00
1.160000000000000000e+02,8.265590667724609375e-02,1.863065012897367723e+01,2.000000000000000000e+00
1.170000000000000000e+02,8.308982849121093750e-02,1.863065012897367723e+01,1.000000000000000000e+00
1.180000000000000000e+02,8.398485183715820312e-02,1.863065012897367723e+01,2.000000000000000000e+00
1.190000000000000000e+02,8.446383476257324219e-02,1.863065012897367723e+01,1.000000000000000000e+00
1.200000000000000000e+02,8.497405052185058594e-02,1.863065012897367723e+01,2.000000000000000000e+00
1.210000000000000000e+02,8.542299270629882812e-02,1.863065012897367723e+01,1.000000000000000000e+00
1.220000000000000000e+02,8.641099929809570312e-02,1.863065012897367723e+01,2.000000000000000000e+00
1.230000000000000000e+02,8.689403533935546875e-02,1.863065012897367723e+01,1.000000000000000000e+00
1.240000000000000000e+02,8.852386474609375000e-02,1.859679575650668326e+01,3.000000000000000000e+00
1.250000000000000000e+02,8.903288841247558594e-02,1.859679575650668326e+01,1.000000000000000000e+00
1.260000000000000000e+02,9.044194221496582031e-02,1.859679575650668326e+01,2.000000000000000000e+00
1.270000000000000000e+02,9.095597267150878906e-02,1.859679575650668326e+01,1.000000000000000000e+00
1.280000000000000000e+02,9.387683868408203125e-02,1.859679575650668326e+01,2.000000000000000000e+00
1.290000000000000000e+02,9.430193901062011719e-02,1.859679575650668326e+01,1.000000000000000000e+00
1.300000000000000000e+02,9.552192687988281250e-02,1.858286546129071581e+01,3.000000000000000000e+00
1.310000000000000000e+02,9.599399566650390625e-02,1.858286546129071581e+01,1.000000000000000000e+00
1.320000000000000000e+02,9.721589088439941406e-02,1.858286546129071581e+01,2.000000000000000000e+00
1.330000000000000000e+02,9.774899482727050781e-02,1.858286546129071581e+01,1.000000000000000000e+00
1.340000000000000000e+02,9.822487831115722656e-02,1.858286546129071581e+01,2.000000000000000000e+00
1.350000000000000000e+02,9.868192672729492188e-02,1.858286546129071581e+01,1.000000000000000000e+00
1.360000000000000000e+02,9.941601753234863281e-02,1.858286546129071581e+01,2.000000000000000000e+00
1.370000000000000000e+02,9.983897209167480469e-02,1.858286546129071581e+01,1.000000000000000000e+00
1.380000000000000000e+02,1.003398895263671875e-01,1.858286546129071581e+01,2.000000000000000000e+00
1.390000000000000000e+02,1.008498668670654297e-01,1.858286546129071581e+01,1.000000000000000000e+00
1.400000000000000000e+02,1.015310287475585938e-01,1.858286546129071581e+01,2.000000000000000000e+00
1.410000000000000000e+02,1.020328998565673828e-01,1.858286546129071581e+01,1.000000000000000000e+00
1.420000000000000000e+02,1.026709079742431641e-01,1.858286546129071581e+01,2.000000000000000000e+00
1.430000000000000000e+02,1.032798290252685547e-01,1.858286546129071581e+01,1.000000000000000000e+00
1.440000000000000000e+02,1.038119792938232422e-01,1.858286546129071581e+01,2.000000000000000000e+00
1.450000000000000000e+02,1.042878627777099609e-01,1.858286546129071581e+01,1.000000000000000000e+00
1.460000000000000000e+02,1.048500537872314453e-01,1.858286546129071581e+01,2.000000000000000000e+00
1.470000000000000000e+02,1.053390502929687500e-01,1.858286546129071581e+01,1.000000000000000000e+00
1.480000000000000000e+02,1.064670085906982422e-01,1.858286546129071581e+01,2.000000000000000000e+00
1.490000000000000000e+02,1.069970130920410156e-01,1.858286546129071581e+01,1.000000000000000000e+00
1.500000000000000000e+02,1.079909801483154297e-01,1.858286546129071581e+01,2.000000000000000000e+00
1.510000000000000000e+02,1.084580421447753906e-01,1.858286546129071581e+01,1.000000000000000000e+00
1.520000000000000000e+02,1.092979907989501953e-01,1.858286546129071581e+01,2.000000000000000000e+00
1.530000000000000000e+02,1.098108291625976562e-01,1.858286546129071581e+01,1.000000000000000000e+00
1.540000000000000000e+02,1.103289127349853516e-01,1.858286546129071581e+01,2.000000000000000000e+00
1.550000000000000000e+02,1.107468605041503906e-01,1.858286546129071581e+01,1.000000000000000000e+00
1.560000000000000000e+02,1.114559173583984375e-01,1.858286546129071581e+01,2.000000000000000000e+00
1.570000000000000000e+02,1.119029521942138672e-01,1.858286546129071581e+01,1.000000000000000000e+00
1.580000000000000000e+02,1.132750511169433594e-01,1.858286546129071581e+01,2.000000000000000000e+00
1.590000000000000000e+02,1.137390136718750000e-01,1.858286546129071581e+01,1.000000000000000000e+00
1.600000000000000000e+02,1.143758296966552734e-01,1.858286546129071581e+01,2.000000000000000000e+00
1.610000000000000000e+02,1.149439811706542969e-01,1.858286546129071581e+01,1.000000000000000000e+00
1.620000000000000000e+02,1.154479980468750000e-01,1.858286546129071581e+01,2.000000000000000000e+00
1.630000000000000000e+02,1.159360408782958984e-01,1.858286546129071581e+01,1.000000000000000000e+00
1.640000000000000000e+02,1.169028282165527344e-01,1.858286546129071581e+01,2.000000000000000000e+00
1.650000000000000000e+02,1.174278259277343750e-01,1.858286546129071581e+01,1.000000000000000000e+00
1.660000000000000000e+02,1.184258460998535156e-01,1.858286546129071581e+01,2.000000000000000000e+00
1.670000000000000000e+02,1.188349723815917969e-01,1.858286546129071581e+01,1.000000000000000000e+00
1.680000000000000000e+02,1.192829608917236328e-01,1.858286546129071581e+01,2.000000000000000000e+00
1.690000000000000000e+02,1.197409629821777344e-01,1.858286546129071581e+01,1.000000000000000000e+00
1.700000000000000000e+02,1.201968193054199219e-01,1.858286546129071581e+01,2.000000000000000000e+00
1.710000000000000000e+02,1.206209659576416016e-01,1.858286546129071581e+01,1.000000000000000000e+00
1.720000000000000000e+02,1.212470531463623047e-01,1.858286546129071581e+01,2.000000000000000000e+00
1.730000000000000000e+02,1.217389106750488281e-01,1.858286546129071581e+01,1.000000000000000000e+00
1.740000000000000000e+02,1.252880096435546875e-01,1.858286546129071581e+01,2.000000000000000000e+00
1.750000000000000000e+02,1.257619857788085938e-01,1.858286546129071581e+01,1.000000000000000000e+00
1.760000000000000000e+02,1.262729167938232422e-01,1.858286546129071581e+01,2.000000000000000000e+00
1.770000000000000000e+02,1.267378330230712891e-01,1.858286546129071581e+01,1.000000000000000000e+00
1.780000000000000000e+02,1.274850368499755859e-01,1.858286546129071581e+01,2.000000000000000000e+00
1.790000000000000000e+02,1.279988288879394531e-01,1.858286546129071581e+01,1.000000000000000000e+00
1.800000000000000000e+02,1.284389495849609375e-01,1.858286546129071581e+01,2.000000000000000000e+00
1.810000000000000000e+02,1.290118694305419922e-01,1.858286546129071581e+01,1.000000000000000000e+00
1.820000000000000000e+02,1.298358440399169922e-01,1.858286546129071581e+01,2.000000000000000000e+00
1.830000000000000000e+02,1.303238868713378906e-01,1.858286546129071581e+01,1.000000000000000000e+00
1.840000000000000000e+02,1.307809352874755859e-01,1.858286546129071581e+01,2.000000000000000000e+00
1.850000000000000000e+02,1.312699317932128906e-01,1.858286546129071581e+01,1.000000000000000000e+00
1.860000000000000000e+02,1.320419311523437500e-01,1.858286546129071581e+01,2.000000000000000000e+00
1.870000000000000000e+02,1.325328350067138672e-01,1.858286546129071581e+01,1.000000000000000000e+00
1.880000000000000000e+02,1.340448856353759766e-01,1.858286546129071581e+01,2.000000000000000000e+00
1.890000000000000000e+02,1.345438957214355469e-01,1.858286546129071581e+01,1.000000000000000000e+00
1.900000000000000000e+02,1.366839408874511719e-01,1.858286546129071581e+01,2.000000000000000000e+00
1.910000000000000000e+02,1.372070312500000000e-01,1.858286546129071581e+01,1.000000000000000000e+00
1.920000000000000000e+02,1.377518177032470703e-01,1.858286546129071581e+01,2.000000000000000000e+00
1.930000000000000000e+02,1.382298469543457031e-01,1.858286546129071581e+01,1.000000000000000000e+00
1.940000000000000000e+02,1.388828754425048828e-01,1.858286546129071581e+01,2.000000000000000000e+00
1.950000000000000000e+02,1.393289566040039062e-01,1.858286546129071581e+01,1.000000000000000000e+00
1.960000000000000000e+02,1.398408412933349609e-01,1.858286546129071581e+01,2.000000000000000000e+00
1.970000000000000000e+02,1.402928829193115234e-01,1.858286546129071581e+01,1.000000000000000000e+00
1.980000000000000000e+02,1.408770084381103516e-01,1.858286546129071581e+01,2.000000000000000000e+00
1.990000000000000000e+02,1.414349079132080078e-01,1.858286546129071581e+01,1.000000000000000000e+00
2.000000000000000000e+02,1.428129673004150391e-01,1.858286546129071581e+01,2.000000000000000000e+00
2.010000000000000000e+02,1.432938575744628906e-01,1.858286546129071581e+01,1.000000000000000000e+00
2.020000000000000000e+02,1.443169116973876953e-01,1.858286546129071581e+01,2.000000000000000000e+00
2.030000000000000000e+02,1.448099613189697266e-01,1.858286546129071581e+01,1.000000000000000000e+00
2.040000000000000000e+02,1.452820301055908203e-01,1.858286546129071581e+01,2.000000000000000000e+00
2.050000000000000000e+02,1.457629203796386719e-01,1.858286546129071581e+01,1.000000000000000000e+00
2.060000000000000000e+02,1.464328765869140625e-01,1.858286546129071581e+01,2.000000000000000000e+00
2.070000000000000000e+02,1.469528675079345703e-01,1.858286546129071581e+01,1.000000000000000000e+00
2.080000000000000000e+02,1.478040218353271484e-01,1.858286546129071581e+01,2.000000000000000000e+00
2.090000000000000000e+02,1.482248306274414062e-01,1.858286546129071581e+01,1.000000000000000000e+00
2.100000000000000000e+02,1.487889289855957031e-01,1.858286546129071581e+01,2.000000000000000000e+00
2.110000000000000000e+02,1.492400169372558594e-01,1.858286546129071581e+01,1.000000000000000000e+00
2.120000000000000000e+02,1.497728824615478516e-01,1.858286546129071581e+01,2.000000000000000000e+00
2.130000000000000000e+02,1.501870155334472656e-01,1.858286546129071581e+01,1.000000000000000000e+00
2.140000000000000000e+02,1.506400108337402344e-01,1.858286546129071581e+01,2.000000000000000000e+00
2.150000000000000000e+02,1.511678695678710938e-01,1.858286546129071581e+01,1.000000000000000000e+00
2.160000000000000000e+02,1.530339717864990234e-01,1.858286546129071581e+01,2.000000000000000000e+00
2.170000000000000000e+02,1.535389423370361328e-01,1.858286546129071581e+01,1.000000000000000000e+00
2.180000000000000000e+02,1.540658473968505859e-01,1.858286546129071581e+01,2.000000000000000000e+00
2.190000000000000000e+02,1.545939445495605469e-01,1.858286546129071581e+01,1.000000000000000000e+00
2.200000000000000000e+02,1.551270484924316406e-01,1.858286546129071581e+01,2.000000000000000000e+00
2.210000000000000000e+02,1.556038856506347656e-01,1.858286546129071581e+01,1.000000000000000000e+00
2.220000000000000000e+02,1.560559272766113281e-01,1.858286546129071581e+01,2.000000000000000000e+00
2.230000000000000000e+02,1.565480232238769531e-01,1.858286546129071581e+01,1.000000000000000000e+00
2.240000000000000000e+02,1.569788455963134766e-01,1.858286546129071581e+01,2.000000000000000000e+00
2.250000000000000000e+02,1.574208736419677734e-01,1.858286546129071581e+01,1.000000000000000000e+00
2.260000000000000000e+02,1.597719192504882812e-01,1.858286546129071581e+01,2.000000000000000000e+00
2.270000000000000000e+02,1.602368354797363281e-01,1.858286546129071581e+01,1.000000000000000000e+00
2.280000000000000000e+02,1.606450080871582031e-01,1.858286546129071581e+01,2.000000000000000000e+00
2.290000000000000000e+02,1.610569953918457031e-01,1.858286546129071581e+01,1.000000000000000000e+00
2.300000000000000000e+02,1.615149974822998047e-01,1.858286546129071581e+01,2.000000000000000000e+00
2.310000000000000000e+02,1.619739532470703125e-01,1.858286546129071581e+01,1.000000000000000000e+00
2.320000000000000000e+02,1.623718738555908203e-01,1.858286546129071581e+01,2.000000000000000000e+00
2.330000000000000000e+02,1.629369258880615234e-01,1.858286546129071581e+01,1.000000000000000000e+00
2.340000000000000000e+02,1.639440059661865234e-01,1.858286546129071581e+01,2.000000000000000000e+00
2.350000000000000000e+02,1.643960475921630859e-01,1.858286546129071581e+01,1.000000000000000000e+00
2.360000000000000000e+02,1.649339199066162109e-01,1.858286546129071581e+01,2.000000000000000000e+00
2.370000000000000000e+02,1.654388904571533203e-01,1.858286546129071581e+01,1.000000000000000000e+00
2.380000000000000000e+02,1.658458709716796875e-01,1.858286546129071581e+01,2.000000000000000000e+00
2.390000000000000000e+02,1.662650108337402344e-01,1.858286546129071581e+01,1.000000000000000000e+00
2.400000000000000000e+02,1.667749881744384766e-01,1.858286546129071581e+01,2.000000000000000000e+00
2.410000000000000000e+02,1.673059463500976562e-01,1.858286546129071581e+01,1.000000000000000000e+00
2.420000000000000000e+02,1.678948402404785156e-01,1.858286546129071581e+01,2.000000000000000000e+00
2.430000000000000000e+02,1.684689521789550781e-01,1.858286546129071581e+01,1.000000000000000000e+00
2.440000000000000000e+02,1.691648960113525391e-01,1.858286546129071581e+01,2.000000000000000000e+00
2.450000000000000000e+02,1.696269512176513672e-01,1.858286546129071581e+01,1.000000000000000000e+00
2.460000000000000000e+02,1.708288192749023438e-01,1.858286546129071581e+01,2.000000000000000000e+00
2.470000000000000000e+02,1.713440418243408203e-01,1.858286546129071581e+01,1.000000000000000000e+00
2.480000000000000000e+02,1.720879077911376953e-01,1.858286546129071581e+01,2.000000000000000000e+00
2.490000000000000000e+02,1.726279258728027344e-01,1.858286546129071581e+01,1.000000000000000000e+00
2.500000000000000000e+02,1.730768680572509766e-01,1.858286546129071581e+01,2.000000000000000000e+00
2.510000000000000000e+02,1.734929084777832031e-01,1.858286546129071581e+01,1.000000000000000000e+00
2.520000000000000000e+02,1.748518943786621094e-01,1.858286546129071581e+01,2.000000000000000000e+00
2.530000000000000000e+02,1.753029823303222656e-01,1.858286546129071581e+01,1.000000000000000000e+00
2.540000000000000000e+02,1.758739948272705078e-01,1.858286546129071581e+01,2.000000000000000000e+00
2.550000000000000000e+02,1.763989925384521484e-01,1.858286546129071581e+01,1.000000000000000000e+00
2.560000000000000000e+02,1.773238182067871094e-01,1.858286546129071581e+01,2.000000000000000000e+00
2.570000000000000000e+02,1.777439117431640625e-01,1.858286546129071581e+01,1.000000000000000000e+00
2.580000000000000000e+02,1.782598495483398438e-01,1.858286546129071581e+01,2.000000000000000000e+00
2.590000000000000000e+02,1.787400245666503906e-01,1.858286546129071581e+01,1.000000000000000000e+00
2.600000000000000000e+02,1.793968677520751953e-01,1.858286546129071581e+01,2.000000000000000000e+00
2.610000000000000000e+02,1.798830032348632812e-01,1.858286546129071581e+01,1.000000000000000000e+00
2.620000000000000000e+02,1.803739070892333984e-01,1.858286546129071581e+01,2.000000000000000000e+00
2.630000000000000000e+02,1.808588504791259766e-01,1.858286546129071581e+01,1.000000000000000000e+00
2.640000000000000000e+02,1.818208694458007812e-01,1.858286546129071581e+01,2.000000000000000000e+00
2.650000000000000000e+02,1.823408603668212891e-01,1.858286546129071581e+01,1.000000000000000000e+00
2.660000000000000000e+02,1.831660270690917969e-01,1.858286546129071581e+01,2.000000000000000000e+00
2.670000000000000000e+02,1.836228370666503906e-01,1.858286546129071581e+01,1.000000000000000000e+00
2.680000000000000000e+02,1.845388412475585938e-01,1.858286546129071581e+01,2.000000000000000000e+00
2.690000000000000000e+02,1.849908828735351562e-01,1.858286546129071581e+01,1.000000000000000000e+00
2.700000000000000000e+02,1.854279041290283203e-01,1.858286546129071581e+01,2.000000000000000000e+00
2.710000000000000000e+02,1.859819889068603516e-01,1.858286546129071581e+01,1.000000000000000000e+00
2.720000000000000000e+02,1.866948604583740234e-01,1.858286546129071581e+01,2.000000000000000000e+00
2.730000000000000000e+02,1.872088909149169922e-01,1.858286546129071581e+01,1.000000000000000000e+00
2.740000000000000000e+02,1.881349086761474609e-01,1.858286546129071581e+01,2.000000000000000000e+00
2.750000000000000000e+02,1.885728836059570312e-01,1.858286546129071581e+01,1.000000000000000000e+00
2.760000000000000000e+02,1.905889511108398438e-01,1.858286546129071581e+01,2.000000000000000000e+00
2.770000000000000000e+02,1.910889148712158203e-01,1.858286546129071581e+01,1.000000000000000000e+00
2.780000000000000000e+02,1.916689872741699219e-01,1.858286546129071581e+01,2.000000000000000000e+00
2.790000000000000000e+02,1.921029090881347656e-01,1.858286546129071581e+01,1.000000000000000000e+00
2.800000000000000000e+02,1.943428516387939453e-01,1.858286546129071581e+01,2.000000000000000000e+00
2.810000000000000000e+02,1.949038505554199219e-01,1.858286546129071581e+01,1.000000000000000000e+00
2.820000000000000000e+02,1.966948509216308594e-01,1.858286546129071581e+01,2.000000000000000000e+00
2.830000000000000000e+02,1.971199512481689453e-01,1.858286546129071581e+01,1.000000000000000000e+00
2.840000000000000000e+02,1.976079940795898438e-01,1.858286546129071581e+01,2.000000000000000000e+00
2.850000000000000000e+02,1.981430053710937500e-01,1.858286546129071581e+01,1.000000000000000000e+00
2.860000000000000000e+02,1.987898349761962891e-01,1.858286546129071581e+01,2.000000000000000000e+00
2.870000000000000000e+02,1.992509365081787109e-01,1.858286546129071581e+01,1.000000000000000000e+00
2.880000000000000000e+02,1.998729705810546875e-01,1.858286546129071581e+01,2.000000000000000000e+00
2.890000000000000000e+02,2.003250122070312500e-01,1.858286546129071581e+01,1.000000000000000000e+00
2.900000000000000000e+02,2.011530399322509766e-01,1.858286546129071581e+01,2.000000000000000000e+00
2.910000000000000000e+02,2.016408443450927734e-01,1.858286546129071581e+01,1.000000000000000000e+00
2.920000000000000000e+02,2.022440433502197266e-01,1.858286546129071581e+01,2.000000000000000000e+00
2.930000000000000000e+02,2.027380466461181641e-01,1.858286546129071581e+01,1.000000000000000000e+00
2.940000000000000000e+02,2.039239406585693359e-01,1.858286546129071581e+01,2.000000000000000000e+00
2.950000000000000000e+02,2.043869495391845703e-01,1.858286546129071581e+01,1.000000000000000000e+00
2.960000000000000000e+02,2.047979831695556641e-01,1.858286546129071581e+01,2.000000000000000000e+00
2.970000000000000000e+02,2.053349018096923828e-01,1.858286546129071581e+01,1.000000000000000000e+00
2.980000000000000000e+02,2.059340476989746094e-01,1.858286546129071581e+01,2.000000000000000000e+00
2.990000000000000000e+02,2.065558433532714844e-01,1.858286546129071581e+01,1.000000000000000000e+00
3.000000000000000000e+02,2.070219516754150391e-01,1.858286546129071581e+01,2.000000000000000000e+00
3.010000000000000000e+02,2.075150012969970703e-01,1.858286546129071581e+01,1.000000000000000000e+00
3.020000000000000000e+02,2.081890106201171875e-01,1.858286546129071581e+01,2.000000000000000000e+00
3.030000000000000000e+02,2.086229324340820312e-01,1.858286546129071581e+01,1.000000000000000000e+00
3.040000000000000000e+02,2.091009616851806641e-01,1.858286546129071581e+01,2.000000000000000000e+00
3.050000000000000000e+02,2.095408439636230469e-01,1.858286546129071581e+01,1.000000000000000000e+00
3.060000000000000000e+02,2.100038528442382812e-01,1.858286546129071581e+01,2.000000000000000000e+00
3.070000000000000000e+02,2.104990482330322266e-01,1.858286546129071581e+01,1.000000000000000000e+00
3.080000000000000000e+02,2.110779285430908203e-01,1.858286546129071581e+01,2.000000000000000000e+00
3.090000000000000000e+02,2.114720344543457031e-01,1.858286546129071581e+01,1.000000000000000000e+00
3.100000000000000000e+02,2.122809886932373047e-01,1.858286546129071581e+01,2.000000000000000000e+00
3.110000000000000000e+02,2.127249240875244141e-01,1.858286546129071581e+01,1.000000000000000000e+00
3.120000000000000000e+02,2.134840488433837891e-01,1.858286546129071581e+01,2.000000000000000000e+00
3.130000000000000000e+02,2.139258384704589844e-01,1.858286546129071581e+01,1.000000000000000000e+00
3.140000000000000000e+02,2.149748802185058594e-01,1.858286546129071581e+01,2.000000000000000000e+00
3.150000000000000000e+02,2.155230045318603516e-01,1.858286546129071581e+01,1.000000000000000000e+00
3.160000000000000000e+02,2.167639732360839844e-01,1.858286546129071581e+01,2.000000000000000000e+00
3.170000000000000000e+02,2.172648906707763672e-01,1.858286546129071581e+01,1.000000000000000000e+00
3.180000000000000000e+02,2.179169654846191406e-01,1.858286546129071581e+01,2.000000000000000000e+00
3.190000000000000000e+02,2.184209823608398438e-01,1.858286546129071581e+01,1.000000000000000000e+00
3.200000000000000000e+02,2.189919948577880859e-01,1.858286546129071581e+01,2.000000000000000000e+00
3.210000000000000000e+02,2.195179462432861328e-01,1.858286546129071581e+01,1.000000000000000000e+00
3.220000000000000000e+02,2.208938598632812500e-01,1.858286546129071581e+01,2.000000000000000000e+00
3.230000000000000000e+02,2.213759422302246094e-01,1.858286546129071581e+01,1.000000000000000000e+00
3.240000000000000000e+02,2.219529151916503906e-01,1.858286546129071581e+01,2.000000000000000000e+00
3.250000000000000000e+02,2.224588394165039062e-01,1.858286546129071581e+01,1.000000000000000000e+00
3.260000000000000000e+02,2.230968475341796875e-01,1.858286546129071581e+01,2.000000000000000000e+00
3.270000000000000000e+02,2.236509323120117188e-01,1.858286546129071581e+01,1.000000000000000000e+00
3.280000000000000000e+02,2.261338233947753906e-01,1.858286546129071581e+01,2.000000000000000000e+00
3.290000000000000000e+02,2.266008853912353516e-01,1.858286546129071581e+01,1.000000000000000000e+00
3.300000000000000000e+02,2.271218299865722656e-01,1.858286546129071581e+01,2.000000000000000000e+00
3.310000000000000000e+02,2.276558876037597656e-01,1.858286546129071581e+01,1.000000000000000000e+00
3.320000000000000000e+02,2.282500267028808594e-01,1.858286546129071581e+01,2.000000000000000000e+00
3.330000000000000000e+02,2.287859916687011719e-01,1.858286546129071581e+01,1.000000000000000000e+00
3.340000000000000000e+02,2.292480468750000000e-01,1.858286546129071581e+01,2.000000000000000000e+00
3.350000000000000000e+02,2.297208309173583984e-01,1.858286546129071581e+01,1.000000000000000000e+00
3.360000000000000000e+02,2.301318645477294922e-01,1.858286546129071581e+01,2.000000000000000000e+00
3.370000000000000000e+02,2.305648326873779297e-01,1.858286546129071581e+01,1.000000000000000000e+00
3.380000000000000000e+02,2.313940525054931641e-01,1.858286546129071581e+01,2.000000000000000000e+00
3.390000000000000000e+02,2.318830490112304688e-01,1.858286546129071581e+01,1.000000000000000000e+00
3.400000000000000000e+02,2.325320243835449219e-01,1.858286546129071581e+01,2.000000000000000000e+00
3.410000000000000000e+02,2.329699993133544922e-01,1.858286546129071581e+01,1.000000000000000000e+00
3.420000000000000000e+02,2.335369586944580078e-01,1.858286546129071581e+01,2.000000000000000000e+00
3.430000000000000000e+02,2.340338230133056641e-01,1.858286546129071581e+01,1.000000000000000000e+00
3.440000000000000000e+02,2.344949245452880859e-01,1.858286546129071581e+01,2.000000000000000000e+00
3.450000000000000000e+02,2.350289821624755859e-01,1.858286546129071581e+01,1.000000000000000000e+00
3.460000000000000000e+02,2.357950210571289062e-01,1.858286546129071581e+01,2.000000000000000000e+00
3.470000000000000000e+02,2.363049983978271484e-01,1.858286546129071581e+01,1.000000000000000000e+00
3.480000000000000000e+02,2.380728721618652344e-01,1.858286546129071581e+01,2.000000000000000000e+00
3.490000000000000000e+02,2.385358810424804688e-01,1.858286546129071581e+01,1.000000000000000000e+00
3.500000000000000000e+02,2.393989562988281250e-01,1.858286546129071581e+01,2.000000000000000000e+00
3.510000000000000000e+02,2.398929595947265625e-01,1.858286546129071581e+01,1.000000000000000000e+00
3.520000000000000000e+02,2.403869628906250000e-01,1.858286546129071581e+01,2.000000000000000000e+00
3.530000000000000000e+02,2.409248352050781250e-01,1.858286546129071581e+01,1.000000000000000000e+00
3.540000000000000000e+02,2.413728237152099609e-01,1.858286546129071581e+01,2.000000000000000000e+00
3.550000000000000000e+02,2.418239116668701172e-01,1.858286546129071581e+01,1.000000000000000000e+00
3.560000000000000000e+02,2.439939975738525391e-01,1.858286546129071581e+01,2.000000000000000000e+00
3.570000000000000000e+02,2.444169521331787109e-01,1.858286546129071581e+01,1.000000000000000000e+00
3.580000000000000000e+02,2.449309825897216797e-01,1.858286546129071581e+01,2.000000000000000000e+00
3.590000000000000000e+02,2.454118728637695312e-01,1.858286546129071581e+01,1.000000000000000000e+00
3.600000000000000000e+02,2.460160255432128906e-01,1.858286546129071581e+01,2.000000000000000000e+00
3.610000000000000000e+02,2.464518547058105469e-01,1.858286546129071581e+01,1.000000000000000000e+00
3.620000000000000000e+02,2.469420433044433594e-01,1.858286546129071581e+01,2.000000000000000000e+00
3.630000000000000000e+02,2.473359107971191406e-01,1.858286546129071581e+01,1.000000000000000000e+00
3.640000000000000000e+02,2.477958202362060547e-01,1.858286546129071581e+01,2.000000000000000000e+00
3.650000000000000000e+02,2.482008934020996094e-01,1.858286546129071581e+01,1.000000000000000000e+00
3.660000000000000000e+02,2.489149570465087891e-01,1.858286546129071581e+01,2.000000000000000000e+00
3.670000000000000000e+02,2.494440078735351562e-01,1.858286546129071581e+01,1.000000000000000000e+00
3.680000000000000000e+02,2.505309581756591797e-01,1.858286546129071581e+01,2.000000000000000000e+00
3.690000000000000000e+02,2.510600090026855469e-01,1.858286546129071581e+01,1.000000000000000000e+00
3.700000000000000000e+02,2.522099018096923828e-01,1.858286546129071581e+01,2.000000000000000000e+00
3.710000000000000000e+02,2.527070045471191406e-01,1.858286546129071581e+01,1.000000000000000000e+00
3.720000000000000000e+02,2.536129951477050781e-01,1.858286546129071581e+01,2.000000000000000000e+00
3.730000000000000000e+02,2.542469501495361328e-01,1.858286546129071581e+01,1.000000000000000000e+00
3.740000000000000000e+02,2.548348903656005859e-01,1.858286546129071581e+01,2.000000000000000000e+00
3.750000000000000000e+02,2.552878856658935547e-01,1.858286546129071581e+01,1.000000000000000000e+00
3.760000000000000000e+02,2.564148902893066406e-01,1.858286546129071581e+01,2.000000000000000000e+00
3.770000000000000000e+02,2.568349838256835938e-01,1.858286546129071581e+01,1.000000000000000000e+00
3.780000000000000000e+02,2.579920291900634766e-01,1.858286546129071581e+01,2.000000000000000000e+00
3.790000000000000000e+02,2.584409713745117188e-01,1.858286546129071581e+01,1.000000000000000000e+00
3.800000000000000000e+02,2.588779926300048828e-01,1.858286546129071581e+01,2.000000000000000000e+00
3.810000000000000000e+02,2.594208717346191406e-01,1.858286546129071581e+01,1.000000000000000000e+00
3.820000000000000000e+02,2.607829570770263672e-01,1.858286546129071581e+01,2.000000000000000000e+00
3.830000000000000000e+02,2.611918449401855469e-01,1.858286546129071581e+01,1.000000000000000000e+00
3.840000000000000000e+02,2.622549533843994141e-01,1.858286546129071581e+01,2.000000000000000000e+00
3.850000000000000000e+02,2.627539634704589844e-01,1.858286546129071581e+01,1.000000000000000000e+00
3.860000000000000000e+02,2.634868621826171875e-01,1.858286546129071581e+01,2.000000000000000000e+00
3.870000000000000000e+02,2.639369964599609375e-01,1.858286546129071581e+01,1.000000000000000000e+00
3.880000000000000000e+02,2.644169330596923828e-01,1.858286546129071581e+01,2.000000000000000000e+00
3.890000000000000000e+02,2.649059295654296875e-01,1.858286546129071581e+01,1.000000000000000000e+00
3.900000000000000000e+02,2.661619186401367188e-01,1.858286546129071581e+01,2.000000000000000000e+00
3.910000000000000000e+02,2.666108608245849609e-01,1.858286546129071581e+01,1.000000000000000000e+00
3.920000000000000000e+02,2.679409980773925781e-01,1.858286546129071581e+01,2.000000000000000000e+00
3.930000000000000000e+02,2.684268951416015625e-01,1.858286546129071581e+01,1.000000000000000000e+00
3.940000000000000000e+02,2.688639163970947266e-01,1.858286546129071581e+01,2.000000000000000000e+00
3.950000000000000000e+02,2.692689895629882812e-01,1.858286546129071581e+01,1.000000000000000000e+00
3.960000000000000000e+02,2.697470188140869141e-01,1.858286546129071581e+01,2.000000000000000000e+00
3.970000000000000000e+02,2.701778411865234375e-01,1.858286546129071581e+01,1.000000000000000000e+00
3.980000000000000000e+02,2.707989215850830078e-01,1.858286546129071581e+01,2.000000000000000000e+00
3.990000000000000000e+02,2.712349891662597656e-01,1.858286546129071581e+01,1.000000000000000000e+00
4.000000000000000000e+02,2.716958522796630859e-01,1.858286546129071581e+01,2.000000000000000000e+00
4.010000000000000000e+02,2.721199989318847656e-01,1.858286546129071581e+01,1.000000000000000000e+00
4.020000000000000000e+02,2.729070186614990234e-01,1.858286546129071581e+01,2.000000000000000000e+00
4.030000000000000000e+02,2.734379768371582031e-01,1.858286546129071581e+01,1.000000000000000000e+00
4.040000000000000000e+02,2.743899822235107422e-01,1.858286546129071581e+01,2.000000000000000000e+00
4.050000000000000000e+02,2.748889923095703125e-01,1.858286546129071581e+01,1.000000000000000000e+00
4.060000000000000000e+02,2.755029201507568359e-01,1.858286546129071581e+01,2.000000000000000000e+00
4.070000000000000000e+02,2.760100364685058594e-01,1.858286546129071581e+01,1.000000000000000000e+00
4.080000000000000000e+02,2.766299247741699219e-01,1.858286546129071581e+01,2.000000000000000000e+00
4.090000000000000000e+02,2.771379947662353516e-01,1.858286546129071581e+01,1.000000000000000000e+00
4.100000000000000000e+02,2.785758972167968750e-01,1.858286546129071581e+01,2.000000000000000000e+00
4.110000000000000000e+02,2.790679931640625000e-01,1.858286546129071581e+01,1.000000000000000000e+00
4.120000000000000000e+02,2.806999683380126953e-01,1.858286546129071581e+01,2.000000000000000000e+00
4.130000000000000000e+02,2.811858654022216797e-01,1.858286546129071581e+01,1.000000000000000000e+00
4.140000000000000000e+02,2.817499637603759766e-01,1.858286546129071581e+01,2.000000000000000000e+00
4.150000000000000000e+02,2.821829319000244141e-01,1.858286546129071581e+01,1.000000000000000000e+00
4.160000000000000000e+02,2.831609249114990234e-01,1.858286546129071581e+01,2.000000000000000000e+00
4.170000000000000000e+02,2.836399078369140625e-01,1.858286546129071581e+01,1.000000000000000000e+00
4.180000000000000000e+02,2.842748165130615234e-01,1.858286546129071581e+01,2.000000000000000000e+00
4.190000000000000000e+02,2.847239971160888672e-01,1.858286546129071581e+01,1.000000000000000000e+00
4.200000000000000000e+02,2.852618694305419922e-01,1.858286546129071581e+01,2.000000000000000000e+00
4.210000000000000000e+02,2.857668399810791016e-01,1.858286546129071581e+01,1.000000000000000000e+00
4.220000000000000000e+02,2.875440120697021484e-01,1.858286546129071581e+01,2.000000000000000000e+00
4.230000000000000000e+02,2.881000041961669922e-01,1.858286546129071581e+01,1.000000000000000000e+00
4.240000000000000000e+02,2.888698577880859375e-01,1.858286546129071581e+01,2.000000000000000000e+00
4.250000000000000000e+02,2.893159389495849609e-01,1.858286546129071581e+01,1.000000000000000000e+00
4.260000000000000000e+02,2.898838520050048828e-01,1.858286546129071581e+01,2.000000000000000000e+00
4.270000000000000000e+02,2.903168201446533203e-01,1.858286546129071581e+01,1.000000000000000000e+00
4.280000000000000000e+02,2.907550334930419922e-01,1.858286546129071581e+01,2.000000000000000000e+00
4.290000000000000000e+02,2.912340164184570312e-01,1.858286546129071581e+01,1.000000000000000000e+00
4.300000000000000000e+02,2.925250530242919922e-01,1.858286546129071581e+01,2.000000000000000000e+00
4.310000000000000000e+02,2.929809093475341797e-01,1.858286546129071581e+01,1.000000000000000000e+00
4.320000000000000000e+02,2.936940193176269531e-01,1.858286546129071581e+01,2.000000000000000000e+00
4.330000000000000000e+02,2.941119670867919922e-01,1.858286546129071581e+01,1.000000000000000000e+00
4.340000000000000000e+02,2.946529388427734375e-01,1.858286546129071581e+01,2.000000000000000000e+00
4.350000000000000000e+02,2.951629161834716797e-01,1.858286546129071581e+01,1.000000000000000000e+00
4.360000000000000000e+02,2.958118915557861328e-01,1.858286546129071581e+01,2.000000000000000000e+00
4.370000000000000000e+02,2.963728904724121094e-01,1.858286546129071581e+01,1.000000000000000000e+00
4.380000000000000000e+02,2.968280315399169922e-01,1.858286546129071581e+01,2.000000000000000000e+00
4.390000000000000000e+02,2.973148822784423828e-01,1.858286546129071581e+01,1.000000000000000000e+00
4.400000000000000000e+02,2.980718612670898438e-01,1.858286546129071581e+01,2.000000000000000000e+00
4.410000000000000000e+02,2.985429763793945312e-01,1.858286546129071581e+01,1.000000000000000000e+00
4.420000000000000000e+02,2.999188899993896484e-01,1.857948692730197138e+01,3.000000000000000000e+00
4.430000000000000000e+02,3.005018234252929688e-01,1.857948692730197138e+01,1.000000000000000000e+00
4.440000000000000000e+02,3.013088703155517578e-01,1.857948692730197138e+01,2.000000000000000000e+00
4.450000000000000000e+02,3.018250465393066406e-01,1.857948692730197138e+01,1.000000000000000000e+00
4.460000000000000000e+02,3.024508953094482422e-01,1.857948692730197138e+01,2.000000000000000000e+00
4.470000000000000000e+02,3.030319213867187500e-01,1.857948692730197138e+01,1.000000000000000000e+00
4.480000000000000000e+02,3.035600185394287109e-01,1.857948692730197138e+01,2.000000000000000000e+00
4.490000000000000000e+02,3.039460182189941406e-01,1.857948692730197138e+01,1.000000000000000000e+00
4.500000000000000000e+02,3.048429489135742188e-01,1.857948692730197138e+01,2.000000000000000000e+00
4.510000000000000000e+02,3.052940368652343750e-01,1.857948692730197138e+01,1.000000000000000000e+00
4.520000000000000000e+02,3.075749874114990234e-01,1.857948692730197138e+01,2.000000000000000000e+00
4.530000000000000000e+02,3.080530166625976562e-01,1.857948692730197138e+01,1.000000000000000000e+00
4.540000000000000000e+02,3.085908889770507812e-01,1.857948692730197138e+01,2.000000000000000000e+00
4.550000000000000000e+02,3.090879917144775391e-01,1.857948692730197138e+01,1.000000000000000000e+00
4.560000000000000000e+02,3.095979690551757812e-01,1.857948692730197138e+01,2.000000000000000000e+00
4.570000000000000000e+02,3.101079463958740234e-01,1.857948692730197138e+01,1.000000000000000000e+00
4.580000000000000000e+02,3.106739521026611328e-01,1.857948692730197138e+01,2.000000000000000000e+00
4.590000000000000000e+02,3.111300468444824219e-01,1.857948692730197138e+01,1.000000000000000000e+00
4.600000000000000000e+02,3.116848468780517578e-01,1.857948692730197138e+01,2.000000000000000000e+00
4.610000000000000000e+02,3.121669292449951172e-01,1.857948692730197138e+01,1.000000000000000000e+00
4.620000000000000000e+02,3.134908676147460938e-01,1.857948692730197138e+01,2.000000000000000000e+00
4.630000000000000000e+02,3.139710426330566406e-01,1.857948692730197138e+01,1.000000000000000000e+00
4.640000000000000000e+02,3.144669532775878906e-01,1.857948692730197138e+01,2.000000000000000000e+00
4.650000000000000000e+02,3.149969577789306641e-01,1.857948692730197138e+01,1.000000000000000000e+00
4.660000000000000000e+02,3.156688213348388672e-01,1.857948692730197138e+01,2.000000000000000000e+00
4.670000000000000000e+02,3.161208629608154297e-01,1.857948692730197138e+01,1.000000000000000000e+00
4.680000000000000000e+02,3.169560432434082031e-01,1.857948692730197138e+01,2.000000000000000000e+00
4.690000000000000000e+02,3.174629211425781250e-01,1.857948692730197138e+01,1.000000000000000000e+00
4.700000000000000000e+02,3.181920051574707031e-01,1.857948692730197138e+01,2.000000000000000000e+00
4.710000000000000000e+02,3.187139034271240234e-01,1.857948692730197138e+01,1.000000000000000000e+00
4.720000000000000000e+02,3.194339275360107422e-01,1.857948692730197138e+01,2.000000000000000000e+00
4.730000000000000000e+02,3.199210166931152344e-01,1.857948692730197138e+01,1.000000000000000000e+00
4.740000000000000000e+02,3.204369544982910156e-01,1.857948692730197138e+01,2.000000000000000000e+00
4.750000000000000000e+02,3.209459781646728516e-01,1.857948692730197138e+01,1.000000000000000000e+00
4.760000000000000000e+02,3.226809501647949219e-01,1.857948692730197138e+01,2.000000000000000000e+00
4.770000000000000000e+02,3.232200145721435547e-01,1.857948692730197138e+01,1.000000000000000000e+00
4.780000000000000000e+02,3.250908851623535156e-01,1.857948692730197138e+01,2.000000000000000000e+00
4.790000000000000000e+02,3.255138397216796875e-01,1.857948692730197138e+01,1.000000000000000000e+00
4.800000000000000000e+02,3.275089263916015625e-01,1.857948692730197138e+01,2.000000000000000000e+00
4.810000000000000000e+02,3.280508518218994141e-01,1.857948692730197138e+01,1.000000000000000000e+00
4.820000000000000000e+02,3.302078247070312500e-01,1.857948692730197138e+01,2.000000000000000000e+00
4.830000000000000000e+02,3.306879997253417969e-01,1.857948692730197138e+01,1.000000000000000000e+00
4.840000000000000000e+02,3.312599658966064453e-01,1.857948692730197138e+01,2.000000000000000000e+00
4.850000000000000000e+02,3.317019939422607422e-01,1.857948692730197138e+01,1.000000000000000000e+00
4.860000000000000000e+02,3.322319984436035156e-01,1.857948692730197138e+01,2.000000000000000000e+00
4.870000000000000000e+02,3.327879905700683594e-01,1.857948692730197138e+01,1.000000000000000000e+00
4.880000000000000000e+02,3.359570503234863281e-01,1.857948692730197138e+01,2.000000000000000000e+00
4.890000000000000000e+02,3.364379405975341797e-01,1.857948692730197138e+01,1.000000000000000000e+00
4.900000000000000000e+02,3.369948863983154297e-01,1.857948692730197138e+01,2.000000000000000000e+00
4.910000000000000000e+02,3.374500274658203125e-01,1.857948692730197138e+01,1.000000000000000000e+00
4.920000000000000000e+02,3.379878997802734375e-01,1.857948692730197138e+01,2.000000000000000000e+00
4.930000000000000000e+02,3.384850025177001953e-01,1.857948692730197138e+01,1.000000000000000000e+00
4.940000000000000000e+02,3.393230438232421875e-01,1.857948692730197138e+01,2.000000000000000000e+00
4.950000000000000000e+02,3.398339748382568359e-01,1.857948692730197138e+01,1.000000000000000000e+00
4.960000000000000000e+02,3.403279781341552734e-01,1.857948692730197138e+01,2.000000000000000000e+00
4.970000000000000000e+02,3.407850265502929688e-01,1.857948692730197138e+01,1.000000000000000000e+00
4.980000000000000000e+02,3.413159847259521484e-01,1.857948692730197138e+01,2.000000000000000000e+00
4.990000000000000000e+02,3.417298793792724609e-01,1.857948692730197138e+01,1.000000000000000000e+00
