0.000000000000000000e+00,7.691383361816406250e-04,0.000000000000000000e+00,1.000000000000000000e+00
1.000000000000000000e+00,3.085136413574218750e-03,0.000000000000000000e+00,2.000000000000000000e+00
2.000000000000000000e+00,3.943204879760742188e-03,0.000000000000000000e+00,1.000000000000000000e+00
3.000000000000000000e+00,4.928112030029296875e-03,0.000000000000000000e+00,2.000000000000000000e+00
4.000000000000000000e+00,6.494998931884765625e-03,3.018810741248179141e+01,2.000000000000000000e+00
5.000000000000000000e+00,8.167982101440429688e-03,3.018810741248179141e+01,2.000000000000000000e+00
6.000000000000000000e+00,1.039099693298339844e-02,2.905121486895469118e+01,3.000000000000000000e+00
7.000000000000000000e+00,1.099801063537597656e-02,2.905121486895469118e+01,2.000000000000000000e+00
8.000000000000000000e+00,1.153802871704101562e-02,2.905121486895469118e+01,2.000000000000000000e+00
9.000000000000000000e+00,1.218819618225097656e-02,2.905121486895469118e+01,2.000000000000000000e+00
1.000000000000000000e+01,1.276803016662597656e-02,2.905121486895469118e+01,2.000000000000000000e+00
1.100000000000000000e+01,1.330614089965820312e-02,2.905121486895469118e+01,2.000000000000000000e+00
1.200000000000000000e+01,1.389217376708984375e-02,2.905121486895469118e+01,2.000000000000000000e+00
1.300000000000000000e+01,1.445508003234863281e-02,2.905121486895469118e+01,2.000000000000000000e+00
1.400000000000000000e+01,1.491713523864746094e-02,2.905121486895469118e+01,2.000000000000000000e+00
1.500000000000000000e+01,1.657915115356445312e-02,2.905121486895469118e+01,3.000000000000000000e+00
1.600000000000000000e+01,1.717710494995117188e-02,2.905121486895469118e+01,2.000000000000000000e+00
1.700000000000000000e+01,1.774716377258300781e-02,2.905121486895469118e+01,3.000000000000000000e+00
1.800000000000000000e+01,1.826620101928710938e-02,2.905121486895469118e+01,2.000000000000000000e+00
1.900000000000000000e+01,1.892709732055664062e-02,2.905121486895469118e+01,3.000000000000000000e+00
2.000000000000000000e+01,1.951599121093750000e-02,2.905121486895469118e+01,2.000000000000000000e+00
2.100000000000000000e+01,1.997804641723632812e-02,2.905121486895469118e+01,3.000000000000000000e+00
2.200000000000000000e+01,2.096509933471679688e-02,2.905121486895469118e+01,2.000000000000000000e+00
2.300000000000000000e+01,2.263712882995605469e-02,2.905121486895469118e+01,4.000000000000000000e+00
2.400000000000000000e+01,2.329206466674804688e-02,2.905121486895469118e+01,2.000000000000000000e+00
2.500000000000000000e+01,2.403020858764648438e-02,2.905121486895469118e+01,4.000000000000000000e+00
2.600000000000000000e+01,2.451705932617187500e-02,2.905121486895469118e+01,2.000000000000000000e+00
2.700000000000000000e+01,2.510404586791992188e-02,2.905121486895469118e+01,4.000000000000000000e+00
2.800000000000000000e+01,2.568411827087402344e-02,2.905121486895469118e+01,2.000000000000000000e+00
2.900000000000000000e+01,2.747011184692382812e-02,2.905121486895469118e+01,5.000000000000000000e+00
3.000000000000000000e+01,2.939510345458984375e-02,2.903414508668821981e+01,3.000000000000000000e+00
3.100000000000000000e+01,3.147602081298828125e-02,2.903414508668821981e+01,6.000000000000000000e+00
3.200000000000000000e+01,3.204512596130371094e-02,2.903414508668821981e+01,2.000000000000000000e+00
3.300000000000000000e+01,3.435111045837402344e-02,2.903414508668821981e+01,7.000000000000000000e+00
3.400000000000000000e+01,3.492712974548339844e-02,2.903414508668821981e+01,2.000000000000000000e+00
3.500000000000000000e+01,3.659510612487792969e-02,2.903414508668821981e+01,8.000000000000000000e+00
3.600000000000000000e+01,3.719806671142578125e-02,2.903414508668821981e+01,2.000000000000000000e+00
3.700000000000000000e+01,3.788304328918457031e-02,2.903414508668821981e+01,8.000000000000000000e+00
3.800000000000000000e+01,3.842020034790039062e-02,2.903414508668821981e+01,2.000000000000000000e+00
3.900000000000000000e+01,4.052114486694335938e-02,2.903414508668821981e+01,9.000000000000000000e+00
4.000000000000000000e+01,4.102206230163574219e-02,2.903414508668821981e+01,2.000000000000000000e+00
4.100000000000000000e+01,4.184699058532714844e-02,2.903414508668821981e+01,9.000000000000000000e+00
4.200000000000000000e+01,4.239821434020996094e-02,2.903414508668821981e+01,2.000000000000000000e+00
4.300000000000000000e+01,4.305815696716308594e-02,2.903414508668821981e+01,9.000000000000000000e+00
4.400000000000000000e+01,4.358601570129394531e-02,2.903414508668821981e+01,2.000000000000000000e+00
4.500000000000000000e+01,4.441499710083007812e-02,2.903414508668821981e+01,9.000000000000000000e+00
4.600000000000000000e+01,4.534006118774414062e-02,2.903414508668821981e+01,2.000000000000000000e+00
4.700000000000000000e+01,4.597806930541992188e-02,2.903414508668821981e+01,9.000000000000000000e+00
4.800000000000000000e+01,4.762005805969238281e-02,2.878399394056721405e+01,3.000000000000000000e+00
4.900000000000000000e+01,4.825115203857421875e-02,2.878399394056721405e+01,9.000000000000000000e+00
5.000000000000000000e+01,4.884099960327148438e-02,2.878399394056721405e+01,2.000000000000000000e+00
5.100000000000000000e+01,5.116319656372070312e-02,2.878399394056721405e+01,1.000000000000000000e+01
5.200000000000000000e+01,5.178499221801757812e-02,2.878399394056721405e+01,2.000000000000000000e+00
5.300000000000000000e+01,5.344009399414062500e-02,2.878399394056721405e+01,1.100000000000000000e+01
5.400000000000000000e+01,5.407619476318359375e-02,2.878399394056721405e+01,2.000000000000000000e+00
5.500000000000000000e+01,5.461001396179199219e-02,2.878399394056721405e+01,1.100000000000000000e+01
5.600000000000000000e+01,5.523109436035156250e-02,2.878399394056721405e+01,2.000000000000000000e+00
5.700000000000000000e+01,5.587816238403320312e-02,2.878399394056721405e+01,1.100000000000000000e+01
5.800000000000000000e+01,5.638599395751953125e-02,2.878399394056721405e+01,2.000000000000000000e+00
5.900000000000000000e+01,5.704903602600097656e-02,2.878399394056721405e+01,1.100000000000000000e+01
6.000000000000000000e+01,5.770707130432128906e-02,2.878399394056721405e+01,2.000000000000000000e+00
6.100000000000000000e+01,6.012821197509765625e-02,2.878399394056721405e+01,1.200000000000000000e+01
6.200000000000000000e+01,6.077599525451660156e-02,2.878399394056721405e+01,2.000000000000000000e+00
6.300000000000000000e+01,6.325411796569824219e-02,2.878399394056721405e+01,1.300000000000000000e+01
6.400000000000000000e+01,6.416416168212890625e-02,2.878399394056721405e+01,2.000000000000000000e+00
6.500000000000000000e+01,6.690621376037597656e-02,2.878399394056721405e+01,1.400000000000000000e+01
6.600000000000000000e+01,6.755518913269042969e-02,2.878399394056721405e+01,2.000000000000000000e+00
6.700000000000000000e+01,6.810116767883300781e-02,2.878399394056721405e+01,1.400000000000000000e+01
6.800000000000000000e+01,6.920313835144042969e-02,2.878399394056721405e+01,2.000000000000000000e+00
6.900000000000000000e+01,7.406711578369140625e-02,2.878399394056721405e+01,1.500000000000000000e+01
7.000000000000000000e+01,7.461619377136230469e-02,2.878399394056721405e+01,2.000000000000000000e+00
7.100000000000000000e+01,7.523107528686523438e-02,2.878399394056721405e+01,1.500000000000000000e+01
7.200000000000000000e+01,7.602715492248535156e-02,2.878399394056721405e+01,2.000000000000000000e+00
7.300000000000000000e+01,8.024716377258300781e-02,2.878399394056721405e+01,1.600000000000000000e+01
7.400000000000000000e+01,8.069920539855957031e-02,2.878399394056721405e+01,2.000000000000000000e+00
7.500000000000000000e+01,8.343410491943359375e-02,2.878399394056721405e+01,1.700000000000000000e+01
7.600000000000000000e+01,8.452510833740234375e-02,2.878399394056721405e+01,2.000000000000000000e+00
7.700000000000000000e+01,8.657407760620117188e-02,2.878399394056721405e+01,1.800000000000000000e+01
7.800000000000000000e+01,8.712506294250488281e-02,2.878399394056721405e+01,2.000000000000000000e+00
7.900000000000000000e+01,8.928704261779785156e-02,2.878399394056721405e+01,1.900000000000000000e+01
8.000000000000000000e+01,9.008407592773437500e-02,2.878399394056721405e+01,2.000000000000000000e+00
8.100000000000000000e+01,9.261918067932128906e-02,2.878399394056721405e+01,2.000000000000000000e+01
8.200000000000000000e+01,9.452605247497558594e-02,2.878399394056721405e+01,3.000000000000000000e+00
8.300000000000000000e+01,9.667801856994628906e-02,2.878399394056721405e+01,2.100000000000000000e+01
8.400000000000000000e+01,9.875011444091796875e-02,2.876508635569913608e+01,4.000000000000000000e+00
8.500000000000000000e+01,1.005129814147949219e-01,2.876508635569913608e+01,2.200000000000000000e+01
8.600000000000000000e+01,1.010630130767822266e-01,2.876508635569913608e+01,3.000000000000000000e+00
8.700000000000000000e+01,1.015970706939697266e-01,2.876508635569913608e+01,2.200000000000000000e+01
8.800000000000000000e+01,1.035699844360351562e-01,2.876508635569913608e+01,4.000000000000000000e+00
8.900000000000000000e+01,1.070280075073242188e-01,2.876508635569913608e+01,2.300000000000000000e+01
9.000000000000000000e+01,1.076140403747558594e-01,2.876508635569913608e+01,4.000000000000000000e+00
9.100000000000000000e+01,1.082851886749267578e-01,2.876508635569913608e+01,2.300000000000000000e+01
9.200000000000000000e+01,1.088440418243408203e-01,2.876508635569913608e+01,4.000000000000000000e+00
9.300000000000000000e+01,1.146810054779052734e-01,2.876508635569913608e+01,2.400000000000000000e+01
9.400000000000000000e+01,1.152720451354980469e-01,2.876508635569913608e+01,4.000000000000000000e+00
9.500000000000000000e+01,1.194310188293457031e-01,2.876508635569913608e+01,2.500000000000000000e+01
9.600000000000000000e+01,1.212069988250732422e-01,2.876508635569913608e+01,5.000000000000000000e+00
9.700000000000000000e+01,1.258230209350585938e-01,2.876508635569913608e+01,2.600000000000000000e+01
9.800000000000000000e+01,1.263542175292968750e-01,2.876508635569913608e+01,5.000000000000000000e+00
9.900000000000000000e+01,1.286110877990722656e-01,2.876508635569913608e+01,2.700000000000000000e+01
1.000000000000000000e+02,1.305890083312988281e-01,2.876508635569913608e+01,6.000000000000000000e+00
1.010000000000000000e+02,1.374840736389160156e-01,2.876508635569913608e+01,2.800000000000000000e+01
1.020000000000000000e+02,1.383500099182128906e-01,2.876508635569913608e+01,6.000000000000000000e+00
1.030000000000000000e+02,1.389911174774169922e-01,2.876508635569913608e+01,2.800000000000000000e+01
1.040000000000000000e+02,1.398591995239257812e-01,2.876508635569913608e+01,6.000000000000000000e+00
1.050000000000000000e+02,1.423480510711669922e-01,2.876508635569913608e+01,2.900000000000000000e+01
1.060000000000000000e+02,1.445431709289550781e-01,2.866185093557946217e+01,7.000000000000000000e+00
1.070000000000000000e+02,1.472430229187011719e-01,2.866185093557946217e+01,2.900000000000000000e+01
1.080000000000000000e+02,1.479251384735107422e-01,2.866185093557946217e+01,5.000000000000000000e+00
1.090000000000000000e+02,1.485300064086914062e-01,2.866185093557946217e+01,2.900000000000000000e+01
1.100000000000000000e+02,1.490790843963623047e-01,2.866185093557946217e+01,5.000000000000000000e+00
1.110000000000000000e+02,1.539320945739746094e-01,2.866185093557946217e+01,3.000000000000000000e+01
1.120000000000000000e+02,1.544971466064453125e-01,2.866185093557946217e+01,5.000000000000000000e+00
1.130000000000000000e+02,1.579191684722900391e-01,2.866185093557946217e+01,3.100000000000000000e+01
1.140000000000000000e+02,1.585750579833984375e-01,2.866185093557946217e+01,5.000000000000000000e+00
1.150000000000000000e+02,1.623110771179199219e-01,2.866185093557946217e+01,3.200000000000000000e+01
1.160000000000000000e+02,1.629819869995117188e-01,2.866185093557946217e+01,5.000000000000000000e+00
1.170000000000000000e+02,1.639621257781982422e-01,2.866185093557946217e+01,3.200000000000000000e+01
1.180000000000000000e+02,1.646242141723632812e-01,2.866185093557946217e+01,5.000000000000000000e+00
1.190000000000000000e+02,1.652250289916992188e-01,2.866185093557946217e+01,3.200000000000000000e+01
1.200000000000000000e+02,1.658020019531250000e-01,2.866185093557946217e+01,5.000000000000000000e+00
1.210000000000000000e+02,1.696150302886962891e-01,2.866185093557946217e+01,3.300000000000000000e+01
1.220000000000000000e+02,1.702721118927001953e-01,2.866185093557946217e+01,5.000000000000000000e+00
1.230000000000000000e+02,1.776862144470214844e-01,2.866185093557946217e+01,3.400000000000000000e+01
1.240000000000000000e+02,1.782391071319580078e-01,2.866185093557946217e+01,5.000000000000000000e+00
1.250000000000000000e+02,1.790490150451660156e-01,2.866185093557946217e+01,3.400000000000000000e+01
1.260000000000000000e+02,1.798222064971923828e-01,2.866185093557946217e+01,5.000000000000000000e+00
1.270000000000000000e+02,1.817250251770019531e-01,2.866185093557946217e+01,3.500000000000000000e+01
1.280000000000000000e+02,1.822671890258789062e-01,2.866185093557946217e+01,5.000000000000000000e+00
1.290000000000000000e+02,1.845321655273437500e-01,2.866185093557946217e+01,3.600000000000000000e+01
1.300000000000000000e+02,1.851689815521240234e-01,2.866185093557946217e+01,5.000000000000000000e+00
1.310000000000000000e+02,1.875820159912109375e-01,2.866185093557946217e+01,3.700000000000000000e+01
1.320000000000000000e+02,1.895651817321777344e-01,2.863051943184479953e+01,6.000000000000000000e+00
1.330000000000000000e+02,2.000141143798828125e-01,2.863051943184479953e+01,3.700000000000000000e+01
1.340000000000000000e+02,2.005610466003417969e-01,2.863051943184479953e+01,5.000000000000000000e+00
1.350000000000000000e+02,2.012350559234619141e-01,2.863051943184479953e+01,3.700000000000000000e+01
1.360000000000000000e+02,2.018530368804931641e-01,2.863051943184479953e+01,5.000000000000000000e+00
1.370000000000000000e+02,2.081050872802734375e-01,2.863051943184479953e+01,3.800000000000000000e+01
1.380000000000000000e+02,2.089831829071044922e-01,2.863051943184479953e+01,5.000000000000000000e+00
1.390000000000000000e+02,2.147521972656250000e-01,2.863051943184479953e+01,3.900000000000000000e+01
1.400000000000000000e+02,2.173600196838378906e-01,2.863051943184479953e+01,6.000000000000000000e+00
1.410000000000000000e+02,2.182052135467529297e-01,2.863051943184479953e+01,3.900000000000000000e+01
1.420000000000000000e+02,2.189981937408447266e-01,2.863051943184479953e+01,6.000000000000000000e+00
1.430000000000000000e+02,2.200791835784912109e-01,2.863051943184479953e+01,3.900000000000000000e+01
1.440000000000000000e+02,2.209579944610595703e-01,2.863051943184479953e+01,6.000000000000000000e+00
1.450000000000000000e+02,2.251000404357910156e-01,2.863051943184479953e+01,4.000000000000000000e+01
1.460000000000000000e+02,2.257921695709228516e-01,2.863051943184479953e+01,6.000000000000000000e+00
1.470000000000000000e+02,2.355291843414306641e-01,2.863051943184479953e+01,4.100000000000000000e+01
1.480000000000000000e+02,2.360920906066894531e-01,2.863051943184479953e+01,6.000000000000000000e+00
1.490000000000000000e+02,2.461001873016357422e-01,2.863051943184479953e+01,4.200000000000000000e+01
1.500000000000000000e+02,2.467701435089111328e-01,2.863051943184479953e+01,6.000000000000000000e+00
1.510000000000000000e+02,2.504320144653320312e-01,2.863051943184479953e+01,4.300000000000000000e+01
1.520000000000000000e+02,2.526919841766357422e-01,2.863051943184479953e+01,7.000000000000000000e+00
1.530000000000000000e+02,2.617380619049072266e-01,2.863051943184479953e+01,4.400000000000000000e+01
1.540000000000000000e+02,2.622730731964111328e-01,2.863051943184479953e+01,7.000000000000000000e+00
1.550000000000000000e+02,2.663800716400146484e-01,2.863051943184479953e+01,4.500000000000000000e+01
1.560000000000000000e+02,2.670731544494628906e-01,2.863051943184479953e+01,7.000000000000000000e+00
1.570000000000000000e+02,2.759180068969726562e-01,2.863051943184479953e+01,4.600000000000000000e+01
1.580000000000000000e+02,2.768111228942871094e-01,2.863051943184479953e+01,7.000000000000000000e+00
1.590000000000000000e+02,2.798411846160888672e-01,2.863051943184479953e+01,4.700000000000000000e+01
1.600000000000000000e+02,2.805581092834472656e-01,2.863051943184479953e+01,7.000000000000000000e+00
1.610000000000000000e+02,2.816591262817382812e-01,2.863051943184479953e+01,4.700000000000000000e+01
1.620000000000000000e+02,2.827191352844238281e-01,2.863051943184479953e+01,7.000000000000000000e+00
1.630000000000000000e+02,2.925651073455810547e-01,2.863051943184479953e+01,4.800000000000000000e+01
1.640000000000000000e+02,2.932000160217285156e-01,2.863051943184479953e+01,7.000000000000000000e+00
1.650000000000000000e+02,3.060340881347656250e-01,2.863051943184479953e+01,4.900000000000000000e+01
1.660000000000000000e+02,3.068602085113525391e-01,2.863051943184479953e+01,7.000000000000000000e+00
1.670000000000000000e+02,3.208000659942626953e-01,2.863051943184479953e+01,5.000000000000000000e+01
1.680000000000000000e+02,3.214101791381835938e-01,2.863051943184479953e+01,7.000000000000000000e+00
1.690000000000000000e+02,3.285591602325439453e-01,2.863051943184479953e+01,5.100000000000000000e+01
1.700000000000000000e+02,3.297719955444335938e-01,2.863051943184479953e+01,7.000000000000000000e+00
1.710000000000000000e+02,3.310091495513916016e-01,2.863051943184479953e+01,5.100000000000000000e+01
1.720000000000000000e+02,3.315870761871337891e-01,2.863051943184479953e+01,7.000000000000000000e+00
1.730000000000000000e+02,3.324820995330810547e-01,2.863051943184479953e+01,5.100000000000000000e+01
1.740000000000000000e+02,3.331921100616455078e-01,2.863051943184479953e+01,7.000000000000000000e+00
1.750000000000000000e+02,3.340511322021484375e-01,2.863051943184479953e+01,5.100000000000000000e+01
1.760000000000000000e+02,3.348171710968017578e-01,2.863051943184479953e+01,7.000000000000000000e+00
1.770000000000000000e+02,3.453969955444335938e-01,2.863051943184479953e+01,5.200000000000000000e+01
1.780000000000000000e+02,3.460512161254882812e-01,2.863051943184479953e+01,7.000000000000000000e+00
1.790000000000000000e+02,3.473031520843505859e-01,2.863051943184479953e+01,5.200000000000000000e+01
1.800000000000000000e+02,3.479161262512207031e-01,2.863051943184479953e+01,7.000000000000000000e+00
1.810000000000000000e+02,3.491020202636718750e-01,2.863051943184479953e+01,5.200000000000000000e+01
1.820000000000000000e+02,3.499951362609863281e-01,2.863051943184479953e+01,7.000000000000000000e+00
1.830000000000000000e+02,3.508920669555664062e-01,2.863051943184479953e+01,5.200000000000000000e+01
1.840000000000000000e+02,3.517961502075195312e-01,2.863051943184479953e+01,7.000000000000000000e+00
1.850000000000000000e+02,3.597171306610107422e-01,2.863051943184479953e+01,5.300000000000000000e+01
1.860000000000000000e+02,3.603260517120361328e-01,2.863051943184479953e+01,7.000000000000000000e+00
1.870000000000000000e+02,3.669040203094482422e-01,2.863051943184479953e+01,5.400000000000000000e+01
1.880000000000000000e+02,3.676261901855468750e-01,2.863051943184479953e+01,7.000000000000000000e+00
1.890000000000000000e+02,3.700101375579833984e-01,2.863051943184479953e+01,5.500000000000000000e+01
1.900000000000000000e+02,3.711540699005126953e-01,2.863051943184479953e+01,7.000000000000000000e+00
1.910000000000000000e+02,3.737790584564208984e-01,2.863051943184479953e+01,5.600000000000000000e+01
1.920000000000000000e+02,3.742830753326416016e-01,2.863051943184479953e+01,7.000000000000000000e+00
1.930000000000000000e+02,3.880870342254638672e-01,2.863051943184479953e+01,5.700000000000000000e+01
1.940000000000000000e+02,3.913300037384033203e-01,2.863051943184479953e+01,8.000000000000000000e+00
1.950000000000000000e+02,3.926961421966552734e-01,2.863051943184479953e+01,5.700000000000000000e+01
1.960000000000000000e+02,3.933901786804199219e-01,2.863051943184479953e+01,8.000000000000000000e+00
1.970000000000000000e+02,4.039421081542968750e-01,2.863051943184479953e+01,5.800000000000000000e+01
1.980000000000000000e+02,4.046890735626220703e-01,2.863051943184479953e+01,8.000000000000000000e+00
1.990000000000000000e+02,4.128060340881347656e-01,2.863051943184479953e+01,5.900000000000000000e+01
2.000000000000000000e+02,4.136171340942382812e-01,2.863051943184479953e+01,8.000000000000000000e+00
2.010000000000000000e+02,4.145421981811523438e-01,2.863051943184479953e+01,5.900000000000000000e+01
2.020000000000000000e+02,4.155180454254150391e-01,2.863051943184479953e+01,8.000000000000000000e+00
2.030000000000000000e+02,4.299681186676025391e-01,2.863051943184479953e+01,6.000000000000000000e+01
2.040000000000000000e+02,4.306871891021728516e-01,2.863051943184479953e+01,8.000000000000000000e+00
2.050000000000000000e+02,4.315071105957031250e-01,2.863051943184479953e+01,6.000000000000000000e+01
2.060000000000000000e+02,4.347519874572753906e-01,2.863051943184479953e+01,9.000000000000000000e+00
2.070000000000000000e+02,4.355211257934570312e-01,2.863051943184479953e+01,6.000000000000000000e+01
2.080000000000000000e+02,4.362061023712158203e-01,2.863051943184479953e+01,9.000000000000000000e+00
2.090000000000000000e+02,4.418251514434814453e-01,2.863051943184479953e+01,6.100000000000000000e+01
2.100000000000000000e+02,4.425070285797119141e-01,2.863051943184479953e+01,9.000000000000000000e+00
2.110000000000000000e+02,4.470050334930419922e-01,2.863051943184479953e+01,6.200000000000000000e+01
2.120000000000000000e+02,4.478211402893066406e-01,2.863051943184479953e+01,9.000000000000000000e+00
2.130000000000000000e+02,4.567620754241943359e-01,2.863051943184479953e+01,6.300000000000000000e+01
2.140000000000000000e+02,4.580421447753906250e-01,2.863051943184479953e+01,9.000000000000000000e+00
2.150000000000000000e+02,4.635570049285888672e-01,2.863051943184479953e+01,6.400000000000000000e+01
2.160000000000000000e+02,4.661340713500976562e-01,2.858848751391453291e+01,1.000000000000000000e+01
2.170000000000000000e+02,4.674611091613769531e-01,2.858848751391453291e+01,6.400000000000000000e+01
2.180000000000000000e+02,4.680011272430419922e-01,2.858848751391453291e+01,9.000000000000000000e+00
2.190000000000000000e+02,4.726150035858154297e-01,2.858848751391453291e+01,6.500000000000000000e+01
2.200000000000000000e+02,4.738759994506835938e-01,2.858848751391453291e+01,9.000000000000000000e+00
2.210000000000000000e+02,4.936840534210205078e-01,2.858848751391453291e+01,6.600000000000000000e+01
2.220000000000000000e+02,4.948232173919677734e-01,2.858848751391453291e+01,9.000000000000000000e+00
2.230000000000000000e+02,4.964292049407958984e-01,2.858848751391453291e+01,6.600000000000000000e+01
2.240000000000000000e+02,4.974071979522705078e-01,2.858848751391453291e+01,9.000000000000000000e+00
2.250000000000000000e+02,4.987912178039550781e-01,2.858848751391453291e+01,6.600000000000000000e+01
2.260000000000000000e+02,4.994690418243408203e-01,2.858848751391453291e+01,9.000000000000000000e+00
2.270000000000000000e+02,5.034930706024169922e-01,2.858848751391453291e+01,6.700000000000000000e+01
2.280000000000000000e+02,5.042140483856201172e-01,2.858848751391453291e+01,9.000000000000000000e+00
2.290000000000000000e+02,5.050671100616455078e-01,2.858848751391453291e+01,6.700000000000000000e+01
2.300000000000000000e+02,5.058519840240478516e-01,2.858848751391453291e+01,9.000000000000000000e+00
2.310000000000000000e+02,5.123770236968994141e-01,2.858848751391453291e+01,6.800000000000000000e+01
2.320000000000000000e+02,5.135550498962402344e-01,2.858848751391453291e+01,9.000000000000000000e+00
2.330000000000000000e+02,5.191202163696289062e-01,2.858848751391453291e+01,6.900000000000000000e+01
2.340000000000000000e+02,5.199460983276367188e-01,2.858848751391453291e+01,9.000000000000000000e+00
2.350000000000000000e+02,5.332350730895996094e-01,2.858848751391453291e+01,7.000000000000000000e+01
2.360000000000000000e+02,5.340301990509033203e-01,2.858848751391453291e+01,9.000000000000000000e+00
2.370000000000000000e+02,5.425710678100585938e-01,2.858848751391453291e+01,7.100000000000000000e+01
2.380000000000000000e+02,5.433452129364013672e-01,2.858848751391453291e+01,9.000000000000000000e+00
2.390000000000000000e+02,5.444750785827636719e-01,2.858848751391453291e+01,7.100000000000000000e+01
2.400000000000000000e+02,5.450730323791503906e-01,2.858848751391453291e+01,9.000000000000000000e+00
2.410000000000000000e+02,5.615260601043701172e-01,2.858848751391453291e+01,7.200000000000000000e+01
2.420000000000000000e+02,5.622839927673339844e-01,2.858848751391453291e+01,9.000000000000000000e+00
2.430000000000000000e+02,5.691580772399902344e-01,2.858848751391453291e+01,7.300000000000000000e+01
2.440000000000000000e+02,5.702722072601318359e-01,2.858848751391453291e+01,9.000000000000000000e+00
2.450000000000000000e+02,5.733320713043212891e-01,2.858848751391453291e+01,7.400000000000000000e+01
2.460000000000000000e+02,5.739881992340087891e-01,2.858848751391453291e+01,9.000000000000000000e+00
2.470000000000000000e+02,5.754511356353759766e-01,2.858848751391453291e+01,7.400000000000000000e+01
2.480000000000000000e+02,5.762560367584228516e-01,2.858848751391453291e+01,9.000000000000000000e+00
2.490000000000000000e+02,5.772371292114257812e-01,2.858848751391453291e+01,7.400000000000000000e+01
2.500000000000000000e+02,5.778992176055908203e-01,2.858848751391453291e+01,9.000000000000000000e+00
2.510000000000000000e+02,5.794260501861572266e-01,2.858848751391453291e+01,7.400000000000000000e+01
2.520000000000000000e+02,5.799860954284667969e-01,2.858848751391453291e+01,9.000000000000000000e+00
2.530000000000000000e+02,5.837700366973876953e-01,2.858848751391453291e+01,7.500000000000000000e+01
2.540000000000000000e+02,5.845100879669189453e-01,2.858848751391453291e+01,9.000000000000000000e+00
2.550000000000000000e+02,5.910561084747314453e-01,2.858848751391453291e+01,7.600000000000000000e+01
2.560000000000000000e+02,5.917191505432128906e-01,2.858848751391453291e+01,9.000000000000000000e+00
2.570000000000000000e+02,5.943031311035156250e-01,2.858848751391453291e+01,7.700000000000000000e+01
2.580000000000000000e+02,5.949420928955078125e-01,2.858848751391453291e+01,9.000000000000000000e+00
2.590000000000000000e+02,5.987551212310791016e-01,2.858848751391453291e+01,7.800000000000000000e+01
2.600000000000000000e+02,6.013641357421875000e-01,2.858848751391453291e+01,1.000000000000000000e+01
2.610000000000000000e+02,6.022591590881347656e-01,2.858848751391453291e+01,7.800000000000000000e+01
2.620000000000000000e+02,6.028931140899658203e-01,2.858848751391453291e+01,1.000000000000000000e+01
2.630000000000000000e+02,6.144921779632568359e-01,2.858848751391453291e+01,7.900000000000000000e+01
2.640000000000000000e+02,6.152541637420654297e-01,2.858848751391453291e+01,1.000000000000000000e+01
2.650000000000000000e+02,6.217491626739501953e-01,2.858848751391453291e+01,8.000000000000000000e+01
2.660000000000000000e+02,6.224811077117919922e-01,2.858848751391453291e+01,1.000000000000000000e+01
2.670000000000000000e+02,6.389911174774169922e-01,2.858848751391453291e+01,8.100000000000000000e+01
2.680000000000000000e+02,6.395900249481201172e-01,2.858848751391453291e+01,1.000000000000000000e+01
2.690000000000000000e+02,6.406090259552001953e-01,2.858848751391453291e+01,8.100000000000000000e+01
2.700000000000000000e+02,6.415121555328369141e-01,2.858848751391453291e+01,1.000000000000000000e+01
2.710000000000000000e+02,6.425650119781494141e-01,2.858848751391453291e+01,8.100000000000000000e+01
2.720000000000000000e+02,6.432402133941650391e-01,2.858848751391453291e+01,1.000000000000000000e+01
2.730000000000000000e+02,6.555550098419189453e-01,2.858848751391453291e+01,8.200000000000000000e+01
2.740000000000000000e+02,6.606180667877197266e-01,2.858848751391453291e+01,1.100000000000000000e+01
2.750000000000000000e+02,6.736152172088623047e-01,2.858848751391453291e+01,8.300000000000000000e+01
2.760000000000000000e+02,6.743631362915039062e-01,2.858848751391453291e+01,1.100000000000000000e+01
2.770000000000000000e+02,6.911540031433105469e-01,2.858848751391453291e+01,8.400000000000000000e+01
2.780000000000000000e+02,6.916921138763427734e-01,2.858848751391453291e+01,1.100000000000000000e+01
2.790000000000000000e+02,6.926031112670898438e-01,2.858848751391453291e+01,8.400000000000000000e+01
2.800000000000000000e+02,6.934959888458251953e-01,2.858848751391453291e+01,1.100000000000000000e+01
2.810000000000000000e+02,6.943950653076171875e-01,2.858848751391453291e+01,8.400000000000000000e+01
2.820000000000000000e+02,6.952559947967529297e-01,2.858848751391453291e+01,1.100000000000000000e+01
2.830000000000000000e+02,6.985301971435546875e-01,2.858848751391453291e+01,8.500000000000000000e+01
2.840000000000000000e+02,6.995601654052734375e-01,2.858848751391453291e+01,1.100000000000000000e+01
2.850000000000000000e+02,7.077541351318359375e-01,2.858848751391453291e+01,8.600000000000000000e+01
2.860000000000000000e+02,7.085270881652832031e-01,2.858848751391453291e+01,1.100000000000000000e+01
2.870000000000000000e+02,7.303991317749023438e-01,2.858848751391453291e+01,8.700000000000000000e+01
2.880000000000000000e+02,7.310960292816162109e-01,2.858848751391453291e+01,1.100000000000000000e+01
2.890000000000000000e+02,7.497560977935791016e-01,2.858848751391453291e+01,8.800000000000000000e+01
2.900000000000000000e+02,7.504980564117431641e-01,2.858848751391453291e+01,1.100000000000000000e+01
2.910000000000000000e+02,7.522101402282714844e-01,2.858848751391453291e+01,8.800000000000000000e+01
2.920000000000000000e+02,7.533991336822509766e-01,2.858848751391453291e+01,1.100000000000000000e+01
2.930000000000000000e+02,7.554271221160888672e-01,2.858848751391453291e+01,8.800000000000000000e+01
2.940000000000000000e+02,7.560791969299316406e-01,2.858848751391453291e+01,1.100000000000000000e+01
2.950000000000000000e+02,7.639570236206054688e-01,2.858848751391453291e+01,8.900000000000000000e+01
2.960000000000000000e+02,7.648861408233642578e-01,2.858848751391453291e+01,1.100000000000000000e+01
2.970000000000000000e+02,7.836420536041259766e-01,2.858848751391453291e+01,9.000000000000000000e+01
2.980000000000000000e+02,7.843301296234130859e-01,2.858848751391453291e+01,1.100000000000000000e+01
2.990000000000000000e+02,7.871620655059814453e-01,2.858848751391453291e+01,9.100000000000000000e+01
3.000000000000000000e+02,7.878091335296630859e-01,2.858848751391453291e+01,1.100000000000000000e+01
3.010000000000000000e+02,7.888340950012207031e-01,2.858848751391453291e+01,9.100000000000000000e+01
3.020000000000000000e+02,7.895619869232177734e-01,2.858848751391453291e+01,1.100000000000000000e+01
3.030000000000000000e+02,7.922730445861816406e-01,2.858848751391453291e+01,9.200000000000000000e+01
3.040000000000000000e+02,7.929761409759521484e-01,2.858848751391453291e+01,1.100000000000000000e+01
3.050000000000000000e+02,7.979271411895751953e-01,2.858848751391453291e+01,9.300000000000000000e+01
3.060000000000000000e+02,7.986280918121337891e-01,2.858848751391453291e+01,1.100000000000000000e+01
3.070000000000000000e+02,7.997879981994628906e-01,2.858848751391453291e+01,9.300000000000000000e+01
3.080000000000000000e+02,8.003950119018554688e-01,2.858848751391453291e+01,1.100000000000000000e+01
3.090000000000000000e+02,8.150482177734375000e-01,2.858848751391453291e+01,9.400000000000000000e+01
3.100000000000000000e+02,8.156101703643798828e-01,2.858848751391453291e+01,1.100000000000000000e+01
3.110000000000000000e+02,8.284811973571777344e-01,2.858848751391453291e+01,9.500000000000000000e+01
3.120000000000000000e+02,8.290681838989257812e-01,2.858848751391453291e+01,1.100000000000000000e+01
3.130000000000000000e+02,8.506021499633789062e-01,2.858848751391453291e+01,9.600000000000000000e+01
3.140000000000000000e+02,8.512451648712158203e-01,2.858848751391453291e+01,1.100000000000000000e+01
3.150000000000000000e+02,8.532230854034423828e-01,2.858848751391453291e+01,9.600000000000000000e+01
3.160000000000000000e+02,8.539760112762451172e-01,2.858848751391453291e+01,1.100000000000000000e+01
3.170000000000000000e+02,8.787271976470947266e-01,2.858848751391453291e+01,9.700000000000000000e+01
3.180000000000000000e+02,8.792681694030761719e-01,2.858848751391453291e+01,1.100000000000000000e+01
3.190000000000000000e+02,8.924241065979003906e-01,2.858848751391453291e+01,9.800000000000000000e+01
3.200000000000000000e+02,8.930411338806152344e-01,2.858848751391453291e+01,1.100000000000000000e+01
3.210000000000000000e+02,8.971769809722900391e-01,2.858848751391453291e+01,9.900000000000000000e+01
3.220000000000000000e+02,8.979601860046386719e-01,2.858848751391453291e+01,1.100000000000000000e+01
3.230000000000000000e+02,9.062480926513671875e-01,2.858848751391453291e+01,1.000000000000000000e+02
3.240000000000000000e+02,9.073581695556640625e-01,2.858848751391453291e+01,1.100000000000000000e+01
3.250000000000000000e+02,9.341239929199218750e-01,2.858848751391453291e+01,1.010000000000000000e+02
3.260000000000000000e+02,9.349060058593750000e-01,2.858848751391453291e+01,1.100000000000000000e+01
3.270000000000000000e+02,9.531641006469726562e-01,2.858848751391453291e+01,1.020000000000000000e+02
3.280000000000000000e+02,9.539999961853027344e-01,2.858848751391453291e+01,1.100000000000000000e+01
3.290000000000000000e+02,9.938189983367919922e-01,2.858848751391453291e+01,1.030000000000000000e+02
3.300000000000000000e+02,9.944481849670410156e-01,2.858848751391453291e+01,1.100000000000000000e+01
3.310000000000000000e+02,1.001605987548828125e+00,2.858848751391453291e+01,1.040000000000000000e+02
3.320000000000000000e+02,1.002165079116821289e+00,2.858848751391453291e+01,1.100000000000000000e+01
3.330000000000000000e+02,1.005146026611328125e+00,2.858848751391453291e+01,1.050000000000000000e+02
3.340000000000000000e+02,1.005872011184692383e+00,2.858848751391453291e+01,1.100000000000000000e+01
3.350000000000000000e+02,1.006902217864990234e+00,2.858848751391453291e+01,1.050000000000000000e+02
3.360000000000000000e+02,1.007680177688598633e+00,2.858848751391453291e+01,1.100000000000000000e+01
3.370000000000000000e+02,1.012024164199829102e+00,2.858848751391453291e+01,1.060000000000000000e+02
3.380000000000000000e+02,1.015714168548583984e+00,2.858848751391453291e+01,1.200000000000000000e+01
3.390000000000000000e+02,1.027159214019775391e+00,2.858848751391453291e+01,1.070000000000000000e+02
3.400000000000000000e+02,1.027841091156005859e+00,2.858848751391453291e+01,1.200000000000000000e+01
3.410000000000000000e+02,1.046822071075439453e+00,2.858848751391453291e+01,1.080000000000000000e+02
3.420000000000000000e+02,1.047597169876098633e+00,2.858848751391453291e+01,1.200000000000000000e+01
3.430000000000000000e+02,1.048471212387084961e+00,2.858848751391453291e+01,1.080000000000000000e+02
3.440000000000000000e+02,1.049027204513549805e+00,2.858848751391453291e+01,1.200000000000000000e+01
3.450000000000000000e+02,1.058098077774047852e+00,2.858848751391453291e+01,1.090000000000000000e+02
3.460000000000000000e+02,1.058837175369262695e+00,2.858848751391453291e+01,1.200000000000000000e+01
3.470000000000000000e+02,1.059941053390502930e+00,2.858848751391453291e+01,1.090000000000000000e+02
3.480000000000000000e+02,1.060582160949707031e+00,2.858848751391453291e+01,1.200000000000000000e+01
3.490000000000000000e+02,1.070744037628173828e+00,2.858848751391453291e+01,1.100000000000000000e+02
3.500000000000000000e+02,1.071429014205932617e+00,2.858848751391453291e+01,1.200000000000000000e+01
3.510000000000000000e+02,1.072436094284057617e+00,2.858848751391453291e+01,1.100000000000000000e+02
3.520000000000000000e+02,1.073491096496582031e+00,2.858848751391453291e+01,1.200000000000000000e+01
3.530000000000000000e+02,1.074501037597656250e+00,2.858848751391453291e+01,1.100000000000000000e+02
3.540000000000000000e+02,1.075131177902221680e+00,2.858848751391453291e+01,1.200000000000000000e+01
3.550000000000000000e+02,1.091699123382568359e+00,2.858848751391453291e+01,1.110000000000000000e+02
3.560000000000000000e+02,1.092628002166748047e+00,2.858848751391453291e+01,1.200000000000000000e+01
3.570000000000000000e+02,1.093636989593505859e+00,2.858848751391453291e+01,1.110000000000000000e+02
3.580000000000000000e+02,1.097750186920166016e+00,2.858848751391453291e+01,1.300000000000000000e+01
3.590000000000000000e+02,1.110181093215942383e+00,2.858848751391453291e+01,1.120000000000000000e+02
3.600000000000000000e+02,1.111395120620727539e+00,2.858848751391453291e+01,1.300000000000000000e+01
3.610000000000000000e+02,1.117486000061035156e+00,2.858848751391453291e+01,1.130000000000000000e+02
3.620000000000000000e+02,1.118268013000488281e+00,2.858848751391453291e+01,1.300000000000000000e+01
3.630000000000000000e+02,1.128952026367187500e+00,2.858848751391453291e+01,1.140000000000000000e+02
3.640000000000000000e+02,1.129617214202880859e+00,2.858848751391453291e+01,1.300000000000000000e+01
3.650000000000000000e+02,1.158089160919189453e+00,2.858848751391453291e+01,1.150000000000000000e+02
3.660000000000000000e+02,1.158838033676147461e+00,2.858848751391453291e+01,1.300000000000000000e+01
3.670000000000000000e+02,1.175032138824462891e+00,2.858848751391453291e+01,1.160000000000000000e+02
3.680000000000000000e+02,1.175707101821899414e+00,2.858848751391453291e+01,1.300000000000000000e+01
3.690000000000000000e+02,1.187298059463500977e+00,2.858848751391453291e+01,1.170000000000000000e+02
3.700000000000000000e+02,1.188425064086914062e+00,2.858848751391453291e+01,1.300000000000000000e+01
3.710000000000000000e+02,1.190400123596191406e+00,2.858848751391453291e+01,1.170000000000000000e+02
3.720000000000000000e+02,1.191037178039550781e+00,2.858848751391453291e+01,1.300000000000000000e+01
3.730000000000000000e+02,1.218676090240478516e+00,2.858848751391453291e+01,1.180000000000000000e+02
3.740000000000000000e+02,1.220043182373046875e+00,2.858848751391453291e+01,1.300000000000000000e+01
3.750000000000000000e+02,1.222825050354003906e+00,2.858848751391453291e+01,1.190000000000000000e+02
3.760000000000000000e+02,1.223551988601684570e+00,2.858848751391453291e+01,1.300000000000000000e+01
3.770000000000000000e+02,1.237435102462768555e+00,2.858848751391453291e+01,1.200000000000000000e+02
3.780000000000000000e+02,1.242181062698364258e+00,2.858848751391453291e+01,1.400000000000000000e+01
3.790000000000000000e+02,1.259687185287475586e+00,2.858848751391453291e+01,1.210000000000000000e+02
3.800000000000000000e+02,1.260622024536132812e+00,2.858848751391453291e+01,1.400000000000000000e+01
3.810000000000000000e+02,1.276058197021484375e+00,2.858848751391453291e+01,1.220000000000000000e+02
3.820000000000000000e+02,1.276877164840698242e+00,2.858848751391453291e+01,1.400000000000000000e+01
3.830000000000000000e+02,1.284299135208129883e+00,2.858848751391453291e+01,1.230000000000000000e+02
3.840000000000000000e+02,1.284909009933471680e+00,2.858848751391453291e+01,1.400000000000000000e+01
3.850000000000000000e+02,1.308572053909301758e+00,2.858848751391453291e+01,1.240000000000000000e+02
3.860000000000000000e+02,1.309527158737182617e+00,2.858848751391453291e+01,1.400000000000000000e+01
3.870000000000000000e+02,1.320891141891479492e+00,2.858848751391453291e+01,1.250000000000000000e+02
3.880000000000000000e+02,1.321775197982788086e+00,2.858848751391453291e+01,1.400000000000000000e+01
3.890000000000000000e+02,1.326578140258789062e+00,2.858848751391453291e+01,1.260000000000000000e+02
3.900000000000000000e+02,1.327255010604858398e+00,2.858848751391453291e+01,1.400000000000000000e+01
3.910000000000000000e+02,1.331317186355590820e+00,2.858848751391453291e+01,1.270000000000000000e+02
3.920000000000000000e+02,1.331891059875488281e+00,2.858848751391453291e+01,1.400000000000000000e+01
3.930000000000000000e+02,1.349621057510375977e+00,2.858848751391453291e+01,1.280000000000000000e+02
3.940000000000000000e+02,1.350512981414794922e+00,2.858848751391453291e+01,1.400000000000000000e+01
3.950000000000000000e+02,1.356387138366699219e+00,2.858848751391453291e+01,1.290000000000000000e+02
3.960000000000000000e+02,1.356970071792602539e+00,2.858848751391453291e+01,1.400000000000000000e+01
3.970000000000000000e+02,1.361792087554931641e+00,2.858848751391453291e+01,1.300000000000000000e+02
3.980000000000000000e+02,1.363352060317993164e+00,2.858848751391453291e+01,1.400000000000000000e+01
3.990000000000000000e+02,1.391344070434570312e+00,2.858848751391453291e+01,1.310000000000000000e+02
4.000000000000000000e+02,1.392390012741088867e+00,2.858848751391453291e+01,1.400000000000000000e+01
4.010000000000000000e+02,1.402618169784545898e+00,2.858848751391453291e+01,1.320000000000000000e+02
4.020000000000000000e+02,1.403323173522949219e+00,2.858848751391453291e+01,1.400000000000000000e+01
4.030000000000000000e+02,1.404380083084106445e+00,2.858848751391453291e+01,1.320000000000000000e+02
4.040000000000000000e+02,1.404991149902343750e+00,2.858848751391453291e+01,1.400000000000000000e+01
4.050000000000000000e+02,1.407149076461791992e+00,2.858848751391453291e+01,1.320000000000000000e+02
4.060000000000000000e+02,1.408022165298461914e+00,2.858848751391453291e+01,1.400000000000000000e+01
4.070000000000000000e+02,1.410967111587524414e+00,2.858848751391453291e+01,1.320000000000000000e+02
4.080000000000000000e+02,1.411525011062622070e+00,2.858848751391453291e+01,1.400000000000000000e+01
4.090000000000000000e+02,1.414063215255737305e+00,2.858848751391453291e+01,1.320000000000000000e+02
4.100000000000000000e+02,1.414746999740600586e+00,2.858848751391453291e+01,1.400000000000000000e+01
4.110000000000000000e+02,1.426190137863159180e+00,2.858848751391453291e+01,1.330000000000000000e+02
4.120000000000000000e+02,1.426915168762207031e+00,2.858848751391453291e+01,1.400000000000000000e+01
4.130000000000000000e+02,1.429030179977416992e+00,2.858848751391453291e+01,1.330000000000000000e+02
4.140000000000000000e+02,1.429669141769409180e+00,2.858848751391453291e+01,1.400000000000000000e+01
4.150000000000000000e+02,1.442390203475952148e+00,2.858848751391453291e+01,1.340000000000000000e+02
4.160000000000000000e+02,1.447052001953125000e+00,2.858848751391453291e+01,1.500000000000000000e+01
4.170000000000000000e+02,1.489753007888793945e+00,2.858848751391453291e+01,1.350000000000000000e+02
4.180000000000000000e+02,1.490361213684082031e+00,2.858848751391453291e+01,1.500000000000000000e+01
4.190000000000000000e+02,1.508399009704589844e+00,2.858848751391453291e+01,1.360000000000000000e+02
4.200000000000000000e+02,1.512084007263183594e+00,2.858848751391453291e+01,1.600000000000000000e+01
4.210000000000000000e+02,1.537621021270751953e+00,2.858848751391453291e+01,1.370000000000000000e+02
4.220000000000000000e+02,1.538403987884521484e+00,2.858848751391453291e+01,1.600000000000000000e+01
4.230000000000000000e+02,1.563526153564453125e+00,2.858848751391453291e+01,1.380000000000000000e+02
4.240000000000000000e+02,1.564656019210815430e+00,2.858848751391453291e+01,1.600000000000000000e+01
4.250000000000000000e+02,1.570196151733398438e+00,2.858848751391453291e+01,1.390000000000000000e+02
4.260000000000000000e+02,1.571024179458618164e+00,2.858848751391453291e+01,1.600000000000000000e+01
4.270000000000000000e+02,1.603145122528076172e+00,2.858848751391453291e+01,1.400000000000000000e+02
4.280000000000000000e+02,1.603881120681762695e+00,2.858848751391453291e+01,1.600000000000000000e+01
4.290000000000000000e+02,1.605048179626464844e+00,2.858848751391453291e+01,1.400000000000000000e+02
4.300000000000000000e+02,1.605600118637084961e+00,2.858848751391453291e+01,1.600000000000000000e+01
4.310000000000000000e+02,1.646752119064331055e+00,2.858848751391453291e+01,1.410000000000000000e+02
4.320000000000000000e+02,1.647395133972167969e+00,2.858848751391453291e+01,1.600000000000000000e+01
4.330000000000000000e+02,1.668031215667724609e+00,2.858848751391453291e+01,1.420000000000000000e+02
4.340000000000000000e+02,1.668703079223632812e+00,2.858848751391453291e+01,1.600000000000000000e+01
4.350000000000000000e+02,1.682603120803833008e+00,2.858848751391453291e+01,1.430000000000000000e+02
4.360000000000000000e+02,1.683850049972534180e+00,2.858848751391453291e+01,1.600000000000000000e+01
4.370000000000000000e+02,1.715486049652099609e+00,2.858848751391453291e+01,1.440000000000000000e+02
4.380000000000000000e+02,1.716224193572998047e+00,2.858848751391453291e+01,1.600000000000000000e+01
4.390000000000000000e+02,1.718687057495117188e+00,2.858848751391453291e+01,1.440000000000000000e+02
4.400000000000000000e+02,1.719277143478393555e+00,2.858848751391453291e+01,1.600000000000000000e+01
4.410000000000000000e+02,1.742544174194335938e+00,2.858848751391453291e+01,1.450000000000000000e+02
4.420000000000000000e+02,1.743285179138183594e+00,2.858848751391453291e+01,1.600000000000000000e+01
4.430000000000000000e+02,1.749184131622314453e+00,2.858848751391453291e+01,1.460000000000000000e+02
4.440000000000000000e+02,1.749819993972778320e+00,2.858848751391453291e+01,1.600000000000000000e+01
4.450000000000000000e+02,1.755639076232910156e+00,2.858848751391453291e+01,1.470000000000000000e+02
4.460000000000000000e+02,1.756395101547241211e+00,2.858848751391453291e+01,1.600000000000000000e+01
4.470000000000000000e+02,1.759234189987182617e+00,2.858848751391453291e+01,1.480000000000000000e+02
4.480000000000000000e+02,1.759839057922363281e+00,2.858848751391453291e+01,1.600000000000000000e+01
4.490000000000000000e+02,1.792401075363159180e+00,2.858848751391453291e+01,1.490000000000000000e+02
4.500000000000000000e+02,1.793229103088378906e+00,2.858848751391453291e+01,1.600000000000000000e+01
4.510000000000000000e+02,1.800989151000976562e+00,2.858848751391453291e+01,1.500000000000000000e+02
4.520000000000000000e+02,1.801978111267089844e+00,2.858848751391453291e+01,1.600000000000000000e+01
4.530000000000000000e+02,1.814676046371459961e+00,2.858848751391453291e+01,1.510000000000000000e+02
4.540000000000000000e+02,1.816151142120361328e+00,2.858848751391453291e+01,1.600000000000000000e+01
4.550000000000000000e+02,1.818526983261108398e+00,2.858848751391453291e+01,1.510000000000000000e+02
4.560000000000000000e+02,1.819452047348022461e+00,2.858848751391453291e+01,1.600000000000000000e+01
4.570000000000000000e+02,1.828410148620605469e+00,2.858848751391453291e+01,1.520000000000000000e+02
4.580000000000000000e+02,1.829140186309814453e+00,2.858848751391453291e+01,1.600000000000000000e+01
4.590000000000000000e+02,1.830346107482910156e+00,2.858848751391453291e+01,1.520000000000000000e+02
4.600000000000000000e+02,1.831094026565551758e+00,2.858848751391453291e+01,1.600000000000000000e+01
4.610000000000000000e+02,1.836103200912475586e+00,2.858848751391453291e+01,1.530000000000000000e+02
4.620000000000000000e+02,1.836825132369995117e+00,2.858848751391453291e+01,1.600000000000000000e+01
4.630000000000000000e+02,1.838090181350708008e+00,2.858848751391453291e+01,1.530000000000000000e+02
4.640000000000000000e+02,1.838988065719604492e+00,2.858848751391453291e+01,1.600000000000000000e+01
4.650000000000000000e+02,1.841314077377319336e+00,2.858848751391453291e+01,1.530000000000000000e+02
4.660000000000000000e+02,1.841924190521240234e+00,2.858848751391453291e+01,1.600000000000000000e+01
4.670000000000000000e+02,1.862075090408325195e+00,2.858848751391453291e+01,1.540000000000000000e+02
4.680000000000000000e+02,1.863102197647094727e+00,2.858848751391453291e+01,1.600000000000000000e+01
4.690000000000000000e+02,1.868705987930297852e+00,2.858848751391453291e+01,1.550000000000000000e+02
4.700000000000000000e+02,1.869329214096069336e+00,2.858848751391453291e+01,1.600000000000000000e+01
4.710000000000000000e+02,1.887342214584350586e+00,2.858848751391453291e+01,1.560000000000000000e+02
4.720000000000000000e+02,1.888163089752197266e+00,2.858848751391453291e+01,1.600000000000000000e+01
4.730000000000000000e+02,1.919309139251708984e+00,2.858848751391453291e+01,1.570000000000000000e+02
4.740000000000000000e+02,1.920081138610839844e+00,2.858848751391453291e+01,1.600000000000000000e+01
4.750000000000000000e+02,1.921325206756591797e+00,2.858848751391453291e+01,1.570000000000000000e+02
4.760000000000000000e+02,1.921904087066650391e+00,2.858848751391453291e+01,1.600000000000000000e+01
4.770000000000000000e+02,1.937274217605590820e+00,2.858848751391453291e+01,1.580000000000000000e+02
4.780000000000000000e+02,1.938266992568969727e+00,2.858848751391453291e+01,1.600000000000000000e+01
4.790000000000000000e+02,1.966198205947875977e+00,2.858848751391453291e+01,1.590000000000000000e+02
4.800000000000000000e+02,1.967605113983154297e+00,2.858848751391453291e+01,1.600000000000000000e+01
4.810000000000000000e+02,1.997956991195678711e+00,2.858848751391453291e+01,1.600000000000000000e+02
4.820000000000000000e+02,2.001219987869262695e+00,2.854452674792849365e+01,1.700000000000000000e+01
4.830000000000000000e+02,2.005487203598022461e+00,2.854452674792849365e+01,1.590000000000000000e+02
4.840000000000000000e+02,2.006497144699096680e+00,2.854452674792849365e+01,1.400000000000000000e+01
4.850000000000000000e+02,2.008835077285766602e+00,2.854452674792849365e+01,1.590000000000000000e+02
4.860000000000000000e+02,2.014542102813720703e+00,2.854452674792849365e+01,1.500000000000000000e+01
4.870000000000000000e+02,2.061802148818969727e+00,2.854452674792849365e+01,1.600000000000000000e+02
4.880000000000000000e+02,2.062477111816406250e+00,2.854452674792849365e+01,1.500000000000000000e+01
4.890000000000000000e+02,2.093811988830566406e+00,2.854452674792849365e+01,1.610000000000000000e+02
4.900000000000000000e+02,2.094428062438964844e+00,2.854452674792849365e+01,1.500000000000000000e+01
4.910000000000000000e+02,2.098417043685913086e+00,2.854452674792849365e+01,1.620000000000000000e+02
4.920000000000000000e+02,2.099245071411132812e+00,2.854452674792849365e+01,1.500000000000000000e+01
4.930000000000000000e+02,2.138103008270263672e+00,2.854452674792849365e+01,1.630000000000000000e+02
4.940000000000000000e+02,2.138861179351806641e+00,2.854452674792849365e+01,1.500000000000000000e+01
4.950000000000000000e+02,2.168246984481811523e+00,2.854452674792849365e+01,1.640000000000000000e+02
4.960000000000000000e+02,2.169135093688964844e+00,2.854452674792849365e+01,1.500000000000000000e+01
4.970000000000000000e+02,2.195973157882690430e+00,2.854452674792849365e+01,1.650000000000000000e+02
4.980000000000000000e+02,2.197235107421875000e+00,2.854452674792849365e+01,1.500000000000000000e+01
4.990000000000000000e+02,2.219586133956909180e+00,2.854452674792849365e+01,1.660000000000000000e+02
