0.000000000000000000e+00,2.755880355834960938e-03,0.000000000000000000e+00,2.000000000000000000e+00
1.000000000000000000e+00,5.066871643066406250e-03,0.000000000000000000e+00,2.000000000000000000e+00
2.000000000000000000e+00,9.241104125976562500e-03,0.000000000000000000e+00,3.000000000000000000e+00
3.000000000000000000e+00,1.040101051330566406e-02,0.000000000000000000e+00,2.000000000000000000e+00
4.000000000000000000e+00,1.259398460388183594e-02,0.000000000000000000e+00,3.000000000000000000e+00
5.000000000000000000e+00,1.523709297180175781e-02,0.000000000000000000e+00,3.000000000000000000e+00
6.000000000000000000e+00,1.785802841186523438e-02,0.000000000000000000e+00,4.000000000000000000e+00
7.000000000000000000e+00,2.071809768676757812e-02,0.000000000000000000e+00,4.000000000000000000e+00
8.000000000000000000e+00,2.370190620422363281e-02,0.000000000000000000e+00,5.000000000000000000e+00
9.000000000000000000e+00,2.617692947387695312e-02,0.000000000000000000e+00,5.000000000000000000e+00
1.000000000000000000e+01,2.881193161010742188e-02,0.000000000000000000e+00,6.000000000000000000e+00
1.100000000000000000e+01,3.272700309753417969e-02,0.000000000000000000e+00,6.000000000000000000e+00
1.200000000000000000e+01,3.413891792297363281e-02,0.000000000000000000e+00,6.000000000000000000e+00
1.300000000000000000e+01,3.701901435852050781e-02,0.000000000000000000e+00,7.000000000000000000e+00
1.400000000000000000e+01,3.982305526733398438e-02,0.000000000000000000e+00,7.000000000000000000e+00
1.500000000000000000e+01,4.227805137634277344e-02,0.000000000000000000e+00,8.000000000000000000e+00
1.600000000000000000e+01,4.517006874084472656e-02,0.000000000000000000e+00,8.000000000000000000e+00
1.700000000000000000e+01,4.845905303955078125e-02,0.000000000000000000e+00,9.000000000000000000e+00
1.800000000000000000e+01,5.358409881591796875e-02,0.000000000000000000e+00,9.000000000000000000e+00
1.900000000000000000e+01,5.591392517089843750e-02,0.000000000000000000e+00,1.000000000000000000e+01
2.000000000000000000e+01,5.875396728515625000e-02,0.000000000000000000e+00,1.000000000000000000e+01
2.100000000000000000e+01,6.157588958740234375e-02,0.000000000000000000e+00,1.100000000000000000e+01
2.200000000000000000e+01,6.395602226257324219e-02,0.000000000000000000e+00,1.100000000000000000e+01
2.300000000000000000e+01,6.618595123291015625e-02,3.331021381785002689e+01,1.200000000000000000e+01
2.400000000000000000e+01,6.684207916259765625e-02,3.331021381785002689e+01,1.100000000000000000e+01
2.500000000000000000e+01,7.051801681518554688e-02,3.331021381785002689e+01,1.300000000000000000e+01
2.600000000000000000e+01,7.359409332275390625e-02,3.005514272803722164e+01,1.200000000000000000e+01
2.700000000000000000e+01,7.424592971801757812e-02,3.005514272803722164e+01,1.000000000000000000e+01
2.800000000000000000e+01,7.594704627990722656e-02,2.950147110185401544e+01,1.100000000000000000e+01
2.900000000000000000e+01,7.657909393310546875e-02,2.950147110185401544e+01,9.000000000000000000e+00
3.000000000000000000e+01,7.832598686218261719e-02,2.950147110185401544e+01,1.000000000000000000e+01
3.100000000000000000e+01,8.224987983703613281e-02,2.950147110185401544e+01,1.000000000000000000e+01
3.200000000000000000e+01,8.305597305297851562e-02,2.950147110185401544e+01,1.000000000000000000e+01
3.300000000000000000e+01,8.373188972473144531e-02,2.950147110185401544e+01,1.000000000000000000e+01
3.400000000000000000e+01,8.449292182922363281e-02,2.950147110185401544e+01,1.000000000000000000e+01
3.500000000000000000e+01,8.662605285644531250e-02,2.950147110185401544e+01,1.100000000000000000e+01
3.600000000000000000e+01,8.867502212524414062e-02,2.796785178735354549e+01,1.100000000000000000e+01
3.700000000000000000e+01,8.945989608764648438e-02,2.796785178735354549e+01,7.000000000000000000e+00
3.800000000000000000e+01,9.009099006652832031e-02,2.796785178735354549e+01,6.000000000000000000e+00
3.900000000000000000e+01,9.066700935363769531e-02,2.796785178735354549e+01,7.000000000000000000e+00
4.000000000000000000e+01,9.136891365051269531e-02,2.796785178735354549e+01,6.000000000000000000e+00
4.100000000000000000e+01,9.211087226867675781e-02,2.796785178735354549e+01,7.000000000000000000e+00
4.200000000000000000e+01,9.419202804565429688e-02,2.796785178735354549e+01,7.000000000000000000e+00
4.300000000000000000e+01,9.498500823974609375e-02,2.796785178735354549e+01,7.000000000000000000e+00
4.400000000000000000e+01,9.560608863830566406e-02,2.796785178735354549e+01,7.000000000000000000e+00
4.500000000000000000e+01,9.618091583251953125e-02,2.796785178735354549e+01,7.000000000000000000e+00
4.600000000000000000e+01,9.678792953491210938e-02,2.796785178735354549e+01,7.000000000000000000e+00
4.700000000000000000e+01,9.795594215393066406e-02,2.796785178735354549e+01,7.000000000000000000e+00
4.800000000000000000e+01,1.009709835052490234e-01,2.796785178735354549e+01,8.000000000000000000e+00
4.900000000000000000e+01,1.015770435333251953e-01,2.796785178735354549e+01,7.000000000000000000e+00
5.000000000000000000e+01,1.022059917449951172e-01,2.796785178735354549e+01,8.000000000000000000e+00
5.100000000000000000e+01,1.046450138092041016e-01,2.796785178735354549e+01,8.000000000000000000e+00
5.200000000000000000e+01,1.053400039672851562e-01,2.796785178735354549e+01,8.000000000000000000e+00
5.300000000000000000e+01,1.059448719024658203e-01,2.796785178735354549e+01,8.000000000000000000e+00
5.400000000000000000e+01,1.066379547119140625e-01,2.796785178735354549e+01,8.000000000000000000e+00
5.500000000000000000e+01,1.074299812316894531e-01,2.796785178735354549e+01,8.000000000000000000e+00
5.600000000000000000e+01,1.079170703887939453e-01,2.796785178735354549e+01,8.000000000000000000e+00
5.700000000000000000e+01,1.106600761413574219e-01,2.796785178735354549e+01,9.000000000000000000e+00
5.800000000000000000e+01,1.117908954620361328e-01,2.796785178735354549e+01,8.000000000000000000e+00
5.900000000000000000e+01,1.135439872741699219e-01,2.796785178735354549e+01,1.000000000000000000e+01
6.000000000000000000e+01,1.163470745086669922e-01,2.796785178735354549e+01,9.000000000000000000e+00
6.100000000000000000e+01,1.191520690917968750e-01,2.796785178735354549e+01,1.100000000000000000e+01
6.200000000000000000e+01,1.197478771209716797e-01,2.796785178735354549e+01,9.000000000000000000e+00
6.300000000000000000e+01,1.204080581665039062e-01,2.796785178735354549e+01,1.100000000000000000e+01
6.400000000000000000e+01,1.210329532623291016e-01,2.796785178735354549e+01,9.000000000000000000e+00
6.500000000000000000e+01,1.237080097198486328e-01,2.796785178735354549e+01,1.200000000000000000e+01
6.600000000000000000e+01,1.254160404205322266e-01,2.796785178735354549e+01,9.000000000000000000e+00
6.700000000000000000e+01,1.260490417480468750e-01,2.796785178735354549e+01,1.200000000000000000e+01
6.800000000000000000e+01,1.265790462493896484e-01,2.796785178735354549e+01,9.000000000000000000e+00
6.900000000000000000e+01,1.292328834533691406e-01,2.766046416104639505e+01,1.300000000000000000e+01
7.000000000000000000e+01,1.300389766693115234e-01,2.766046416104639505e+01,7.000000000000000000e+00
7.100000000000000000e+01,1.308078765869140625e-01,2.766046416104639505e+01,1.000000000000000000e+01
7.200000000000000000e+01,1.313278675079345703e-01,2.766046416104639505e+01,7.000000000000000000e+00
7.300000000000000000e+01,1.320989131927490234e-01,2.766046416104639505e+01,1.000000000000000000e+01
7.400000000000000000e+01,1.327929496765136719e-01,2.766046416104639505e+01,7.000000000000000000e+00
7.500000000000000000e+01,1.334738731384277344e-01,2.766046416104639505e+01,1.000000000000000000e+01
7.600000000000000000e+01,1.342530250549316406e-01,2.766046416104639505e+01,7.000000000000000000e+00
7.700000000000000000e+01,1.349420547485351562e-01,2.766046416104639505e+01,1.000000000000000000e+01
7.800000000000000000e+01,1.367008686065673828e-01,2.766046416104639505e+01,7.000000000000000000e+00
7.900000000000000000e+01,1.376709938049316406e-01,2.766046416104639505e+01,1.000000000000000000e+01
8.000000000000000000e+01,1.384170055389404297e-01,2.766046416104639505e+01,7.000000000000000000e+00
8.100000000000000000e+01,1.414699554443359375e-01,2.766046416104639505e+01,1.100000000000000000e+01
8.200000000000000000e+01,1.428189277648925781e-01,2.766046416104639505e+01,7.000000000000000000e+00
8.300000000000000000e+01,1.448609828948974609e-01,2.766046416104639505e+01,1.200000000000000000e+01
8.400000000000000000e+01,1.454789638519287109e-01,2.766046416104639505e+01,7.000000000000000000e+00
8.500000000000000000e+01,1.494588851928710938e-01,2.766046416104639505e+01,1.300000000000000000e+01
8.600000000000000000e+01,1.501810550689697266e-01,2.766046416104639505e+01,7.000000000000000000e+00
8.700000000000000000e+01,1.508378982543945312e-01,2.766046416104639505e+01,1.300000000000000000e+01
8.800000000000000000e+01,1.525540351867675781e-01,2.766046416104639505e+01,8.000000000000000000e+00
8.900000000000000000e+01,1.532928943634033203e-01,2.766046416104639505e+01,1.300000000000000000e+01
9.000000000000000000e+01,1.539649963378906250e-01,2.766046416104639505e+01,8.000000000000000000e+00
9.100000000000000000e+01,1.546700000762939453e-01,2.766046416104639505e+01,1.300000000000000000e+01
9.200000000000000000e+01,1.553468704223632812e-01,2.766046416104639505e+01,8.000000000000000000e+00
9.300000000000000000e+01,1.586139202117919922e-01,2.766046416104639505e+01,1.400000000000000000e+01
9.400000000000000000e+01,1.592390537261962891e-01,2.766046416104639505e+01,8.000000000000000000e+00
9.500000000000000000e+01,1.599118709564208984e-01,2.766046416104639505e+01,1.400000000000000000e+01
9.600000000000000000e+01,1.605269908905029297e-01,2.766046416104639505e+01,8.000000000000000000e+00
9.700000000000000000e+01,1.624579429626464844e-01,2.766046416104639505e+01,1.500000000000000000e+01
9.800000000000000000e+01,1.633498668670654297e-01,2.766046416104639505e+01,8.000000000000000000e+00
9.900000000000000000e+01,1.640360355377197266e-01,2.766046416104639505e+01,1.500000000000000000e+01
1.000000000000000000e+02,1.646480560302734375e-01,2.766046416104639505e+01,8.000000000000000000e+00
1.010000000000000000e+02,1.653130054473876953e-01,2.766046416104639505e+01,1.500000000000000000e+01
1.020000000000000000e+02,1.659309864044189453e-01,2.766046416104639505e+01,8.000000000000000000e+00
1.030000000000000000e+02,1.674869060516357422e-01,2.766046416104639505e+01,1.500000000000000000e+01
1.040000000000000000e+02,1.684300899505615234e-01,2.766046416104639505e+01,8.000000000000000000e+00
1.050000000000000000e+02,1.723709106445312500e-01,2.766046416104639505e+01,1.600000000000000000e+01
1.060000000000000000e+02,1.730489730834960938e-01,2.766046416104639505e+01,8.000000000000000000e+00
1.070000000000000000e+02,1.767439842224121094e-01,2.766046416104639505e+01,1.600000000000000000e+01
1.080000000000000000e+02,1.775019168853759766e-01,2.766046416104639505e+01,8.000000000000000000e+00
1.090000000000000000e+02,1.793138980865478516e-01,2.766046416104639505e+01,1.700000000000000000e+01
1.100000000000000000e+02,1.805560588836669922e-01,2.766046416104639505e+01,8.000000000000000000e+00
1.110000000000000000e+02,1.815409660339355469e-01,2.766046416104639505e+01,1.700000000000000000e+01
1.120000000000000000e+02,1.820728778839111328e-01,2.766046416104639505e+01,8.000000000000000000e+00
1.130000000000000000e+02,1.830849647521972656e-01,2.766046416104639505e+01,1.700000000000000000e+01
1.140000000000000000e+02,1.837430000305175781e-01,2.766046416104639505e+01,8.000000000000000000e+00
1.150000000000000000e+02,1.842720508575439453e-01,2.766046416104639505e+01,1.700000000000000000e+01
1.160000000000000000e+02,1.855690479278564453e-01,2.766046416104639505e+01,8.000000000000000000e+00
1.170000000000000000e+02,1.908149719238281250e-01,2.766046416104639505e+01,1.800000000000000000e+01
1.180000000000000000e+02,1.922070980072021484e-01,2.766046416104639505e+01,8.000000000000000000e+00
1.190000000000000000e+02,1.927430629730224609e-01,2.766046416104639505e+01,1.800000000000000000e+01
1.200000000000000000e+02,1.933679580688476562e-01,2.766046416104639505e+01,8.000000000000000000e+00
1.210000000000000000e+02,1.946799755096435547e-01,2.766046416104639505e+01,1.800000000000000000e+01
1.220000000000000000e+02,1.953489780426025391e-01,2.766046416104639505e+01,8.000000000000000000e+00
1.230000000000000000e+02,1.960148811340332031e-01,2.766046416104639505e+01,1.800000000000000000e+01
1.240000000000000000e+02,1.966130733489990234e-01,2.766046416104639505e+01,8.000000000000000000e+00
1.250000000000000000e+02,2.043969631195068359e-01,2.766046416104639505e+01,1.900000000000000000e+01
1.260000000000000000e+02,2.050309181213378906e-01,2.766046416104639505e+01,8.000000000000000000e+00
1.270000000000000000e+02,2.099490165710449219e-01,2.766046416104639505e+01,2.000000000000000000e+01
1.280000000000000000e+02,2.106618881225585938e-01,2.766046416104639505e+01,8.000000000000000000e+00
1.290000000000000000e+02,2.141439914703369141e-01,2.766046416104639505e+01,2.100000000000000000e+01
1.300000000000000000e+02,2.146940231323242188e-01,2.766046416104639505e+01,8.000000000000000000e+00
1.310000000000000000e+02,2.154159545898437500e-01,2.766046416104639505e+01,2.100000000000000000e+01
1.320000000000000000e+02,2.160410881042480469e-01,2.766046416104639505e+01,8.000000000000000000e+00
1.330000000000000000e+02,2.224929332733154297e-01,2.766046416104639505e+01,2.200000000000000000e+01
1.340000000000000000e+02,2.231020927429199219e-01,2.766046416104639505e+01,8.000000000000000000e+00
1.350000000000000000e+02,2.291839122772216797e-01,2.766046416104639505e+01,2.300000000000000000e+01
1.360000000000000000e+02,2.298040390014648438e-01,2.766046416104639505e+01,8.000000000000000000e+00
1.370000000000000000e+02,2.323789596557617188e-01,2.766046416104639505e+01,2.400000000000000000e+01
1.380000000000000000e+02,2.330849170684814453e-01,2.766046416104639505e+01,8.000000000000000000e+00
1.390000000000000000e+02,2.415630817413330078e-01,2.766046416104639505e+01,2.500000000000000000e+01
1.400000000000000000e+02,2.427520751953125000e-01,2.766046416104639505e+01,8.000000000000000000e+00
1.410000000000000000e+02,2.436089515686035156e-01,2.766046416104639505e+01,2.500000000000000000e+01
1.420000000000000000e+02,2.459509372711181641e-01,2.766046416104639505e+01,9.000000000000000000e+00
1.430000000000000000e+02,2.468478679656982422e-01,2.766046416104639505e+01,2.500000000000000000e+01
1.440000000000000000e+02,2.474789619445800781e-01,2.766046416104639505e+01,9.000000000000000000e+00
1.450000000000000000e+02,2.513320446014404297e-01,2.766046416104639505e+01,2.600000000000000000e+01
1.460000000000000000e+02,2.517988681793212891e-01,2.766046416104639505e+01,9.000000000000000000e+00
1.470000000000000000e+02,2.525050640106201172e-01,2.766046416104639505e+01,2.600000000000000000e+01
1.480000000000000000e+02,2.531039714813232422e-01,2.766046416104639505e+01,9.000000000000000000e+00
1.490000000000000000e+02,2.540819644927978516e-01,2.766046416104639505e+01,2.600000000000000000e+01
1.500000000000000000e+02,2.560899257659912109e-01,2.766046416104639505e+01,9.000000000000000000e+00
1.510000000000000000e+02,2.591590881347656250e-01,2.766046416104639505e+01,2.700000000000000000e+01
1.520000000000000000e+02,2.597939968109130859e-01,2.766046416104639505e+01,9.000000000000000000e+00
1.530000000000000000e+02,2.664780616760253906e-01,2.766046416104639505e+01,2.800000000000000000e+01
1.540000000000000000e+02,2.672460079193115234e-01,2.766046416104639505e+01,9.000000000000000000e+00
1.550000000000000000e+02,2.700409889221191406e-01,2.766046416104639505e+01,2.900000000000000000e+01
1.560000000000000000e+02,2.707290649414062500e-01,2.766046416104639505e+01,9.000000000000000000e+00
1.570000000000000000e+02,2.718389034271240234e-01,2.766046416104639505e+01,2.900000000000000000e+01
1.580000000000000000e+02,2.744369506835937500e-01,2.766046416104639505e+01,1.000000000000000000e+01
1.590000000000000000e+02,2.788989543914794922e-01,2.766046416104639505e+01,3.000000000000000000e+01
1.600000000000000000e+02,2.795329093933105469e-01,2.766046416104639505e+01,1.000000000000000000e+01
1.610000000000000000e+02,2.803139686584472656e-01,2.766046416104639505e+01,3.000000000000000000e+01
1.620000000000000000e+02,2.810459136962890625e-01,2.766046416104639505e+01,1.000000000000000000e+01
1.630000000000000000e+02,2.817769050598144531e-01,2.766046416104639505e+01,3.000000000000000000e+01
1.640000000000000000e+02,2.823419570922851562e-01,2.766046416104639505e+01,1.000000000000000000e+01
1.650000000000000000e+02,2.912259101867675781e-01,2.766046416104639505e+01,3.100000000000000000e+01
1.660000000000000000e+02,2.920448780059814453e-01,2.766046416104639505e+01,1.000000000000000000e+01
1.670000000000000000e+02,2.927758693695068359e-01,2.766046416104639505e+01,3.100000000000000000e+01
1.680000000000000000e+02,2.938270568847656250e-01,2.766046416104639505e+01,1.000000000000000000e+01
1.690000000000000000e+02,2.957398891448974609e-01,2.766046416104639505e+01,3.200000000000000000e+01
1.700000000000000000e+02,2.963469028472900391e-01,2.766046416104639505e+01,1.000000000000000000e+01
1.710000000000000000e+02,2.974700927734375000e-01,2.766046416104639505e+01,3.200000000000000000e+01
1.720000000000000000e+02,2.980890274047851562e-01,2.766046416104639505e+01,1.000000000000000000e+01
1.730000000000000000e+02,2.989718914031982422e-01,2.766046416104639505e+01,3.200000000000000000e+01
1.740000000000000000e+02,2.997078895568847656e-01,2.766046416104639505e+01,1.000000000000000000e+01
1.750000000000000000e+02,3.004930019378662109e-01,2.766046416104639505e+01,3.200000000000000000e+01
1.760000000000000000e+02,3.046128749847412109e-01,2.766046416104639505e+01,1.100000000000000000e+01
1.770000000000000000e+02,3.065350055694580078e-01,2.766046416104639505e+01,3.300000000000000000e+01
1.780000000000000000e+02,3.074190616607666016e-01,2.766046416104639505e+01,1.100000000000000000e+01
1.790000000000000000e+02,3.098418712615966797e-01,2.766046416104639505e+01,3.400000000000000000e+01
1.800000000000000000e+02,3.105289936065673828e-01,2.766046416104639505e+01,1.100000000000000000e+01
1.810000000000000000e+02,3.112978935241699219e-01,2.766046416104639505e+01,3.400000000000000000e+01
1.820000000000000000e+02,3.120360374450683594e-01,2.766046416104639505e+01,1.100000000000000000e+01
1.830000000000000000e+02,3.136799335479736328e-01,2.766046416104639505e+01,3.400000000000000000e+01
1.840000000000000000e+02,3.143630027770996094e-01,2.766046416104639505e+01,1.100000000000000000e+01
1.850000000000000000e+02,3.216810226440429688e-01,2.766046416104639505e+01,3.500000000000000000e+01
1.860000000000000000e+02,3.223919868469238281e-01,2.766046416104639505e+01,1.100000000000000000e+01
1.870000000000000000e+02,3.264009952545166016e-01,2.766046416104639505e+01,3.600000000000000000e+01
1.880000000000000000e+02,3.271200656890869141e-01,2.766046416104639505e+01,1.100000000000000000e+01
1.890000000000000000e+02,3.350760936737060547e-01,2.766046416104639505e+01,3.700000000000000000e+01
1.900000000000000000e+02,3.403089046478271484e-01,2.766046416104639505e+01,1.200000000000000000e+01
1.910000000000000000e+02,3.413660526275634766e-01,2.766046416104639505e+01,3.700000000000000000e+01
1.920000000000000000e+02,3.420770168304443359e-01,2.766046416104639505e+01,1.200000000000000000e+01
1.930000000000000000e+02,3.432779312133789062e-01,2.766046416104639505e+01,3.700000000000000000e+01
1.940000000000000000e+02,3.469429016113281250e-01,2.766046416104639505e+01,1.300000000000000000e+01
1.950000000000000000e+02,3.479309082031250000e-01,2.766046416104639505e+01,3.700000000000000000e+01
1.960000000000000000e+02,3.485410213470458984e-01,2.766046416104639505e+01,1.300000000000000000e+01
1.970000000000000000e+02,3.496050834655761719e-01,2.766046416104639505e+01,3.700000000000000000e+01
1.980000000000000000e+02,3.524239063262939453e-01,2.766046416104639505e+01,1.400000000000000000e+01
1.990000000000000000e+02,3.548300266265869141e-01,2.766046416104639505e+01,3.800000000000000000e+01
2.000000000000000000e+02,3.587880134582519531e-01,2.766046416104639505e+01,1.500000000000000000e+01
2.010000000000000000e+02,3.596129417419433594e-01,2.766046416104639505e+01,3.800000000000000000e+01
2.020000000000000000e+02,3.603980541229248047e-01,2.766046416104639505e+01,1.500000000000000000e+01
2.030000000000000000e+02,3.616740703582763672e-01,2.766046416104639505e+01,3.800000000000000000e+01
2.040000000000000000e+02,3.623890876770019531e-01,2.766046416104639505e+01,1.500000000000000000e+01
2.050000000000000000e+02,3.631479740142822266e-01,2.766046416104639505e+01,3.800000000000000000e+01
2.060000000000000000e+02,3.636999130249023438e-01,2.766046416104639505e+01,1.500000000000000000e+01
2.070000000000000000e+02,3.643510341644287109e-01,2.766046416104639505e+01,3.800000000000000000e+01
2.080000000000000000e+02,3.653540611267089844e-01,2.766046416104639505e+01,1.500000000000000000e+01
2.090000000000000000e+02,3.674089908599853516e-01,2.766046416104639505e+01,3.900000000000000000e+01
2.100000000000000000e+02,3.706851005554199219e-01,2.766046416104639505e+01,1.600000000000000000e+01
2.110000000000000000e+02,3.718409538269042969e-01,2.766046416104639505e+01,3.900000000000000000e+01
2.120000000000000000e+02,3.724930286407470703e-01,2.766046416104639505e+01,1.600000000000000000e+01
2.130000000000000000e+02,3.734440803527832031e-01,2.766046416104639505e+01,3.900000000000000000e+01
2.140000000000000000e+02,3.740689754486083984e-01,2.766046416104639505e+01,1.600000000000000000e+01
2.150000000000000000e+02,3.747708797454833984e-01,2.766046416104639505e+01,3.900000000000000000e+01
2.160000000000000000e+02,3.755068778991699219e-01,2.766046416104639505e+01,1.600000000000000000e+01
2.170000000000000000e+02,3.827919960021972656e-01,2.766046416104639505e+01,4.000000000000000000e+01
2.180000000000000000e+02,3.838500976562500000e-01,2.766046416104639505e+01,1.600000000000000000e+01
2.190000000000000000e+02,3.896729946136474609e-01,2.766046416104639505e+01,4.100000000000000000e+01
2.200000000000000000e+02,3.904309272766113281e-01,2.766046416104639505e+01,1.600000000000000000e+01
2.210000000000000000e+02,3.912658691406250000e-01,2.766046416104639505e+01,4.100000000000000000e+01
2.220000000000000000e+02,3.947389125823974609e-01,2.766046416104639505e+01,1.700000000000000000e+01
2.230000000000000000e+02,3.984611034393310547e-01,2.766046416104639505e+01,4.200000000000000000e+01
2.240000000000000000e+02,3.992938995361328125e-01,2.766046416104639505e+01,1.700000000000000000e+01
2.250000000000000000e+02,4.024510383605957031e-01,2.766046416104639505e+01,4.300000000000000000e+01
2.260000000000000000e+02,4.047698974609375000e-01,2.766046416104639505e+01,1.800000000000000000e+01
2.270000000000000000e+02,4.055509567260742188e-01,2.766046416104639505e+01,4.300000000000000000e+01
2.280000000000000000e+02,4.061288833618164062e-01,2.766046416104639505e+01,1.800000000000000000e+01
2.290000000000000000e+02,4.069769382476806641e-01,2.766046416104639505e+01,4.300000000000000000e+01
2.300000000000000000e+02,4.077990055084228516e-01,2.766046416104639505e+01,1.800000000000000000e+01
2.310000000000000000e+02,4.123320579528808594e-01,2.766046416104639505e+01,4.400000000000000000e+01
2.320000000000000000e+02,4.131860733032226562e-01,2.766046416104639505e+01,1.800000000000000000e+01
2.330000000000000000e+02,4.153139591217041016e-01,2.766046416104639505e+01,4.500000000000000000e+01
2.340000000000000000e+02,4.159588813781738281e-01,2.766046416104639505e+01,1.800000000000000000e+01
2.350000000000000000e+02,4.222800731658935547e-01,2.766046416104639505e+01,4.600000000000000000e+01
2.360000000000000000e+02,4.230289459228515625e-01,2.766046416104639505e+01,1.800000000000000000e+01
2.370000000000000000e+02,4.266829490661621094e-01,2.766046416104639505e+01,4.700000000000000000e+01
2.380000000000000000e+02,4.281508922576904297e-01,2.766046416104639505e+01,1.800000000000000000e+01
2.390000000000000000e+02,4.295909404754638672e-01,2.766046416104639505e+01,4.700000000000000000e+01
2.400000000000000000e+02,4.303710460662841797e-01,2.766046416104639505e+01,1.800000000000000000e+01
2.410000000000000000e+02,4.339940547943115234e-01,2.766046416104639505e+01,4.800000000000000000e+01
2.420000000000000000e+02,4.345948696136474609e-01,2.766046416104639505e+01,1.800000000000000000e+01
2.430000000000000000e+02,4.355030059814453125e-01,2.766046416104639505e+01,4.800000000000000000e+01
2.440000000000000000e+02,4.365360736846923828e-01,2.766046416104639505e+01,1.800000000000000000e+01
2.450000000000000000e+02,4.378829002380371094e-01,2.766046416104639505e+01,4.800000000000000000e+01
2.460000000000000000e+02,4.387569427490234375e-01,2.766046416104639505e+01,1.800000000000000000e+01
2.470000000000000000e+02,4.395420551300048828e-01,2.766046416104639505e+01,4.800000000000000000e+01
2.480000000000000000e+02,4.403190612792968750e-01,2.766046416104639505e+01,1.800000000000000000e+01
2.490000000000000000e+02,4.410719871520996094e-01,2.766046416104639505e+01,4.800000000000000000e+01
2.500000000000000000e+02,4.416539669036865234e-01,2.766046416104639505e+01,1.800000000000000000e+01
2.510000000000000000e+02,4.425508975982666016e-01,2.766046416104639505e+01,4.800000000000000000e+01
2.520000000000000000e+02,4.431209564208984375e-01,2.766046416104639505e+01,1.800000000000000000e+01
2.530000000000000000e+02,4.439179897308349609e-01,2.766046416104639505e+01,4.800000000000000000e+01
2.540000000000000000e+02,4.445540904998779297e-01,2.766046416104639505e+01,1.800000000000000000e+01
2.550000000000000000e+02,4.470579624176025391e-01,2.766046416104639505e+01,4.900000000000000000e+01
2.560000000000000000e+02,4.478039741516113281e-01,2.766046416104639505e+01,1.800000000000000000e+01
2.570000000000000000e+02,4.486949443817138672e-01,2.766046416104639505e+01,4.900000000000000000e+01
2.580000000000000000e+02,4.495220184326171875e-01,2.766046416104639505e+01,1.800000000000000000e+01
2.590000000000000000e+02,4.501950740814208984e-01,2.766046416104639505e+01,4.900000000000000000e+01
2.600000000000000000e+02,4.509980678558349609e-01,2.766046416104639505e+01,1.800000000000000000e+01
2.610000000000000000e+02,4.523260593414306641e-01,2.766046416104639505e+01,4.900000000000000000e+01
2.620000000000000000e+02,4.529430866241455078e-01,2.766046416104639505e+01,1.800000000000000000e+01
2.630000000000000000e+02,4.543750286102294922e-01,2.766046416104639505e+01,4.900000000000000000e+01
2.640000000000000000e+02,4.549629688262939453e-01,2.766046416104639505e+01,1.800000000000000000e+01
2.650000000000000000e+02,4.629759788513183594e-01,2.766046416104639505e+01,5.000000000000000000e+01
2.660000000000000000e+02,4.637300968170166016e-01,2.766046416104639505e+01,1.800000000000000000e+01
2.670000000000000000e+02,4.658088684082031250e-01,2.766046416104639505e+01,5.100000000000000000e+01
2.680000000000000000e+02,4.666750431060791016e-01,2.766046416104639505e+01,1.800000000000000000e+01
2.690000000000000000e+02,4.688498973846435547e-01,2.766046416104639505e+01,5.200000000000000000e+01
2.700000000000000000e+02,4.694440364837646484e-01,2.766046416104639505e+01,1.800000000000000000e+01
2.710000000000000000e+02,4.718439579010009766e-01,2.766046416104639505e+01,5.300000000000000000e+01
2.720000000000000000e+02,4.774920940399169922e-01,2.766046416104639505e+01,1.900000000000000000e+01
2.730000000000000000e+02,4.856560230255126953e-01,2.766046416104639505e+01,5.400000000000000000e+01
2.740000000000000000e+02,4.862630367279052734e-01,2.766046416104639505e+01,1.900000000000000000e+01
2.750000000000000000e+02,4.878048896789550781e-01,2.766046416104639505e+01,5.400000000000000000e+01
2.760000000000000000e+02,4.928710460662841797e-01,2.766046416104639505e+01,2.000000000000000000e+01
2.770000000000000000e+02,4.935159683227539062e-01,2.766046416104639505e+01,5.400000000000000000e+01
2.780000000000000000e+02,4.943509101867675781e-01,2.766046416104639505e+01,2.000000000000000000e+01
2.790000000000000000e+02,4.953439235687255859e-01,2.766046416104639505e+01,5.400000000000000000e+01
2.800000000000000000e+02,4.959800243377685547e-01,2.766046416104639505e+01,2.000000000000000000e+01
2.810000000000000000e+02,4.970409870147705078e-01,2.766046416104639505e+01,5.400000000000000000e+01
2.820000000000000000e+02,4.976871013641357422e-01,2.766046416104639505e+01,2.000000000000000000e+01
2.830000000000000000e+02,4.985449314117431641e-01,2.766046416104639505e+01,5.400000000000000000e+01
2.840000000000000000e+02,5.009939670562744141e-01,2.766046416104639505e+01,2.100000000000000000e+01
2.850000000000000000e+02,5.022869110107421875e-01,2.766046416104639505e+01,5.400000000000000000e+01
2.860000000000000000e+02,5.029759407043457031e-01,2.766046416104639505e+01,2.100000000000000000e+01
2.870000000000000000e+02,5.038940906524658203e-01,2.766046416104639505e+01,5.400000000000000000e+01
2.880000000000000000e+02,5.048320293426513672e-01,2.766046416104639505e+01,2.100000000000000000e+01
2.890000000000000000e+02,5.160501003265380859e-01,2.766046416104639505e+01,5.500000000000000000e+01
2.900000000000000000e+02,5.166320800781250000e-01,2.766046416104639505e+01,2.100000000000000000e+01
2.910000000000000000e+02,5.173208713531494141e-01,2.766046416104639505e+01,5.500000000000000000e+01
2.920000000000000000e+02,5.179688930511474609e-01,2.766046416104639505e+01,2.100000000000000000e+01
2.930000000000000000e+02,5.191519260406494141e-01,2.766046416104639505e+01,5.500000000000000000e+01
2.940000000000000000e+02,5.199630260467529297e-01,2.766046416104639505e+01,2.100000000000000000e+01
2.950000000000000000e+02,5.213100910186767578e-01,2.766046416104639505e+01,5.500000000000000000e+01
2.960000000000000000e+02,5.221400260925292969e-01,2.766046416104639505e+01,2.100000000000000000e+01
2.970000000000000000e+02,5.229420661926269531e-01,2.766046416104639505e+01,5.500000000000000000e+01
2.980000000000000000e+02,5.238230228424072266e-01,2.766046416104639505e+01,2.100000000000000000e+01
2.990000000000000000e+02,5.246059894561767578e-01,2.766046416104639505e+01,5.500000000000000000e+01
3.000000000000000000e+02,5.251638889312744141e-01,2.766046416104639505e+01,2.100000000000000000e+01
3.010000000000000000e+02,5.260579586029052734e-01,2.766046416104639505e+01,5.500000000000000000e+01
3.020000000000000000e+02,5.268108844757080078e-01,2.766046416104639505e+01,2.100000000000000000e+01
3.030000000000000000e+02,5.286030769348144531e-01,2.766046416104639505e+01,5.500000000000000000e+01
3.040000000000000000e+02,5.293910503387451172e-01,2.766046416104639505e+01,2.100000000000000000e+01
3.050000000000000000e+02,5.302031040191650391e-01,2.766046416104639505e+01,5.500000000000000000e+01
3.060000000000000000e+02,5.308918952941894531e-01,2.766046416104639505e+01,2.100000000000000000e+01
3.070000000000000000e+02,5.322809219360351562e-01,2.766046416104639505e+01,5.500000000000000000e+01
3.080000000000000000e+02,5.330588817596435547e-01,2.766046416104639505e+01,2.100000000000000000e+01
3.090000000000000000e+02,5.362830162048339844e-01,2.766046416104639505e+01,5.600000000000000000e+01
3.100000000000000000e+02,5.371439456939697266e-01,2.766046416104639505e+01,2.100000000000000000e+01
3.110000000000000000e+02,5.420188903808593750e-01,2.766046416104639505e+01,5.700000000000000000e+01
3.120000000000000000e+02,5.427050590515136719e-01,2.766046416104639505e+01,2.100000000000000000e+01
3.130000000000000000e+02,5.440859794616699219e-01,2.766046416104639505e+01,5.700000000000000000e+01
3.140000000000000000e+02,5.449240207672119141e-01,2.766046416104639505e+01,2.100000000000000000e+01
3.150000000000000000e+02,5.624670982360839844e-01,2.766046416104639505e+01,5.800000000000000000e+01
3.160000000000000000e+02,5.633380413055419922e-01,2.766046416104639505e+01,2.100000000000000000e+01
3.170000000000000000e+02,5.640220642089843750e-01,2.766046416104639505e+01,5.800000000000000000e+01
3.180000000000000000e+02,5.649559497833251953e-01,2.766046416104639505e+01,2.100000000000000000e+01
3.190000000000000000e+02,5.743000507354736328e-01,2.766046416104639505e+01,5.900000000000000000e+01
3.200000000000000000e+02,5.752220153808593750e-01,2.766046416104639505e+01,2.100000000000000000e+01
3.210000000000000000e+02,5.760610103607177734e-01,2.766046416104639505e+01,5.900000000000000000e+01
3.220000000000000000e+02,5.767769813537597656e-01,2.766046416104639505e+01,2.100000000000000000e+01
3.230000000000000000e+02,5.781209468841552734e-01,2.766046416104639505e+01,5.900000000000000000e+01
3.240000000000000000e+02,5.787539482116699219e-01,2.766046416104639505e+01,2.100000000000000000e+01
3.250000000000000000e+02,5.796380043029785156e-01,2.766046416104639505e+01,5.900000000000000000e+01
3.260000000000000000e+02,5.802500247955322266e-01,2.766046416104639505e+01,2.100000000000000000e+01
3.270000000000000000e+02,5.814239978790283203e-01,2.766046416104639505e+01,5.900000000000000000e+01
3.280000000000000000e+02,5.824038982391357422e-01,2.766046416104639505e+01,2.100000000000000000e+01
3.290000000000000000e+02,5.838749408721923828e-01,2.766046416104639505e+01,5.900000000000000000e+01
3.300000000000000000e+02,5.846099853515625000e-01,2.766046416104639505e+01,2.100000000000000000e+01
3.310000000000000000e+02,5.855250358581542969e-01,2.766046416104639505e+01,5.900000000000000000e+01
3.320000000000000000e+02,5.862829685211181641e-01,2.766046416104639505e+01,2.100000000000000000e+01
3.330000000000000000e+02,5.877580642700195312e-01,2.766046416104639505e+01,5.900000000000000000e+01
3.340000000000000000e+02,5.885720252990722656e-01,2.766046416104639505e+01,2.100000000000000000e+01
3.350000000000000000e+02,5.901720523834228516e-01,2.766046416104639505e+01,5.900000000000000000e+01
3.360000000000000000e+02,5.907340049743652344e-01,2.766046416104639505e+01,2.100000000000000000e+01
3.370000000000000000e+02,6.118919849395751953e-01,2.766046416104639505e+01,6.000000000000000000e+01
3.380000000000000000e+02,6.126520633697509766e-01,2.766046416104639505e+01,2.100000000000000000e+01
3.390000000000000000e+02,6.136000156402587891e-01,2.766046416104639505e+01,6.000000000000000000e+01
3.400000000000000000e+02,6.143879890441894531e-01,2.766046416104639505e+01,2.100000000000000000e+01
3.410000000000000000e+02,6.152410507202148438e-01,2.766046416104639505e+01,6.000000000000000000e+01
3.420000000000000000e+02,6.158399581909179688e-01,2.766046416104639505e+01,2.100000000000000000e+01
3.430000000000000000e+02,6.165580749511718750e-01,2.766046416104639505e+01,6.000000000000000000e+01
3.440000000000000000e+02,6.197390556335449219e-01,2.766046416104639505e+01,2.200000000000000000e+01
3.450000000000000000e+02,6.221458911895751953e-01,2.766046416104639505e+01,6.100000000000000000e+01
3.460000000000000000e+02,6.230139732360839844e-01,2.766046416104639505e+01,2.200000000000000000e+01
3.470000000000000000e+02,6.240749359130859375e-01,2.766046416104639505e+01,6.100000000000000000e+01
3.480000000000000000e+02,6.248669624328613281e-01,2.766046416104639505e+01,2.200000000000000000e+01
3.490000000000000000e+02,6.259520053863525391e-01,2.766046416104639505e+01,6.100000000000000000e+01
3.500000000000000000e+02,6.265799999237060547e-01,2.766046416104639505e+01,2.200000000000000000e+01
3.510000000000000000e+02,6.273570060729980469e-01,2.766046416104639505e+01,6.100000000000000000e+01
3.520000000000000000e+02,6.282730102539062500e-01,2.766046416104639505e+01,2.200000000000000000e+01
3.530000000000000000e+02,6.383409500122070312e-01,2.766046416104639505e+01,6.200000000000000000e+01
3.540000000000000000e+02,6.389338970184326172e-01,2.766046416104639505e+01,2.200000000000000000e+01
3.550000000000000000e+02,6.549999713897705078e-01,2.766046416104639505e+01,6.300000000000000000e+01
3.560000000000000000e+02,6.556499004364013672e-01,2.766046416104639505e+01,2.200000000000000000e+01
3.570000000000000000e+02,6.623919010162353516e-01,2.766046416104639505e+01,6.400000000000000000e+01
3.580000000000000000e+02,6.632139682769775391e-01,2.766046416104639505e+01,2.200000000000000000e+01
3.590000000000000000e+02,6.641988754272460938e-01,2.766046416104639505e+01,6.400000000000000000e+01
3.600000000000000000e+02,6.649870872497558594e-01,2.766046416104639505e+01,2.200000000000000000e+01
3.610000000000000000e+02,6.659469604492187500e-01,2.766046416104639505e+01,6.400000000000000000e+01
3.620000000000000000e+02,6.665430068969726562e-01,2.766046416104639505e+01,2.200000000000000000e+01
3.630000000000000000e+02,6.678829193115234375e-01,2.766046416104639505e+01,6.400000000000000000e+01
3.640000000000000000e+02,6.687059402465820312e-01,2.766046416104639505e+01,2.200000000000000000e+01
3.650000000000000000e+02,6.709220409393310547e-01,2.766046416104639505e+01,6.500000000000000000e+01
3.660000000000000000e+02,6.715850830078125000e-01,2.766046416104639505e+01,2.200000000000000000e+01
3.670000000000000000e+02,6.727130413055419922e-01,2.766046416104639505e+01,6.500000000000000000e+01
3.680000000000000000e+02,6.733269691467285156e-01,2.766046416104639505e+01,2.200000000000000000e+01
3.690000000000000000e+02,6.742238998413085938e-01,2.766046416104639505e+01,6.500000000000000000e+01
3.700000000000000000e+02,6.750540733337402344e-01,2.766046416104639505e+01,2.200000000000000000e+01
3.710000000000000000e+02,6.862509250640869141e-01,2.766046416104639505e+01,6.600000000000000000e+01
3.720000000000000000e+02,6.871840953826904297e-01,2.766046416104639505e+01,2.200000000000000000e+01
3.730000000000000000e+02,6.887309551239013672e-01,2.766046416104639505e+01,6.600000000000000000e+01
3.740000000000000000e+02,6.897249221801757812e-01,2.766046416104639505e+01,2.200000000000000000e+01
3.750000000000000000e+02,6.906609535217285156e-01,2.766046416104639505e+01,6.600000000000000000e+01
3.760000000000000000e+02,6.915009021759033203e-01,2.766046416104639505e+01,2.200000000000000000e+01
3.770000000000000000e+02,6.930880546569824219e-01,2.766046416104639505e+01,6.600000000000000000e+01
3.780000000000000000e+02,6.938710212707519531e-01,2.766046416104639505e+01,2.200000000000000000e+01
3.790000000000000000e+02,6.954100131988525391e-01,2.766046416104639505e+01,6.600000000000000000e+01
3.800000000000000000e+02,6.962110996246337891e-01,2.766046416104639505e+01,2.200000000000000000e+01
3.810000000000000000e+02,6.976590156555175781e-01,2.766046416104639505e+01,6.600000000000000000e+01
3.820000000000000000e+02,6.983890533447265625e-01,2.766046416104639505e+01,2.200000000000000000e+01
3.830000000000000000e+02,6.993830204010009766e-01,2.766046416104639505e+01,6.600000000000000000e+01
3.840000000000000000e+02,7.001900672912597656e-01,2.766046416104639505e+01,2.200000000000000000e+01
3.850000000000000000e+02,7.013030052185058594e-01,2.766046416104639505e+01,6.600000000000000000e+01
3.860000000000000000e+02,7.019970417022705078e-01,2.766046416104639505e+01,2.200000000000000000e+01
3.870000000000000000e+02,7.036590576171875000e-01,2.766046416104639505e+01,6.600000000000000000e+01
3.880000000000000000e+02,7.045149803161621094e-01,2.766046416104639505e+01,2.200000000000000000e+01
3.890000000000000000e+02,7.119979858398437500e-01,2.766046416104639505e+01,6.700000000000000000e+01
3.900000000000000000e+02,7.128479480743408203e-01,2.766046416104639505e+01,2.200000000000000000e+01
3.910000000000000000e+02,7.228939533233642578e-01,2.766046416104639505e+01,6.800000000000000000e+01
3.920000000000000000e+02,7.273159027099609375e-01,2.766046416104639505e+01,2.300000000000000000e+01
3.930000000000000000e+02,7.370860576629638672e-01,2.766046416104639505e+01,6.900000000000000000e+01
3.940000000000000000e+02,7.377009391784667969e-01,2.766046416104639505e+01,2.300000000000000000e+01
3.950000000000000000e+02,7.519280910491943359e-01,2.766046416104639505e+01,7.000000000000000000e+01
3.960000000000000000e+02,7.527759075164794922e-01,2.766046416104639505e+01,2.300000000000000000e+01
3.970000000000000000e+02,7.546908855438232422e-01,2.766046416104639505e+01,7.000000000000000000e+01
3.980000000000000000e+02,7.553439140319824219e-01,2.766046416104639505e+01,2.300000000000000000e+01
3.990000000000000000e+02,7.563319206237792969e-01,2.766046416104639505e+01,7.000000000000000000e+01
4.000000000000000000e+02,7.571270465850830078e-01,2.766046416104639505e+01,2.300000000000000000e+01
4.010000000000000000e+02,7.620649337768554688e-01,2.766046416104639505e+01,7.100000000000000000e+01
4.020000000000000000e+02,7.629199028015136719e-01,2.766046416104639505e+01,2.300000000000000000e+01
4.030000000000000000e+02,7.696769237518310547e-01,2.766046416104639505e+01,7.200000000000000000e+01
4.040000000000000000e+02,7.705669403076171875e-01,2.766046416104639505e+01,2.300000000000000000e+01
4.050000000000000000e+02,7.917129993438720703e-01,2.766046416104639505e+01,7.300000000000000000e+01
4.060000000000000000e+02,7.925028800964355469e-01,2.766046416104639505e+01,2.300000000000000000e+01
4.070000000000000000e+02,7.935409545898437500e-01,2.766046416104639505e+01,7.300000000000000000e+01
4.080000000000000000e+02,7.985489368438720703e-01,2.766046416104639505e+01,2.400000000000000000e+01
4.090000000000000000e+02,7.994649410247802734e-01,2.766046416104639505e+01,7.300000000000000000e+01
4.100000000000000000e+02,8.000578880310058594e-01,2.766046416104639505e+01,2.400000000000000000e+01
4.110000000000000000e+02,8.010520935058593750e-01,2.766046416104639505e+01,7.300000000000000000e+01
4.120000000000000000e+02,8.017170429229736328e-01,2.766046416104639505e+01,2.400000000000000000e+01
4.130000000000000000e+02,8.031380176544189453e-01,2.766046416104639505e+01,7.300000000000000000e+01
4.140000000000000000e+02,8.039600849151611328e-01,2.766046416104639505e+01,2.400000000000000000e+01
4.150000000000000000e+02,8.048529624938964844e-01,2.766046416104639505e+01,7.300000000000000000e+01
4.160000000000000000e+02,8.096699714660644531e-01,2.766046416104639505e+01,2.500000000000000000e+01
4.170000000000000000e+02,8.106238842010498047e-01,2.766046416104639505e+01,7.300000000000000000e+01
4.180000000000000000e+02,8.154590129852294922e-01,2.766046416104639505e+01,2.600000000000000000e+01
4.190000000000000000e+02,8.168339729309082031e-01,2.766046416104639505e+01,7.300000000000000000e+01
4.200000000000000000e+02,8.178389072418212891e-01,2.766046416104639505e+01,2.600000000000000000e+01
4.210000000000000000e+02,8.246779441833496094e-01,2.766046416104639505e+01,7.400000000000000000e+01
4.220000000000000000e+02,8.255779743194580078e-01,2.766046416104639505e+01,2.600000000000000000e+01
4.230000000000000000e+02,8.266229629516601562e-01,2.766046416104639505e+01,7.400000000000000000e+01
4.240000000000000000e+02,8.272988796234130859e-01,2.766046416104639505e+01,2.600000000000000000e+01
4.250000000000000000e+02,8.338329792022705078e-01,2.766046416104639505e+01,7.500000000000000000e+01
4.260000000000000000e+02,8.348269462585449219e-01,2.766046416104639505e+01,2.600000000000000000e+01
4.270000000000000000e+02,8.360030651092529297e-01,2.766046416104639505e+01,7.500000000000000000e+01
4.280000000000000000e+02,8.369319438934326172e-01,2.766046416104639505e+01,2.600000000000000000e+01
4.290000000000000000e+02,8.377869129180908203e-01,2.766046416104639505e+01,7.500000000000000000e+01
4.300000000000000000e+02,8.390049934387207031e-01,2.766046416104639505e+01,2.600000000000000000e+01
4.310000000000000000e+02,8.476688861846923828e-01,2.766046416104639505e+01,7.600000000000000000e+01
4.320000000000000000e+02,8.485400676727294922e-01,2.766046416104639505e+01,2.600000000000000000e+01
4.330000000000000000e+02,8.690960407257080078e-01,2.766046416104639505e+01,7.700000000000000000e+01
4.340000000000000000e+02,8.700380325317382812e-01,2.766046416104639505e+01,2.600000000000000000e+01
4.350000000000000000e+02,8.716249465942382812e-01,2.766046416104639505e+01,7.700000000000000000e+01
4.360000000000000000e+02,8.725919723510742188e-01,2.766046416104639505e+01,2.600000000000000000e+01
4.370000000000000000e+02,8.735880851745605469e-01,2.766046416104639505e+01,7.700000000000000000e+01
4.380000000000000000e+02,8.744120597839355469e-01,2.766046416104639505e+01,2.600000000000000000e+01
4.390000000000000000e+02,8.874518871307373047e-01,2.766046416104639505e+01,7.800000000000000000e+01
4.400000000000000000e+02,8.883190155029296875e-01,2.766046416104639505e+01,2.600000000000000000e+01
4.410000000000000000e+02,8.892629146575927734e-01,2.766046416104639505e+01,7.800000000000000000e+01
4.420000000000000000e+02,8.903770446777343750e-01,2.766046416104639505e+01,2.600000000000000000e+01
4.430000000000000000e+02,8.970360755920410156e-01,2.766046416104639505e+01,7.900000000000000000e+01
4.440000000000000000e+02,8.977549076080322266e-01,2.766046416104639505e+01,2.600000000000000000e+01
4.450000000000000000e+02,8.994429111480712891e-01,2.766046416104639505e+01,7.900000000000000000e+01
4.460000000000000000e+02,9.001178741455078125e-01,2.766046416104639505e+01,2.600000000000000000e+01
4.470000000000000000e+02,9.010279178619384766e-01,2.766046416104639505e+01,7.900000000000000000e+01
4.480000000000000000e+02,9.016098976135253906e-01,2.766046416104639505e+01,2.600000000000000000e+01
4.490000000000000000e+02,9.026050567626953125e-01,2.766046416104639505e+01,7.900000000000000000e+01
4.500000000000000000e+02,9.038069248199462891e-01,2.766046416104639505e+01,2.600000000000000000e+01
4.510000000000000000e+02,9.047479629516601562e-01,2.766046416104639505e+01,7.900000000000000000e+01
4.520000000000000000e+02,9.053690433502197266e-01,2.766046416104639505e+01,2.600000000000000000e+01
4.530000000000000000e+02,9.112460613250732422e-01,2.766046416104639505e+01,8.000000000000000000e+01
4.540000000000000000e+02,9.171409606933593750e-01,2.766046416104639505e+01,2.700000000000000000e+01
4.550000000000000000e+02,9.181530475616455078e-01,2.766046416104639505e+01,8.000000000000000000e+01
4.560000000000000000e+02,9.187490940093994141e-01,2.766046416104639505e+01,2.700000000000000000e+01
4.570000000000000000e+02,9.229080677032470703e-01,2.766046416104639505e+01,8.100000000000000000e+01
4.580000000000000000e+02,9.238150119781494141e-01,2.766046416104639505e+01,2.700000000000000000e+01
4.590000000000000000e+02,9.251348972320556641e-01,2.766046416104639505e+01,8.100000000000000000e+01
4.600000000000000000e+02,9.261999130249023438e-01,2.766046416104639505e+01,2.700000000000000000e+01
4.610000000000000000e+02,9.275829792022705078e-01,2.766046416104639505e+01,8.100000000000000000e+01
4.620000000000000000e+02,9.288299083709716797e-01,2.766046416104639505e+01,2.700000000000000000e+01
4.630000000000000000e+02,9.295740127563476562e-01,2.766046416104639505e+01,8.100000000000000000e+01
4.640000000000000000e+02,9.306130409240722656e-01,2.766046416104639505e+01,2.700000000000000000e+01
4.650000000000000000e+02,9.315509796142578125e-01,2.766046416104639505e+01,8.100000000000000000e+01
4.660000000000000000e+02,9.325399398803710938e-01,2.766046416104639505e+01,2.700000000000000000e+01
4.670000000000000000e+02,9.611489772796630859e-01,2.766046416104639505e+01,8.200000000000000000e+01
4.680000000000000000e+02,9.620258808135986328e-01,2.766046416104639505e+01,2.700000000000000000e+01
4.690000000000000000e+02,9.629909992218017578e-01,2.766046416104639505e+01,8.200000000000000000e+01
4.700000000000000000e+02,9.638829231262207031e-01,2.766046416104639505e+01,2.700000000000000000e+01
4.710000000000000000e+02,9.899129867553710938e-01,2.766046416104639505e+01,8.300000000000000000e+01
4.720000000000000000e+02,9.912059307098388672e-01,2.766046416104639505e+01,2.700000000000000000e+01
4.730000000000000000e+02,9.930598735809326172e-01,2.766046416104639505e+01,8.300000000000000000e+01
4.740000000000000000e+02,9.939839839935302734e-01,2.766046416104639505e+01,2.700000000000000000e+01
4.750000000000000000e+02,9.957709312438964844e-01,2.766046416104639505e+01,8.300000000000000000e+01
4.760000000000000000e+02,9.966640472412109375e-01,2.766046416104639505e+01,2.700000000000000000e+01
4.770000000000000000e+02,9.976139068603515625e-01,2.766046416104639505e+01,8.300000000000000000e+01
4.780000000000000000e+02,9.983029365539550781e-01,2.766046416104639505e+01,2.700000000000000000e+01
4.790000000000000000e+02,1.002183914184570312e+00,2.766046416104639505e+01,8.400000000000000000e+01
4.800000000000000000e+02,1.002906084060668945e+00,2.766046416104639505e+01,2.700000000000000000e+01
4.810000000000000000e+02,1.004204034805297852e+00,2.766046416104639505e+01,8.400000000000000000e+01
4.820000000000000000e+02,1.005223989486694336e+00,2.766046416104639505e+01,2.700000000000000000e+01
4.830000000000000000e+02,1.007059097290039062e+00,2.766046416104639505e+01,8.400000000000000000e+01
4.840000000000000000e+02,1.007745027542114258e+00,2.766046416104639505e+01,2.700000000000000000e+01
4.850000000000000000e+02,1.014276981353759766e+00,2.766046416104639505e+01,8.500000000000000000e+01
4.860000000000000000e+02,1.014977931976318359e+00,2.766046416104639505e+01,2.700000000000000000e+01
4.870000000000000000e+02,1.015980958938598633e+00,2.766046416104639505e+01,8.500000000000000000e+01
4.880000000000000000e+02,1.025866031646728516e+00,2.766046416104639505e+01,2.800000000000000000e+01
4.890000000000000000e+02,1.034631967544555664e+00,2.766046416104639505e+01,8.600000000000000000e+01
4.900000000000000000e+02,1.035434961318969727e+00,2.766046416104639505e+01,2.800000000000000000e+01
4.910000000000000000e+02,1.037249088287353516e+00,2.766046416104639505e+01,8.600000000000000000e+01
4.920000000000000000e+02,1.037889003753662109e+00,2.766046416104639505e+01,2.800000000000000000e+01
4.930000000000000000e+02,1.039243936538696289e+00,2.766046416104639505e+01,8.600000000000000000e+01
4.940000000000000000e+02,1.039970874786376953e+00,2.766046416104639505e+01,2.800000000000000000e+01
4.950000000000000000e+02,1.041851043701171875e+00,2.766046416104639505e+01,8.600000000000000000e+01
4.960000000000000000e+02,1.042891025543212891e+00,2.766046416104639505e+01,2.800000000000000000e+01
4.970000000000000000e+02,1.044792890548706055e+00,2.766046416104639505e+01,8.600000000000000000e+01
4.980000000000000000e+02,1.045649051666259766e+00,2.766046416104639505e+01,2.800000000000000000e+01
4.990000000000000000e+02,1.046639919281005859e+00,2.766046416104639505e+01,8.600000000000000000e+01
