0.000000000000000000e+00,3.843069076538085938e-03,0.000000000000000000e+00,2.000000000000000000e+00
1.000000000000000000e+00,5.826950073242187500e-03,0.000000000000000000e+00,2.000000000000000000e+00
2.000000000000000000e+00,7.231950759887695312e-03,0.000000000000000000e+00,2.000000000000000000e+00
3.000000000000000000e+00,9.867906570434570312e-03,0.000000000000000000e+00,3.000000000000000000e+00
4.000000000000000000e+00,1.209306716918945312e-02,0.000000000000000000e+00,3.000000000000000000e+00
5.000000000000000000e+00,1.439690589904785156e-02,0.000000000000000000e+00,4.000000000000000000e+00
6.000000000000000000e+00,1.535797119140625000e-02,0.000000000000000000e+00,3.000000000000000000e+00
7.000000000000000000e+00,1.645708084106445312e-02,0.000000000000000000e+00,4.000000000000000000e+00
8.000000000000000000e+00,1.930499076843261719e-02,0.000000000000000000e+00,4.000000000000000000e+00
9.000000000000000000e+00,2.151012420654296875e-02,0.000000000000000000e+00,5.000000000000000000e+00
1.000000000000000000e+01,2.360892295837402344e-02,2.559568685654138065e+01,5.000000000000000000e+00
1.100000000000000000e+01,2.434992790222167969e-02,2.559568685654138065e+01,4.000000000000000000e+00
1.200000000000000000e+01,2.625203132629394531e-02,2.498063425991507458e+01,6.000000000000000000e+00
1.300000000000000000e+01,2.680611610412597656e-02,2.498063425991507458e+01,4.000000000000000000e+00
1.400000000000000000e+01,2.746796607971191406e-02,2.498063425991507458e+01,5.000000000000000000e+00
1.500000000000000000e+01,2.901291847229003906e-02,2.498063425991507458e+01,5.000000000000000000e+00
1.600000000000000000e+01,3.117108345031738281e-02,2.498063425991507458e+01,6.000000000000000000e+00
1.700000000000000000e+01,3.380298614501953125e-02,2.498063425991507458e+01,5.000000000000000000e+00
1.800000000000000000e+01,3.500795364379882812e-02,2.498063425991507458e+01,6.000000000000000000e+00
1.900000000000000000e+01,3.565907478332519531e-02,2.498063425991507458e+01,5.000000000000000000e+00
2.000000000000000000e+01,3.715801239013671875e-02,2.498063425991507458e+01,6.000000000000000000e+00
2.100000000000000000e+01,3.878998756408691406e-02,2.498063425991507458e+01,6.000000000000000000e+00
2.200000000000000000e+01,4.032707214355468750e-02,2.498063425991507458e+01,6.000000000000000000e+00
2.300000000000000000e+01,4.148793220520019531e-02,2.498063425991507458e+01,6.000000000000000000e+00
2.400000000000000000e+01,4.507708549499511719e-02,2.498063425991507458e+01,7.000000000000000000e+00
2.500000000000000000e+01,4.696798324584960938e-02,2.498063425991507458e+01,7.000000000000000000e+00
2.600000000000000000e+01,4.790711402893066406e-02,2.498063425991507458e+01,7.000000000000000000e+00
2.700000000000000000e+01,4.869294166564941406e-02,2.498063425991507458e+01,7.000000000000000000e+00
2.800000000000000000e+01,4.937696456909179688e-02,2.498063425991507458e+01,7.000000000000000000e+00
2.900000000000000000e+01,5.185103416442871094e-02,2.498063425991507458e+01,8.000000000000000000e+00
3.000000000000000000e+01,5.481195449829101562e-02,2.498063425991507458e+01,8.000000000000000000e+00
3.100000000000000000e+01,5.547094345092773438e-02,2.498063425991507458e+01,8.000000000000000000e+00
3.200000000000000000e+01,5.634403228759765625e-02,2.498063425991507458e+01,8.000000000000000000e+00
3.300000000000000000e+01,5.987310409545898438e-02,2.498063425991507458e+01,9.000000000000000000e+00
3.400000000000000000e+01,6.305408477783203125e-02,2.498063425991507458e+01,9.000000000000000000e+00
3.500000000000000000e+01,6.555700302124023438e-02,2.498063425991507458e+01,1.000000000000000000e+01
3.600000000000000000e+01,6.665992736816406250e-02,2.498063425991507458e+01,9.000000000000000000e+00
3.700000000000000000e+01,6.735706329345703125e-02,2.498063425991507458e+01,1.000000000000000000e+01
3.800000000000000000e+01,6.985211372375488281e-02,2.498063425991507458e+01,1.000000000000000000e+01
3.900000000000000000e+01,7.062292098999023438e-02,2.498063425991507458e+01,1.000000000000000000e+01
4.000000000000000000e+01,7.150411605834960938e-02,2.498063425991507458e+01,1.000000000000000000e+01
4.100000000000000000e+01,7.410502433776855469e-02,2.498063425991507458e+01,1.100000000000000000e+01
4.200000000000000000e+01,7.483196258544921875e-02,2.498063425991507458e+01,1.000000000000000000e+01
4.300000000000000000e+01,7.567811012268066406e-02,2.498063425991507458e+01,1.100000000000000000e+01
4.400000000000000000e+01,7.704806327819824219e-02,2.498063425991507458e+01,1.000000000000000000e+01
4.500000000000000000e+01,7.856512069702148438e-02,2.498063425991507458e+01,1.200000000000000000e+01
4.600000000000000000e+01,8.077692985534667969e-02,2.498063425991507458e+01,1.100000000000000000e+01
4.700000000000000000e+01,8.207893371582031250e-02,2.498063425991507458e+01,1.200000000000000000e+01
4.800000000000000000e+01,8.406591415405273438e-02,2.498063425991507458e+01,1.200000000000000000e+01
4.900000000000000000e+01,8.597993850708007812e-02,2.498063425991507458e+01,1.300000000000000000e+01
5.000000000000000000e+01,8.663702011108398438e-02,2.498063425991507458e+01,1.200000000000000000e+01
5.100000000000000000e+01,8.945512771606445312e-02,2.498063425991507458e+01,1.400000000000000000e+01
5.200000000000000000e+01,9.015297889709472656e-02,2.498063425991507458e+01,1.200000000000000000e+01
5.300000000000000000e+01,9.082007408142089844e-02,2.498063425991507458e+01,1.400000000000000000e+01
5.400000000000000000e+01,9.320497512817382812e-02,2.498063425991507458e+01,1.200000000000000000e+01
5.500000000000000000e+01,9.390091896057128906e-02,2.498063425991507458e+01,1.400000000000000000e+01
5.600000000000000000e+01,9.694004058837890625e-02,2.498063425991507458e+01,1.300000000000000000e+01
5.700000000000000000e+01,9.951305389404296875e-02,2.498063425991507458e+01,1.500000000000000000e+01
5.800000000000000000e+01,1.004531383514404297e-01,2.498063425991507458e+01,1.300000000000000000e+01
5.900000000000000000e+01,1.026790142059326172e-01,2.498063425991507458e+01,1.600000000000000000e+01
6.000000000000000000e+01,1.043679714202880859e-01,2.498063425991507458e+01,1.300000000000000000e+01
6.100000000000000000e+01,1.053509712219238281e-01,2.498063425991507458e+01,1.600000000000000000e+01
6.200000000000000000e+01,1.090009212493896484e-01,2.498063425991507458e+01,1.400000000000000000e+01
6.300000000000000000e+01,1.097779273986816406e-01,2.498063425991507458e+01,1.600000000000000000e+01
6.400000000000000000e+01,1.106100082397460938e-01,2.498063425991507458e+01,1.400000000000000000e+01
6.500000000000000000e+01,1.147189140319824219e-01,2.498063425991507458e+01,1.700000000000000000e+01
6.600000000000000000e+01,1.184940338134765625e-01,2.498063425991507458e+01,1.500000000000000000e+01
6.700000000000000000e+01,1.221079826354980469e-01,2.498063425991507458e+01,1.800000000000000000e+01
6.800000000000000000e+01,1.229019165039062500e-01,2.498063425991507458e+01,1.500000000000000000e+01
6.900000000000000000e+01,1.252970695495605469e-01,2.498063425991507458e+01,1.900000000000000000e+01
7.000000000000000000e+01,1.277740001678466797e-01,2.498063425991507458e+01,1.600000000000000000e+01
7.100000000000000000e+01,1.291549205780029297e-01,2.498063425991507458e+01,1.900000000000000000e+01
7.200000000000000000e+01,1.326570510864257812e-01,2.498063425991507458e+01,1.700000000000000000e+01
7.300000000000000000e+01,1.371469497680664062e-01,2.498063425991507458e+01,2.000000000000000000e+01
7.400000000000000000e+01,1.421620845794677734e-01,2.498063425991507458e+01,1.800000000000000000e+01
7.500000000000000000e+01,1.442561149597167969e-01,2.498063425991507458e+01,2.100000000000000000e+01
7.600000000000000000e+01,1.489081382751464844e-01,2.498063425991507458e+01,1.900000000000000000e+01
7.700000000000000000e+01,1.527509689331054688e-01,2.498063425991507458e+01,2.200000000000000000e+01
7.800000000000000000e+01,1.576790809631347656e-01,2.498063425991507458e+01,2.000000000000000000e+01
7.900000000000000000e+01,1.619620323181152344e-01,2.498063425991507458e+01,2.300000000000000000e+01
8.000000000000000000e+01,1.647500991821289062e-01,2.498063425991507458e+01,2.100000000000000000e+01
8.100000000000000000e+01,1.684339046478271484e-01,2.498063425991507458e+01,2.400000000000000000e+01
8.200000000000000000e+01,1.693160533905029297e-01,2.498063425991507458e+01,2.100000000000000000e+01
8.300000000000000000e+01,1.701591014862060547e-01,2.498063425991507458e+01,2.400000000000000000e+01
8.400000000000000000e+01,1.745150089263916016e-01,2.498063425991507458e+01,2.200000000000000000e+01
8.500000000000000000e+01,1.754529476165771484e-01,2.498063425991507458e+01,2.400000000000000000e+01
8.600000000000000000e+01,1.780519485473632812e-01,2.498063425991507458e+01,2.300000000000000000e+01
8.700000000000000000e+01,1.787989139556884766e-01,2.498063425991507458e+01,2.400000000000000000e+01
8.800000000000000000e+01,1.828289031982421875e-01,2.498063425991507458e+01,2.400000000000000000e+01
8.900000000000000000e+01,1.845989227294921875e-01,2.498063425991507458e+01,2.500000000000000000e+01
9.000000000000000000e+01,1.886699199676513672e-01,2.498063425991507458e+01,2.500000000000000000e+01
9.100000000000000000e+01,1.952159404754638672e-01,2.498063425991507458e+01,2.600000000000000000e+01
9.200000000000000000e+01,2.008740901947021484e-01,2.498063425991507458e+01,2.600000000000000000e+01
9.300000000000000000e+01,2.019250392913818359e-01,2.498063425991507458e+01,2.600000000000000000e+01
9.400000000000000000e+01,2.027571201324462891e-01,2.498063425991507458e+01,2.600000000000000000e+01
9.500000000000000000e+01,2.038590908050537109e-01,2.498063425991507458e+01,2.600000000000000000e+01
9.600000000000000000e+01,2.050769329071044922e-01,2.498063425991507458e+01,2.600000000000000000e+01
9.700000000000000000e+01,2.059299945831298828e-01,2.498063425991507458e+01,2.600000000000000000e+01
9.800000000000000000e+01,2.073209285736083984e-01,2.498063425991507458e+01,2.600000000000000000e+01
9.900000000000000000e+01,2.085061073303222656e-01,2.498063425991507458e+01,2.600000000000000000e+01
1.000000000000000000e+02,2.117950916290283203e-01,2.498063425991507458e+01,2.600000000000000000e+01
1.010000000000000000e+02,2.132630348205566406e-01,2.498063425991507458e+01,2.600000000000000000e+01
1.020000000000000000e+02,2.231619358062744141e-01,2.498063425991507458e+01,2.700000000000000000e+01
1.030000000000000000e+02,2.268049716949462891e-01,2.498063425991507458e+01,2.700000000000000000e+01
1.040000000000000000e+02,2.281570434570312500e-01,2.498063425991507458e+01,2.700000000000000000e+01
1.050000000000000000e+02,2.305049896240234375e-01,2.498063425991507458e+01,2.800000000000000000e+01
1.060000000000000000e+02,2.400090694427490234e-01,2.498063425991507458e+01,2.800000000000000000e+01
1.070000000000000000e+02,2.447330951690673828e-01,2.498063425991507458e+01,2.900000000000000000e+01
1.080000000000000000e+02,2.460210323333740234e-01,2.498063425991507458e+01,2.800000000000000000e+01
1.090000000000000000e+02,2.517509460449218750e-01,2.498063425991507458e+01,3.000000000000000000e+01
1.100000000000000000e+02,2.553019523620605469e-01,2.498063425991507458e+01,2.800000000000000000e+01
1.110000000000000000e+02,2.621920108795166016e-01,2.498063425991507458e+01,3.100000000000000000e+01
1.120000000000000000e+02,2.670359611511230469e-01,2.498063425991507458e+01,2.900000000000000000e+01
1.130000000000000000e+02,2.684469223022460938e-01,2.498063425991507458e+01,3.100000000000000000e+01
1.140000000000000000e+02,2.694900035858154297e-01,2.498063425991507458e+01,2.900000000000000000e+01
1.150000000000000000e+02,2.766649723052978516e-01,2.498063425991507458e+01,3.200000000000000000e+01
1.160000000000000000e+02,2.776079177856445312e-01,2.498063425991507458e+01,2.900000000000000000e+01
1.170000000000000000e+02,2.816019058227539062e-01,2.498063425991507458e+01,3.300000000000000000e+01
1.180000000000000000e+02,2.871510982513427734e-01,2.498063425991507458e+01,3.000000000000000000e+01
1.190000000000000000e+02,2.974359989166259766e-01,2.498063425991507458e+01,3.400000000000000000e+01
1.200000000000000000e+02,2.986750602722167969e-01,2.498063425991507458e+01,3.000000000000000000e+01
1.210000000000000000e+02,3.059909343719482422e-01,2.498063425991507458e+01,3.500000000000000000e+01
1.220000000000000000e+02,3.097419738769531250e-01,2.498063425991507458e+01,3.100000000000000000e+01
1.230000000000000000e+02,3.107569217681884766e-01,2.498063425991507458e+01,3.500000000000000000e+01
1.240000000000000000e+02,3.196411132812500000e-01,2.498063425991507458e+01,3.200000000000000000e+01
1.250000000000000000e+02,3.207280635833740234e-01,2.498063425991507458e+01,3.500000000000000000e+01
1.260000000000000000e+02,3.216300010681152344e-01,2.498063425991507458e+01,3.200000000000000000e+01
1.270000000000000000e+02,3.246660232543945312e-01,2.498063425991507458e+01,3.600000000000000000e+01
1.280000000000000000e+02,3.254461288452148438e-01,2.498063425991507458e+01,3.200000000000000000e+01
1.290000000000000000e+02,3.331930637359619141e-01,2.498063425991507458e+01,3.700000000000000000e+01
1.300000000000000000e+02,3.380899429321289062e-01,2.498063425991507458e+01,3.300000000000000000e+01
1.310000000000000000e+02,3.417589664459228516e-01,2.498063425991507458e+01,3.800000000000000000e+01
1.320000000000000000e+02,3.427319526672363281e-01,2.498063425991507458e+01,3.300000000000000000e+01
1.330000000000000000e+02,3.475639820098876953e-01,2.498063425991507458e+01,3.900000000000000000e+01
1.340000000000000000e+02,3.590350151062011719e-01,2.498063425991507458e+01,3.400000000000000000e+01
1.350000000000000000e+02,3.654580116271972656e-01,2.498063425991507458e+01,4.000000000000000000e+01
1.360000000000000000e+02,3.669281005859375000e-01,2.498063425991507458e+01,3.400000000000000000e+01
1.370000000000000000e+02,3.752961158752441406e-01,2.498063425991507458e+01,4.100000000000000000e+01
1.380000000000000000e+02,3.779940605163574219e-01,2.497153735767226479e+01,3.500000000000000000e+01
1.390000000000000000e+02,3.798820972442626953e-01,2.497153735767226479e+01,4.100000000000000000e+01
1.400000000000000000e+02,3.863730430603027344e-01,2.497153735767226479e+01,3.400000000000000000e+01
1.410000000000000000e+02,3.870539665222167969e-01,2.497153735767226479e+01,4.100000000000000000e+01
1.420000000000000000e+02,3.880000114440917969e-01,2.497153735767226479e+01,3.400000000000000000e+01
1.430000000000000000e+02,3.887019157409667969e-01,2.497153735767226479e+01,4.100000000000000000e+01
1.440000000000000000e+02,3.896830081939697266e-01,2.497153735767226479e+01,3.400000000000000000e+01
1.450000000000000000e+02,3.907489776611328125e-01,2.497153735767226479e+01,4.100000000000000000e+01
1.460000000000000000e+02,3.957090377807617188e-01,2.497153735767226479e+01,3.500000000000000000e+01
1.470000000000000000e+02,3.969800472259521484e-01,2.497153735767226479e+01,4.100000000000000000e+01
1.480000000000000000e+02,3.978929519653320312e-01,2.497153735767226479e+01,3.500000000000000000e+01
1.490000000000000000e+02,3.989710807800292969e-01,2.497153735767226479e+01,4.100000000000000000e+01
1.500000000000000000e+02,4.034121036529541016e-01,2.497153735767226479e+01,3.600000000000000000e+01
1.510000000000000000e+02,4.043939113616943359e-01,2.497153735767226479e+01,4.100000000000000000e+01
1.520000000000000000e+02,4.074819087982177734e-01,2.497153735767226479e+01,3.600000000000000000e+01
1.530000000000000000e+02,4.115741252899169922e-01,2.497153735767226479e+01,4.200000000000000000e+01
1.540000000000000000e+02,4.125819206237792969e-01,2.497153735767226479e+01,3.600000000000000000e+01
1.550000000000000000e+02,4.149501323699951172e-01,2.497153735767226479e+01,4.300000000000000000e+01
1.560000000000000000e+02,4.156711101531982422e-01,2.497153735767226479e+01,3.600000000000000000e+01
1.570000000000000000e+02,4.181649684906005859e-01,2.497153735767226479e+01,4.400000000000000000e+01
1.580000000000000000e+02,4.188511371612548828e-01,2.497153735767226479e+01,3.600000000000000000e+01
1.590000000000000000e+02,4.207880496978759766e-01,2.497153735767226479e+01,4.500000000000000000e+01
1.600000000000000000e+02,4.290709495544433594e-01,2.497153735767226479e+01,3.700000000000000000e+01
1.610000000000000000e+02,4.302670955657958984e-01,2.497153735767226479e+01,4.500000000000000000e+01
1.620000000000000000e+02,4.313869476318359375e-01,2.497153735767226479e+01,3.700000000000000000e+01
1.630000000000000000e+02,4.353709220886230469e-01,2.497153735767226479e+01,4.600000000000000000e+01
1.640000000000000000e+02,4.398229122161865234e-01,2.497153735767226479e+01,3.800000000000000000e+01
1.650000000000000000e+02,4.426999092102050781e-01,2.497153735767226479e+01,4.700000000000000000e+01
1.660000000000000000e+02,4.533090591430664062e-01,2.497153735767226479e+01,3.900000000000000000e+01
1.670000000000000000e+02,4.545540809631347656e-01,2.497153735767226479e+01,4.700000000000000000e+01
1.680000000000000000e+02,4.629130363464355469e-01,2.497153735767226479e+01,4.000000000000000000e+01
1.690000000000000000e+02,4.717490673065185547e-01,2.497153735767226479e+01,4.800000000000000000e+01
1.700000000000000000e+02,4.740900993347167969e-01,2.497153735767226479e+01,4.000000000000000000e+01
1.710000000000000000e+02,4.754869937896728516e-01,2.497153735767226479e+01,4.800000000000000000e+01
1.720000000000000000e+02,4.767210483551025391e-01,2.497153735767226479e+01,4.000000000000000000e+01
1.730000000000000000e+02,4.836320877075195312e-01,2.497153735767226479e+01,4.900000000000000000e+01
1.740000000000000000e+02,4.853579998016357422e-01,2.497153735767226479e+01,4.000000000000000000e+01
1.750000000000000000e+02,4.897940158843994141e-01,2.497153735767226479e+01,5.000000000000000000e+01
1.760000000000000000e+02,4.965269565582275391e-01,2.497153735767226479e+01,4.100000000000000000e+01
1.770000000000000000e+02,4.976809024810791016e-01,2.497153735767226479e+01,5.000000000000000000e+01
1.780000000000000000e+02,4.987649917602539062e-01,2.497153735767226479e+01,4.100000000000000000e+01
1.790000000000000000e+02,5.114231109619140625e-01,2.497153735767226479e+01,5.100000000000000000e+01
1.800000000000000000e+02,5.130410194396972656e-01,2.497153735767226479e+01,4.100000000000000000e+01
1.810000000000000000e+02,5.143799781799316406e-01,2.497153735767226479e+01,5.100000000000000000e+01
1.820000000000000000e+02,5.152211189270019531e-01,2.497153735767226479e+01,4.100000000000000000e+01
1.830000000000000000e+02,5.165019035339355469e-01,2.497153735767226479e+01,5.100000000000000000e+01
1.840000000000000000e+02,5.180120468139648438e-01,2.497153735767226479e+01,4.100000000000000000e+01
1.850000000000000000e+02,5.243151187896728516e-01,2.497153735767226479e+01,5.200000000000000000e+01
1.860000000000000000e+02,5.324640274047851562e-01,2.497153735767226479e+01,4.200000000000000000e+01
1.870000000000000000e+02,5.347080230712890625e-01,2.497153735767226479e+01,5.300000000000000000e+01
1.880000000000000000e+02,5.359399318695068359e-01,2.497153735767226479e+01,4.200000000000000000e+01
1.890000000000000000e+02,5.391640663146972656e-01,2.497153735767226479e+01,5.400000000000000000e+01
1.900000000000000000e+02,5.427291393280029297e-01,2.497153735767226479e+01,4.200000000000000000e+01
1.910000000000000000e+02,5.440270900726318359e-01,2.497153735767226479e+01,5.400000000000000000e+01
1.920000000000000000e+02,5.457029342651367188e-01,2.497153735767226479e+01,4.200000000000000000e+01
1.930000000000000000e+02,5.509431362152099609e-01,2.497153735767226479e+01,5.500000000000000000e+01
1.940000000000000000e+02,5.519399642944335938e-01,2.497153735767226479e+01,4.200000000000000000e+01
1.950000000000000000e+02,5.548100471496582031e-01,2.497153735767226479e+01,5.600000000000000000e+01
1.960000000000000000e+02,5.563929080963134766e-01,2.497153735767226479e+01,4.200000000000000000e+01
1.970000000000000000e+02,5.579020977020263672e-01,2.497153735767226479e+01,5.600000000000000000e+01
1.980000000000000000e+02,5.600619316101074219e-01,2.497153735767226479e+01,4.200000000000000000e+01
1.990000000000000000e+02,5.613210201263427734e-01,2.497153735767226479e+01,5.600000000000000000e+01
2.000000000000000000e+02,5.626060962677001953e-01,2.497153735767226479e+01,4.200000000000000000e+01
2.010000000000000000e+02,5.642459392547607422e-01,2.497153735767226479e+01,5.600000000000000000e+01
2.020000000000000000e+02,5.734710693359375000e-01,2.497153735767226479e+01,4.300000000000000000e+01
2.030000000000000000e+02,5.751719474792480469e-01,2.497153735767226479e+01,5.600000000000000000e+01
2.040000000000000000e+02,5.762081146240234375e-01,2.497153735767226479e+01,4.300000000000000000e+01
2.050000000000000000e+02,5.773570537567138672e-01,2.497153735767226479e+01,5.600000000000000000e+01
2.060000000000000000e+02,5.845839977264404297e-01,2.497153735767226479e+01,4.400000000000000000e+01
2.070000000000000000e+02,5.910749435424804688e-01,2.497153735767226479e+01,5.700000000000000000e+01
2.080000000000000000e+02,5.928580760955810547e-01,2.497153735767226479e+01,4.400000000000000000e+01
2.090000000000000000e+02,5.939660072326660156e-01,2.497153735767226479e+01,5.700000000000000000e+01
2.100000000000000000e+02,5.956230163574218750e-01,2.497153735767226479e+01,4.400000000000000000e+01
2.110000000000000000e+02,6.078190803527832031e-01,2.497153735767226479e+01,5.800000000000000000e+01
2.120000000000000000e+02,6.088190078735351562e-01,2.497153735767226479e+01,4.400000000000000000e+01
2.130000000000000000e+02,6.125590801239013672e-01,2.497153735767226479e+01,5.900000000000000000e+01
2.140000000000000000e+02,6.177959442138671875e-01,2.497153735767226479e+01,4.500000000000000000e+01
2.150000000000000000e+02,6.215920448303222656e-01,2.497153735767226479e+01,6.000000000000000000e+01
2.160000000000000000e+02,6.239271163940429688e-01,2.497153735767226479e+01,4.500000000000000000e+01
2.170000000000000000e+02,6.253719329833984375e-01,2.497153735767226479e+01,6.000000000000000000e+01
2.180000000000000000e+02,6.266689300537109375e-01,2.497153735767226479e+01,4.500000000000000000e+01
2.190000000000000000e+02,6.335740089416503906e-01,2.497153735767226479e+01,6.100000000000000000e+01
2.200000000000000000e+02,6.349029541015625000e-01,2.497153735767226479e+01,4.500000000000000000e+01
2.210000000000000000e+02,6.435611248016357422e-01,2.497153735767226479e+01,6.200000000000000000e+01
2.220000000000000000e+02,6.497700214385986328e-01,2.475340421162280080e+01,4.600000000000000000e+01
2.230000000000000000e+02,6.512410640716552734e-01,2.475340421162280080e+01,6.200000000000000000e+01
2.240000000000000000e+02,6.525409221649169922e-01,2.475340421162280080e+01,4.400000000000000000e+01
2.250000000000000000e+02,6.541810035705566406e-01,2.475340421162280080e+01,6.200000000000000000e+01
2.260000000000000000e+02,6.551969051361083984e-01,2.475340421162280080e+01,4.400000000000000000e+01
2.270000000000000000e+02,6.564400196075439453e-01,2.475340421162280080e+01,6.200000000000000000e+01
2.280000000000000000e+02,6.638219356536865234e-01,2.475340421162280080e+01,4.500000000000000000e+01
2.290000000000000000e+02,6.763269901275634766e-01,2.475340421162280080e+01,6.300000000000000000e+01
2.300000000000000000e+02,6.780121326446533203e-01,2.475340421162280080e+01,4.500000000000000000e+01
2.310000000000000000e+02,6.796729564666748047e-01,2.475340421162280080e+01,6.300000000000000000e+01
2.320000000000000000e+02,6.807689666748046875e-01,2.475340421162280080e+01,4.500000000000000000e+01
2.330000000000000000e+02,6.880609989166259766e-01,2.475340421162280080e+01,6.400000000000000000e+01
2.340000000000000000e+02,6.901810169219970703e-01,2.475340421162280080e+01,4.500000000000000000e+01
2.350000000000000000e+02,6.924450397491455078e-01,2.475340421162280080e+01,6.500000000000000000e+01
2.360000000000000000e+02,6.940550804138183594e-01,2.475340421162280080e+01,4.500000000000000000e+01
2.370000000000000000e+02,6.991560459136962891e-01,2.475340421162280080e+01,6.600000000000000000e+01
2.380000000000000000e+02,7.068519592285156250e-01,2.475340421162280080e+01,4.600000000000000000e+01
2.390000000000000000e+02,7.084231376647949219e-01,2.475340421162280080e+01,6.600000000000000000e+01
2.400000000000000000e+02,7.092480659484863281e-01,2.475340421162280080e+01,4.600000000000000000e+01
2.410000000000000000e+02,7.115120887756347656e-01,2.475340421162280080e+01,6.600000000000000000e+01
2.420000000000000000e+02,7.222199440002441406e-01,2.475340421162280080e+01,4.700000000000000000e+01
2.430000000000000000e+02,7.268390655517578125e-01,2.475340421162280080e+01,6.700000000000000000e+01
2.440000000000000000e+02,7.356281280517578125e-01,2.475340421162280080e+01,4.800000000000000000e+01
2.450000000000000000e+02,7.461719512939453125e-01,2.475340421162280080e+01,6.800000000000000000e+01
2.460000000000000000e+02,7.473359107971191406e-01,2.475340421162280080e+01,4.800000000000000000e+01
2.470000000000000000e+02,7.523539066314697266e-01,2.475340421162280080e+01,6.900000000000000000e+01
2.480000000000000000e+02,7.530860900878906250e-01,2.475340421162280080e+01,4.800000000000000000e+01
2.490000000000000000e+02,7.554750442504882812e-01,2.475340421162280080e+01,6.900000000000000000e+01
2.500000000000000000e+02,7.647421360015869141e-01,2.475340421162280080e+01,4.900000000000000000e+01
2.510000000000000000e+02,7.662019729614257812e-01,2.475340421162280080e+01,6.900000000000000000e+01
2.520000000000000000e+02,7.671780586242675781e-01,2.475340421162280080e+01,4.900000000000000000e+01
2.530000000000000000e+02,7.684950828552246094e-01,2.475340421162280080e+01,6.900000000000000000e+01
2.540000000000000000e+02,7.841119766235351562e-01,2.475340421162280080e+01,5.000000000000000000e+01
2.550000000000000000e+02,7.850320339202880859e-01,2.475340421162280080e+01,6.900000000000000000e+01
2.560000000000000000e+02,7.955129146575927734e-01,2.475340421162280080e+01,5.100000000000000000e+01
2.570000000000000000e+02,8.114099502563476562e-01,2.475340421162280080e+01,7.000000000000000000e+01
2.580000000000000000e+02,8.210561275482177734e-01,2.475340421162280080e+01,5.200000000000000000e+01
2.590000000000000000e+02,8.271501064300537109e-01,2.475340421162280080e+01,7.100000000000000000e+01
2.600000000000000000e+02,8.311800956726074219e-01,2.439748779400867562e+01,5.300000000000000000e+01
2.610000000000000000e+02,8.333129882812500000e-01,2.439748779400867562e+01,6.700000000000000000e+01
2.620000000000000000e+02,8.344919681549072266e-01,2.439748779400867562e+01,4.600000000000000000e+01
2.630000000000000000e+02,8.356869220733642578e-01,2.439748779400867562e+01,6.700000000000000000e+01
2.640000000000000000e+02,8.393540382385253906e-01,2.439748779400867562e+01,4.600000000000000000e+01
2.650000000000000000e+02,8.406140804290771484e-01,2.439748779400867562e+01,6.700000000000000000e+01
2.660000000000000000e+02,8.421549797058105469e-01,2.439748779400867562e+01,4.600000000000000000e+01
2.670000000000000000e+02,8.439719676971435547e-01,2.439748779400867562e+01,6.700000000000000000e+01
2.680000000000000000e+02,8.492939472198486328e-01,2.439748779400867562e+01,4.700000000000000000e+01
2.690000000000000000e+02,8.523380756378173828e-01,2.439748779400867562e+01,6.800000000000000000e+01
2.700000000000000000e+02,8.537600040435791016e-01,2.439748779400867562e+01,4.700000000000000000e+01
2.710000000000000000e+02,8.594329357147216797e-01,2.439748779400867562e+01,6.900000000000000000e+01
2.720000000000000000e+02,8.606739044189453125e-01,2.439748779400867562e+01,4.700000000000000000e+01
2.730000000000000000e+02,8.621189594268798828e-01,2.439748779400867562e+01,6.900000000000000000e+01
2.740000000000000000e+02,8.631191253662109375e-01,2.439748779400867562e+01,4.700000000000000000e+01
2.750000000000000000e+02,8.697030544281005859e-01,2.439748779400867562e+01,7.000000000000000000e+01
2.760000000000000000e+02,8.709530830383300781e-01,2.439748779400867562e+01,4.700000000000000000e+01
2.770000000000000000e+02,8.723719120025634766e-01,2.439748779400867562e+01,7.000000000000000000e+01
2.780000000000000000e+02,8.756239414215087891e-01,2.439748779400867562e+01,4.800000000000000000e+01
2.790000000000000000e+02,8.827359676361083984e-01,2.439748779400867562e+01,7.100000000000000000e+01
2.800000000000000000e+02,8.955829143524169922e-01,2.439748779400867562e+01,4.900000000000000000e+01
2.810000000000000000e+02,8.985939025878906250e-01,2.439748779400867562e+01,7.200000000000000000e+01
2.820000000000000000e+02,9.029040336608886719e-01,2.439748779400867562e+01,5.000000000000000000e+01
2.830000000000000000e+02,9.036900997161865234e-01,2.439748779400867562e+01,7.200000000000000000e+01
2.840000000000000000e+02,9.048979282379150391e-01,2.439748779400867562e+01,5.000000000000000000e+01
2.850000000000000000e+02,9.063870906829833984e-01,2.439748779400867562e+01,7.200000000000000000e+01
2.860000000000000000e+02,9.106850624084472656e-01,2.439748779400867562e+01,5.000000000000000000e+01
2.870000000000000000e+02,9.119961261749267578e-01,2.439748779400867562e+01,7.200000000000000000e+01
2.880000000000000000e+02,9.172549247741699219e-01,2.439748779400867562e+01,5.000000000000000000e+01
2.890000000000000000e+02,9.208779335021972656e-01,2.439748779400867562e+01,7.300000000000000000e+01
2.900000000000000000e+02,9.325599670410156250e-01,2.439748779400867562e+01,5.100000000000000000e+01
2.910000000000000000e+02,9.343199729919433594e-01,2.439748779400867562e+01,7.300000000000000000e+01
2.920000000000000000e+02,9.354350566864013672e-01,2.439748779400867562e+01,5.100000000000000000e+01
2.930000000000000000e+02,9.542660713195800781e-01,2.439748779400867562e+01,7.400000000000000000e+01
2.940000000000000000e+02,9.569039344787597656e-01,2.439748779400867562e+01,5.200000000000000000e+01
2.950000000000000000e+02,9.585740566253662109e-01,2.439748779400867562e+01,7.400000000000000000e+01
2.960000000000000000e+02,9.592170715332031250e-01,2.439748779400867562e+01,5.200000000000000000e+01
2.970000000000000000e+02,9.608590602874755859e-01,2.439748779400867562e+01,7.400000000000000000e+01
2.980000000000000000e+02,9.731640815734863281e-01,2.439748779400867562e+01,5.300000000000000000e+01
2.990000000000000000e+02,9.885110855102539062e-01,2.439748779400867562e+01,7.500000000000000000e+01
3.000000000000000000e+02,9.900310039520263672e-01,2.439748779400867562e+01,5.300000000000000000e+01
3.010000000000000000e+02,9.975030422210693359e-01,2.439748779400867562e+01,7.600000000000000000e+01
3.020000000000000000e+02,9.989650249481201172e-01,2.439748779400867562e+01,5.300000000000000000e+01
3.030000000000000000e+02,9.998190402984619141e-01,2.439748779400867562e+01,7.600000000000000000e+01
3.040000000000000000e+02,1.000654935836791992e+00,2.439748779400867562e+01,5.300000000000000000e+01
3.050000000000000000e+02,1.007736921310424805e+00,2.439748779400867562e+01,7.700000000000000000e+01
3.060000000000000000e+02,1.012187957763671875e+00,2.439748779400867562e+01,5.400000000000000000e+01
3.070000000000000000e+02,1.023699045181274414e+00,2.439748779400867562e+01,7.800000000000000000e+01
3.080000000000000000e+02,1.027223110198974609e+00,2.439748779400867562e+01,5.400000000000000000e+01
3.090000000000000000e+02,1.028763055801391602e+00,2.439748779400867562e+01,7.800000000000000000e+01
3.100000000000000000e+02,1.030282974243164062e+00,2.439748779400867562e+01,5.400000000000000000e+01
3.110000000000000000e+02,1.034961938858032227e+00,2.439748779400867562e+01,7.900000000000000000e+01
3.120000000000000000e+02,1.036499023437500000e+00,2.439748779400867562e+01,5.400000000000000000e+01
3.130000000000000000e+02,1.037897109985351562e+00,2.439748779400867562e+01,7.900000000000000000e+01
3.140000000000000000e+02,1.039067029953002930e+00,2.439748779400867562e+01,5.400000000000000000e+01
3.150000000000000000e+02,1.042506933212280273e+00,2.439748779400867562e+01,8.000000000000000000e+01
3.160000000000000000e+02,1.043946027755737305e+00,2.439748779400867562e+01,5.400000000000000000e+01
3.170000000000000000e+02,1.045375108718872070e+00,2.439748779400867562e+01,8.000000000000000000e+01
3.180000000000000000e+02,1.054655075073242188e+00,2.439748779400867562e+01,5.500000000000000000e+01
3.190000000000000000e+02,1.056319952011108398e+00,2.439748779400867562e+01,8.000000000000000000e+01
3.200000000000000000e+02,1.057667970657348633e+00,2.439748779400867562e+01,5.500000000000000000e+01
3.210000000000000000e+02,1.068516016006469727e+00,2.439748779400867562e+01,8.100000000000000000e+01
3.220000000000000000e+02,1.069783926010131836e+00,2.439748779400867562e+01,5.500000000000000000e+01
3.230000000000000000e+02,1.071614027023315430e+00,2.439748779400867562e+01,8.100000000000000000e+01
3.240000000000000000e+02,1.072948932647705078e+00,2.439748779400867562e+01,5.500000000000000000e+01
3.250000000000000000e+02,1.074506044387817383e+00,2.439748779400867562e+01,8.100000000000000000e+01
3.260000000000000000e+02,1.075536966323852539e+00,2.439748779400867562e+01,5.500000000000000000e+01
3.270000000000000000e+02,1.078211069107055664e+00,2.439748779400867562e+01,8.200000000000000000e+01
3.280000000000000000e+02,1.079380989074707031e+00,2.439748779400867562e+01,5.500000000000000000e+01
3.290000000000000000e+02,1.082889080047607422e+00,2.439748779400867562e+01,8.300000000000000000e+01
3.300000000000000000e+02,1.084746122360229492e+00,2.439748779400867562e+01,5.500000000000000000e+01
3.310000000000000000e+02,1.085715055465698242e+00,2.439748779400867562e+01,8.300000000000000000e+01
3.320000000000000000e+02,1.087027072906494141e+00,2.439748779400867562e+01,5.500000000000000000e+01
3.330000000000000000e+02,1.088606119155883789e+00,2.439748779400867562e+01,8.300000000000000000e+01
3.340000000000000000e+02,1.091076135635375977e+00,2.439748779400867562e+01,5.500000000000000000e+01
3.350000000000000000e+02,1.092562913894653320e+00,2.439748779400867562e+01,8.300000000000000000e+01
3.360000000000000000e+02,1.094007015228271484e+00,2.439748779400867562e+01,5.500000000000000000e+01
3.370000000000000000e+02,1.096740961074829102e+00,2.439748779400867562e+01,8.400000000000000000e+01
3.380000000000000000e+02,1.097738027572631836e+00,2.439748779400867562e+01,5.500000000000000000e+01
3.390000000000000000e+02,1.099277019500732422e+00,2.439748779400867562e+01,8.400000000000000000e+01
3.400000000000000000e+02,1.100477933883666992e+00,2.439748779400867562e+01,5.500000000000000000e+01
3.410000000000000000e+02,1.105897903442382812e+00,2.439748779400867562e+01,8.500000000000000000e+01
3.420000000000000000e+02,1.121282100677490234e+00,2.439748779400867562e+01,5.600000000000000000e+01
3.430000000000000000e+02,1.124423980712890625e+00,2.439748779400867562e+01,8.600000000000000000e+01
3.440000000000000000e+02,1.125880002975463867e+00,2.439748779400867562e+01,5.600000000000000000e+01
3.450000000000000000e+02,1.135673046112060547e+00,2.439748779400867562e+01,8.700000000000000000e+01
3.460000000000000000e+02,1.136857986450195312e+00,2.439748779400867562e+01,5.600000000000000000e+01
3.470000000000000000e+02,1.146039009094238281e+00,2.439748779400867562e+01,8.800000000000000000e+01
3.480000000000000000e+02,1.149665117263793945e+00,2.439748779400867562e+01,5.700000000000000000e+01
3.490000000000000000e+02,1.151178121566772461e+00,2.439748779400867562e+01,8.800000000000000000e+01
3.500000000000000000e+02,1.157205104827880859e+00,2.439748779400867562e+01,5.800000000000000000e+01
3.510000000000000000e+02,1.173123121261596680e+00,2.439748779400867562e+01,8.900000000000000000e+01
3.520000000000000000e+02,1.183531045913696289e+00,2.439748779400867562e+01,5.900000000000000000e+01
3.530000000000000000e+02,1.191841125488281250e+00,2.439748779400867562e+01,9.000000000000000000e+01
3.540000000000000000e+02,1.193321943283081055e+00,2.439748779400867562e+01,5.900000000000000000e+01
3.550000000000000000e+02,1.206568002700805664e+00,2.439748779400867562e+01,9.100000000000000000e+01
3.560000000000000000e+02,1.207888126373291016e+00,2.439748779400867562e+01,5.900000000000000000e+01
3.570000000000000000e+02,1.209465026855468750e+00,2.439748779400867562e+01,9.100000000000000000e+01
3.580000000000000000e+02,1.212259054183959961e+00,2.439748779400867562e+01,5.900000000000000000e+01
3.590000000000000000e+02,1.223585128784179688e+00,2.439748779400867562e+01,9.200000000000000000e+01
3.600000000000000000e+02,1.236055135726928711e+00,2.439748779400867562e+01,6.000000000000000000e+01
3.610000000000000000e+02,1.237172126770019531e+00,2.439748779400867562e+01,9.200000000000000000e+01
3.620000000000000000e+02,1.246640920639038086e+00,2.439748779400867562e+01,6.100000000000000000e+01
3.630000000000000000e+02,1.248222112655639648e+00,2.439748779400867562e+01,9.200000000000000000e+01
3.640000000000000000e+02,1.251284122467041016e+00,2.439748779400867562e+01,6.100000000000000000e+01
3.650000000000000000e+02,1.253165960311889648e+00,2.439748779400867562e+01,9.200000000000000000e+01
3.660000000000000000e+02,1.254485130310058594e+00,2.439748779400867562e+01,6.100000000000000000e+01
3.670000000000000000e+02,1.256648063659667969e+00,2.439748779400867562e+01,9.200000000000000000e+01
3.680000000000000000e+02,1.257894992828369141e+00,2.439748779400867562e+01,6.100000000000000000e+01
3.690000000000000000e+02,1.259664058685302734e+00,2.439748779400867562e+01,9.200000000000000000e+01
3.700000000000000000e+02,1.260870933532714844e+00,2.439748779400867562e+01,6.100000000000000000e+01
3.710000000000000000e+02,1.261812925338745117e+00,2.439748779400867562e+01,9.200000000000000000e+01
3.720000000000000000e+02,1.262660026550292969e+00,2.439748779400867562e+01,6.100000000000000000e+01
3.730000000000000000e+02,1.270785093307495117e+00,2.439748779400867562e+01,9.300000000000000000e+01
3.740000000000000000e+02,1.272530078887939453e+00,2.439748779400867562e+01,6.100000000000000000e+01
3.750000000000000000e+02,1.274063110351562500e+00,2.439748779400867562e+01,9.300000000000000000e+01
3.760000000000000000e+02,1.276006937026977539e+00,2.439748779400867562e+01,6.100000000000000000e+01
3.770000000000000000e+02,1.277627944946289062e+00,2.439748779400867562e+01,9.300000000000000000e+01
3.780000000000000000e+02,1.282751083374023438e+00,2.439748779400867562e+01,6.200000000000000000e+01
3.790000000000000000e+02,1.295918941497802734e+00,2.439748779400867562e+01,9.400000000000000000e+01
3.800000000000000000e+02,1.301083087921142578e+00,2.439748779400867562e+01,6.300000000000000000e+01
3.810000000000000000e+02,1.314335107803344727e+00,2.439748779400867562e+01,9.500000000000000000e+01
3.820000000000000000e+02,1.315282106399536133e+00,2.439748779400867562e+01,6.300000000000000000e+01
3.830000000000000000e+02,1.316556930541992188e+00,2.439748779400867562e+01,9.500000000000000000e+01
3.840000000000000000e+02,1.321720123291015625e+00,2.439748779400867562e+01,6.400000000000000000e+01
3.850000000000000000e+02,1.323389053344726562e+00,2.439748779400867562e+01,9.500000000000000000e+01
3.860000000000000000e+02,1.324788093566894531e+00,2.439748779400867562e+01,6.400000000000000000e+01
3.870000000000000000e+02,1.328608989715576172e+00,2.439748779400867562e+01,9.600000000000000000e+01
3.880000000000000000e+02,1.330281019210815430e+00,2.439748779400867562e+01,6.400000000000000000e+01
3.890000000000000000e+02,1.346926927566528320e+00,2.439748779400867562e+01,9.700000000000000000e+01
3.900000000000000000e+02,1.349992990493774414e+00,2.439748779400867562e+01,6.400000000000000000e+01
3.910000000000000000e+02,1.355049133300781250e+00,2.439748779400867562e+01,9.800000000000000000e+01
3.920000000000000000e+02,1.356611967086791992e+00,2.439748779400867562e+01,6.400000000000000000e+01
3.930000000000000000e+02,1.358804941177368164e+00,2.439748779400867562e+01,9.800000000000000000e+01
3.940000000000000000e+02,1.360626935958862305e+00,2.439748779400867562e+01,6.400000000000000000e+01
3.950000000000000000e+02,1.373902082443237305e+00,2.439748779400867562e+01,9.900000000000000000e+01
3.960000000000000000e+02,1.374670982360839844e+00,2.439748779400867562e+01,6.400000000000000000e+01
3.970000000000000000e+02,1.391441106796264648e+00,2.439748779400867562e+01,1.000000000000000000e+02
3.980000000000000000e+02,1.392710924148559570e+00,2.439748779400867562e+01,6.400000000000000000e+01
3.990000000000000000e+02,1.395577907562255859e+00,2.439748779400867562e+01,1.010000000000000000e+02
4.000000000000000000e+02,1.406780958175659180e+00,2.439748779400867562e+01,6.500000000000000000e+01
4.010000000000000000e+02,1.408997058868408203e+00,2.439748779400867562e+01,1.010000000000000000e+02
4.020000000000000000e+02,1.410399913787841797e+00,2.439748779400867562e+01,6.500000000000000000e+01
4.030000000000000000e+02,1.412904024124145508e+00,2.439748779400867562e+01,1.010000000000000000e+02
4.040000000000000000e+02,1.414726018905639648e+00,2.439748779400867562e+01,6.500000000000000000e+01
4.050000000000000000e+02,1.416856050491333008e+00,2.439748779400867562e+01,1.010000000000000000e+02
4.060000000000000000e+02,1.418492078781127930e+00,2.439748779400867562e+01,6.500000000000000000e+01
4.070000000000000000e+02,1.420574903488159180e+00,2.439748779400867562e+01,1.010000000000000000e+02
4.080000000000000000e+02,1.421790122985839844e+00,2.439748779400867562e+01,6.500000000000000000e+01
4.090000000000000000e+02,1.436429977416992188e+00,2.439748779400867562e+01,1.020000000000000000e+02
4.100000000000000000e+02,1.443244934082031250e+00,2.439748779400867562e+01,6.600000000000000000e+01
4.110000000000000000e+02,1.444396972656250000e+00,2.439748779400867562e+01,1.020000000000000000e+02
4.120000000000000000e+02,1.445831060409545898e+00,2.439748779400867562e+01,6.600000000000000000e+01
4.130000000000000000e+02,1.446820020675659180e+00,2.439748779400867562e+01,1.020000000000000000e+02
4.140000000000000000e+02,1.448153018951416016e+00,2.439748779400867562e+01,6.600000000000000000e+01
4.150000000000000000e+02,1.450294017791748047e+00,2.439748779400867562e+01,1.020000000000000000e+02
4.160000000000000000e+02,1.453346967697143555e+00,2.439748779400867562e+01,6.600000000000000000e+01
4.170000000000000000e+02,1.461056947708129883e+00,2.439748779400867562e+01,1.030000000000000000e+02
4.180000000000000000e+02,1.462407112121582031e+00,2.439748779400867562e+01,6.600000000000000000e+01
4.190000000000000000e+02,1.464282989501953125e+00,2.439748779400867562e+01,1.030000000000000000e+02
4.200000000000000000e+02,1.465620994567871094e+00,2.439748779400867562e+01,6.600000000000000000e+01
4.210000000000000000e+02,1.466581106185913086e+00,2.439748779400867562e+01,1.030000000000000000e+02
4.220000000000000000e+02,1.467828989028930664e+00,2.439748779400867562e+01,6.600000000000000000e+01
4.230000000000000000e+02,1.469674110412597656e+00,2.439748779400867562e+01,1.030000000000000000e+02
4.240000000000000000e+02,1.471857070922851562e+00,2.439748779400867562e+01,6.600000000000000000e+01
4.250000000000000000e+02,1.473103046417236328e+00,2.439748779400867562e+01,1.030000000000000000e+02
4.260000000000000000e+02,1.474046945571899414e+00,2.439748779400867562e+01,6.600000000000000000e+01
4.270000000000000000e+02,1.475104093551635742e+00,2.439748779400867562e+01,1.030000000000000000e+02
4.280000000000000000e+02,1.491605043411254883e+00,2.439748779400867562e+01,6.700000000000000000e+01
4.290000000000000000e+02,1.493318080902099609e+00,2.439748779400867562e+01,1.030000000000000000e+02
4.300000000000000000e+02,1.495662927627563477e+00,2.439748779400867562e+01,6.700000000000000000e+01
4.310000000000000000e+02,1.498045921325683594e+00,2.439748779400867562e+01,1.030000000000000000e+02
4.320000000000000000e+02,1.502461910247802734e+00,2.439748779400867562e+01,6.800000000000000000e+01
4.330000000000000000e+02,1.505840063095092773e+00,2.439748779400867562e+01,1.040000000000000000e+02
4.340000000000000000e+02,1.507620096206665039e+00,2.439748779400867562e+01,6.800000000000000000e+01
4.350000000000000000e+02,1.509783029556274414e+00,2.439748779400867562e+01,1.040000000000000000e+02
4.360000000000000000e+02,1.511023998260498047e+00,2.439748779400867562e+01,6.800000000000000000e+01
4.370000000000000000e+02,1.513814926147460938e+00,2.439748779400867562e+01,1.040000000000000000e+02
4.380000000000000000e+02,1.514882087707519531e+00,2.439748779400867562e+01,6.800000000000000000e+01
4.390000000000000000e+02,1.529657125473022461e+00,2.439748779400867562e+01,1.050000000000000000e+02
4.400000000000000000e+02,1.541497945785522461e+00,2.439748779400867562e+01,6.900000000000000000e+01
4.410000000000000000e+02,1.542601108551025391e+00,2.439748779400867562e+01,1.050000000000000000e+02
4.420000000000000000e+02,1.543980121612548828e+00,2.439748779400867562e+01,6.900000000000000000e+01
4.430000000000000000e+02,1.551635026931762695e+00,2.439748779400867562e+01,1.060000000000000000e+02
4.440000000000000000e+02,1.562509059906005859e+00,2.439748779400867562e+01,7.000000000000000000e+01
4.450000000000000000e+02,1.564588069915771484e+00,2.439748779400867562e+01,1.060000000000000000e+02
4.460000000000000000e+02,1.566980123519897461e+00,2.439748779400867562e+01,7.000000000000000000e+01
4.470000000000000000e+02,1.568862915039062500e+00,2.439748779400867562e+01,1.060000000000000000e+02
4.480000000000000000e+02,1.570761919021606445e+00,2.439748779400867562e+01,7.000000000000000000e+01
4.490000000000000000e+02,1.572751998901367188e+00,2.439748779400867562e+01,1.060000000000000000e+02
4.500000000000000000e+02,1.580369949340820312e+00,2.439748779400867562e+01,7.100000000000000000e+01
4.510000000000000000e+02,1.583034992218017578e+00,2.439748779400867562e+01,1.060000000000000000e+02
4.520000000000000000e+02,1.584500074386596680e+00,2.439748779400867562e+01,7.100000000000000000e+01
4.530000000000000000e+02,1.591026067733764648e+00,2.439748779400867562e+01,1.070000000000000000e+02
4.540000000000000000e+02,1.596972942352294922e+00,2.439748779400867562e+01,7.200000000000000000e+01
4.550000000000000000e+02,1.607655048370361328e+00,2.439748779400867562e+01,1.080000000000000000e+02
4.560000000000000000e+02,1.622761964797973633e+00,2.439748779400867562e+01,7.300000000000000000e+01
4.570000000000000000e+02,1.636816978454589844e+00,2.439748779400867562e+01,1.090000000000000000e+02
4.580000000000000000e+02,1.643408060073852539e+00,2.439748779400867562e+01,7.400000000000000000e+01
4.590000000000000000e+02,1.644397020339965820e+00,2.439748779400867562e+01,1.090000000000000000e+02
4.600000000000000000e+02,1.645801067352294922e+00,2.439748779400867562e+01,7.400000000000000000e+01
4.610000000000000000e+02,1.648793935775756836e+00,2.439748779400867562e+01,1.100000000000000000e+02
4.620000000000000000e+02,1.649567127227783203e+00,2.439748779400867562e+01,7.400000000000000000e+01
4.630000000000000000e+02,1.651401042938232422e+00,2.439748779400867562e+01,1.100000000000000000e+02
4.640000000000000000e+02,1.670526981353759766e+00,2.439748779400867562e+01,7.500000000000000000e+01
4.650000000000000000e+02,1.672699928283691406e+00,2.439748779400867562e+01,1.100000000000000000e+02
4.660000000000000000e+02,1.674128055572509766e+00,2.439748779400867562e+01,7.500000000000000000e+01
4.670000000000000000e+02,1.676234006881713867e+00,2.439748779400867562e+01,1.100000000000000000e+02
4.680000000000000000e+02,1.677391052246093750e+00,2.439748779400867562e+01,7.500000000000000000e+01
4.690000000000000000e+02,1.678748130798339844e+00,2.439748779400867562e+01,1.100000000000000000e+02
4.700000000000000000e+02,1.681916952133178711e+00,2.439748779400867562e+01,7.600000000000000000e+01
4.710000000000000000e+02,1.686078071594238281e+00,2.439748779400867562e+01,1.110000000000000000e+02
4.720000000000000000e+02,1.701165914535522461e+00,2.439748779400867562e+01,7.700000000000000000e+01
4.730000000000000000e+02,1.703808069229125977e+00,2.439748779400867562e+01,1.110000000000000000e+02
4.740000000000000000e+02,1.705676078796386719e+00,2.439748779400867562e+01,7.700000000000000000e+01
4.750000000000000000e+02,1.707503080368041992e+00,2.439748779400867562e+01,1.110000000000000000e+02
4.760000000000000000e+02,1.717809915542602539e+00,2.439748779400867562e+01,7.800000000000000000e+01
4.770000000000000000e+02,1.719655990600585938e+00,2.439748779400867562e+01,1.110000000000000000e+02
4.780000000000000000e+02,1.721483945846557617e+00,2.439748779400867562e+01,7.800000000000000000e+01
4.790000000000000000e+02,1.739093065261840820e+00,2.439748779400867562e+01,1.120000000000000000e+02
4.800000000000000000e+02,1.740823030471801758e+00,2.439748779400867562e+01,7.800000000000000000e+01
4.810000000000000000e+02,1.742016077041625977e+00,2.439748779400867562e+01,1.120000000000000000e+02
4.820000000000000000e+02,1.743519067764282227e+00,2.439748779400867562e+01,7.800000000000000000e+01
4.830000000000000000e+02,1.744516134262084961e+00,2.439748779400867562e+01,1.120000000000000000e+02
4.840000000000000000e+02,1.746417999267578125e+00,2.439748779400867562e+01,7.800000000000000000e+01
4.850000000000000000e+02,1.748217105865478516e+00,2.439748779400867562e+01,1.120000000000000000e+02
4.860000000000000000e+02,1.749869108200073242e+00,2.439748779400867562e+01,7.800000000000000000e+01
4.870000000000000000e+02,1.750960111618041992e+00,2.439748779400867562e+01,1.120000000000000000e+02
4.880000000000000000e+02,1.752234935760498047e+00,2.439748779400867562e+01,7.800000000000000000e+01
4.890000000000000000e+02,1.754117965698242188e+00,2.439748779400867562e+01,1.120000000000000000e+02
4.900000000000000000e+02,1.754957914352416992e+00,2.439748779400867562e+01,7.800000000000000000e+01
4.910000000000000000e+02,1.778424978256225586e+00,2.439748779400867562e+01,1.130000000000000000e+02
4.920000000000000000e+02,1.779917001724243164e+00,2.439748779400867562e+01,7.800000000000000000e+01
4.930000000000000000e+02,1.781251907348632812e+00,2.439748779400867562e+01,1.130000000000000000e+02
4.940000000000000000e+02,1.795073986053466797e+00,2.439748779400867562e+01,7.900000000000000000e+01
4.950000000000000000e+02,1.796412944793701172e+00,2.439748779400867562e+01,1.130000000000000000e+02
4.960000000000000000e+02,1.798293113708496094e+00,2.439748779400867562e+01,7.900000000000000000e+01
4.970000000000000000e+02,1.799808025360107422e+00,2.439748779400867562e+01,1.130000000000000000e+02
4.980000000000000000e+02,1.801507949829101562e+00,2.439748779400867562e+01,7.900000000000000000e+01
4.990000000000000000e+02,1.821469068527221680e+00,2.439748779400867562e+01,1.140000000000000000e+02
