0.000000000000000000e+00,3.549814224243164062e-03,0.000000000000000000e+00,2.000000000000000000e+00
1.000000000000000000e+00,5.579948425292968750e-03,0.000000000000000000e+00,2.000000000000000000e+00
2.000000000000000000e+00,8.443832397460937500e-03,0.000000000000000000e+00,3.000000000000000000e+00
3.000000000000000000e+00,1.063084602355957031e-02,0.000000000000000000e+00,3.000000000000000000e+00
4.000000000000000000e+00,1.287484169006347656e-02,0.000000000000000000e+00,4.000000000000000000e+00
5.000000000000000000e+00,1.538991928100585938e-02,0.000000000000000000e+00,4.000000000000000000e+00
6.000000000000000000e+00,1.731300354003906250e-02,0.000000000000000000e+00,5.000000000000000000e+00
7.000000000000000000e+00,2.000689506530761719e-02,0.000000000000000000e+00,5.000000000000000000e+00
8.000000000000000000e+00,2.333879470825195312e-02,0.000000000000000000e+00,6.000000000000000000e+00
9.000000000000000000e+00,2.559995651245117188e-02,0.000000000000000000e+00,6.000000000000000000e+00
1.000000000000000000e+01,2.776479721069335938e-02,2.858589162287833929e+01,7.000000000000000000e+00
1.100000000000000000e+01,3.014087677001953125e-02,2.858589162287833929e+01,6.000000000000000000e+00
1.200000000000000000e+01,3.413701057434082031e-02,2.858589162287833929e+01,8.000000000000000000e+00
1.300000000000000000e+01,3.480601310729980469e-02,2.858589162287833929e+01,6.000000000000000000e+00
1.400000000000000000e+01,3.728079795837402344e-02,2.858589162287833929e+01,9.000000000000000000e+00
1.500000000000000000e+01,3.793787956237792969e-02,2.858589162287833929e+01,6.000000000000000000e+00
1.600000000000000000e+01,4.252099990844726562e-02,2.858589162287833929e+01,1.000000000000000000e+01
1.700000000000000000e+01,4.552793502807617188e-02,2.858589162287833929e+01,7.000000000000000000e+00
1.800000000000000000e+01,4.648184776306152344e-02,2.858589162287833929e+01,1.000000000000000000e+01
1.900000000000000000e+01,4.984283447265625000e-02,2.858589162287833929e+01,8.000000000000000000e+00
2.000000000000000000e+01,5.161285400390625000e-02,2.858589162287833929e+01,1.000000000000000000e+01
2.100000000000000000e+01,5.557394027709960938e-02,2.858589162287833929e+01,9.000000000000000000e+00
2.200000000000000000e+01,5.893898010253906250e-02,2.858589162287833929e+01,1.100000000000000000e+01
2.300000000000000000e+01,6.332397460937500000e-02,2.858589162287833929e+01,1.000000000000000000e+01
2.400000000000000000e+01,6.526398658752441406e-02,2.858589162287833929e+01,1.100000000000000000e+01
2.500000000000000000e+01,7.006001472473144531e-02,2.858589162287833929e+01,1.100000000000000000e+01
2.600000000000000000e+01,7.479596138000488281e-02,2.858589162287833929e+01,1.200000000000000000e+01
2.700000000000000000e+01,7.663083076477050781e-02,2.858589162287833929e+01,1.200000000000000000e+01
2.800000000000000000e+01,7.975697517395019531e-02,2.455050288540324033e+01,1.300000000000000000e+01
2.900000000000000000e+01,8.050990104675292969e-02,2.455050288540324033e+01,5.000000000000000000e+00
3.000000000000000000e+01,8.126902580261230469e-02,2.455050288540324033e+01,8.000000000000000000e+00
3.100000000000000000e+01,8.391380310058593750e-02,2.455050288540324033e+01,6.000000000000000000e+00
3.200000000000000000e+01,8.507180213928222656e-02,2.455050288540324033e+01,8.000000000000000000e+00
3.300000000000000000e+01,8.730792999267578125e-02,2.455050288540324033e+01,7.000000000000000000e+00
3.400000000000000000e+01,8.814382553100585938e-02,2.455050288540324033e+01,8.000000000000000000e+00
3.500000000000000000e+01,8.872389793395996094e-02,2.455050288540324033e+01,7.000000000000000000e+00
3.600000000000000000e+01,9.311890602111816406e-02,2.455050288540324033e+01,9.000000000000000000e+00
3.700000000000000000e+01,9.623599052429199219e-02,2.455050288540324033e+01,8.000000000000000000e+00
3.800000000000000000e+01,9.700202941894531250e-02,2.455050288540324033e+01,9.000000000000000000e+00
3.900000000000000000e+01,9.767985343933105469e-02,2.455050288540324033e+01,8.000000000000000000e+00
4.000000000000000000e+01,1.015679836273193359e-01,2.455050288540324033e+01,1.000000000000000000e+01
4.100000000000000000e+01,1.021189689636230469e-01,2.455050288540324033e+01,8.000000000000000000e+00
4.200000000000000000e+01,1.052889823913574219e-01,2.455050288540324033e+01,1.100000000000000000e+01
4.300000000000000000e+01,1.063668727874755859e-01,2.455050288540324033e+01,8.000000000000000000e+00
4.400000000000000000e+01,1.084969043731689453e-01,2.455050288540324033e+01,1.100000000000000000e+01
4.500000000000000000e+01,1.094369888305664062e-01,2.455050288540324033e+01,8.000000000000000000e+00
4.600000000000000000e+01,1.103630065917968750e-01,2.455050288540324033e+01,1.100000000000000000e+01
4.700000000000000000e+01,1.128950119018554688e-01,2.455050288540324033e+01,9.000000000000000000e+00
4.800000000000000000e+01,1.148638725280761719e-01,2.455050288540324033e+01,1.100000000000000000e+01
4.900000000000000000e+01,1.171338558197021484e-01,2.455050288540324033e+01,1.000000000000000000e+01
5.000000000000000000e+01,1.178729534149169922e-01,2.455050288540324033e+01,1.100000000000000000e+01
5.100000000000000000e+01,1.196408271789550781e-01,2.455050288540324033e+01,1.100000000000000000e+01
5.200000000000000000e+01,1.216559410095214844e-01,2.453534815901117128e+01,1.200000000000000000e+01
5.300000000000000000e+01,1.246929168701171875e-01,2.453534815901117128e+01,1.200000000000000000e+01
5.400000000000000000e+01,1.276669502258300781e-01,2.453534815901117128e+01,1.200000000000000000e+01
5.500000000000000000e+01,1.291058063507080078e-01,2.453534815901117128e+01,1.200000000000000000e+01
5.600000000000000000e+01,1.299958229064941406e-01,2.453534815901117128e+01,1.200000000000000000e+01
5.700000000000000000e+01,1.310379505157470703e-01,2.453534815901117128e+01,1.200000000000000000e+01
5.800000000000000000e+01,1.317470073699951172e-01,2.453534815901117128e+01,1.200000000000000000e+01
5.900000000000000000e+01,1.325619220733642578e-01,2.453534815901117128e+01,1.200000000000000000e+01
6.000000000000000000e+01,1.337029933929443359e-01,2.453534815901117128e+01,1.200000000000000000e+01
6.100000000000000000e+01,1.370108127593994141e-01,2.453534815901117128e+01,1.300000000000000000e+01
6.200000000000000000e+01,1.375389099121093750e-01,2.453534815901117128e+01,1.200000000000000000e+01
6.300000000000000000e+01,1.383979320526123047e-01,2.453534815901117128e+01,1.300000000000000000e+01
6.400000000000000000e+01,1.406509876251220703e-01,2.453534815901117128e+01,1.300000000000000000e+01
6.500000000000000000e+01,1.414318084716796875e-01,2.453534815901117128e+01,1.300000000000000000e+01
6.600000000000000000e+01,1.424028873443603516e-01,2.453534815901117128e+01,1.300000000000000000e+01
6.700000000000000000e+01,1.455419063568115234e-01,2.453534815901117128e+01,1.400000000000000000e+01
6.800000000000000000e+01,1.469960212707519531e-01,2.453534815901117128e+01,1.300000000000000000e+01
6.900000000000000000e+01,1.478958129882812500e-01,2.453534815901117128e+01,1.400000000000000000e+01
7.000000000000000000e+01,1.486539840698242188e-01,2.453534815901117128e+01,1.300000000000000000e+01
7.100000000000000000e+01,1.492879390716552734e-01,2.453534815901117128e+01,1.400000000000000000e+01
7.200000000000000000e+01,1.501019001007080078e-01,2.453534815901117128e+01,1.300000000000000000e+01
7.300000000000000000e+01,1.543200016021728516e-01,2.453534815901117128e+01,1.500000000000000000e+01
7.400000000000000000e+01,1.550118923187255859e-01,2.453534815901117128e+01,1.300000000000000000e+01
7.500000000000000000e+01,1.566669940948486328e-01,2.453534815901117128e+01,1.600000000000000000e+01
7.600000000000000000e+01,1.609749794006347656e-01,2.453534815901117128e+01,1.400000000000000000e+01
7.700000000000000000e+01,1.648509502410888672e-01,2.453534815901117128e+01,1.700000000000000000e+01
7.800000000000000000e+01,1.657400131225585938e-01,2.453534815901117128e+01,1.400000000000000000e+01
7.900000000000000000e+01,1.668989658355712891e-01,2.453534815901117128e+01,1.700000000000000000e+01
8.000000000000000000e+01,1.677129268646240234e-01,2.453534815901117128e+01,1.400000000000000000e+01
8.100000000000000000e+01,1.685500144958496094e-01,2.453534815901117128e+01,1.700000000000000000e+01
8.200000000000000000e+01,1.722769737243652344e-01,2.453534815901117128e+01,1.500000000000000000e+01
8.300000000000000000e+01,1.773300170898437500e-01,2.453534815901117128e+01,1.800000000000000000e+01
8.400000000000000000e+01,1.779839992523193359e-01,2.453534815901117128e+01,1.500000000000000000e+01
8.500000000000000000e+01,1.791038513183593750e-01,2.453534815901117128e+01,1.800000000000000000e+01
8.600000000000000000e+01,1.834259033203125000e-01,2.453534815901117128e+01,1.600000000000000000e+01
8.700000000000000000e+01,1.857509613037109375e-01,2.453534815901117128e+01,1.900000000000000000e+01
8.800000000000000000e+01,1.866679191589355469e-01,2.453534815901117128e+01,1.600000000000000000e+01
8.900000000000000000e+01,1.872529983520507812e-01,2.453534815901117128e+01,1.900000000000000000e+01
9.000000000000000000e+01,1.899700164794921875e-01,2.453534815901117128e+01,1.700000000000000000e+01
9.100000000000000000e+01,1.946539878845214844e-01,2.453534815901117128e+01,2.000000000000000000e+01
9.200000000000000000e+01,1.960439682006835938e-01,2.453534815901117128e+01,1.700000000000000000e+01
9.300000000000000000e+01,1.986069679260253906e-01,2.453534815901117128e+01,2.100000000000000000e+01
9.400000000000000000e+01,2.039988040924072266e-01,2.453534815901117128e+01,1.800000000000000000e+01
9.500000000000000000e+01,2.056260108947753906e-01,2.453534815901117128e+01,2.100000000000000000e+01
9.600000000000000000e+01,2.064468860626220703e-01,2.453534815901117128e+01,1.800000000000000000e+01
9.700000000000000000e+01,2.072567939758300781e-01,2.453534815901117128e+01,2.100000000000000000e+01
9.800000000000000000e+01,2.079808712005615234e-01,2.453534815901117128e+01,1.800000000000000000e+01
9.900000000000000000e+01,2.149319648742675781e-01,2.453534815901117128e+01,2.200000000000000000e+01
1.000000000000000000e+02,2.192378044128417969e-01,2.453534815901117128e+01,1.900000000000000000e+01
1.010000000000000000e+02,2.237238883972167969e-01,2.453534815901117128e+01,2.300000000000000000e+01
1.020000000000000000e+02,2.244279384613037109e-01,2.453534815901117128e+01,1.900000000000000000e+01
1.030000000000000000e+02,2.262918949127197266e-01,2.453534815901117128e+01,2.400000000000000000e+01
1.040000000000000000e+02,2.270460128784179688e-01,2.453534815901117128e+01,1.900000000000000000e+01
1.050000000000000000e+02,2.308659553527832031e-01,2.453534815901117128e+01,2.500000000000000000e+01
1.060000000000000000e+02,2.317378520965576172e-01,2.453534815901117128e+01,1.900000000000000000e+01
1.070000000000000000e+02,2.327189445495605469e-01,2.453534815901117128e+01,2.500000000000000000e+01
1.080000000000000000e+02,2.336678504943847656e-01,2.453534815901117128e+01,1.900000000000000000e+01
1.090000000000000000e+02,2.355349063873291016e-01,2.453534815901117128e+01,2.600000000000000000e+01
1.100000000000000000e+02,2.384409904479980469e-01,2.453534815901117128e+01,2.000000000000000000e+01
1.110000000000000000e+02,2.390539646148681641e-01,2.453534815901117128e+01,2.600000000000000000e+01
1.120000000000000000e+02,2.403218746185302734e-01,2.453534815901117128e+01,2.000000000000000000e+01
1.130000000000000000e+02,2.423188686370849609e-01,2.453534815901117128e+01,2.700000000000000000e+01
1.140000000000000000e+02,2.430119514465332031e-01,2.453534815901117128e+01,2.000000000000000000e+01
1.150000000000000000e+02,2.459809780120849609e-01,2.453534815901117128e+01,2.800000000000000000e+01
1.160000000000000000e+02,2.469320297241210938e-01,2.453534815901117128e+01,2.000000000000000000e+01
1.170000000000000000e+02,2.550618648529052734e-01,2.453534815901117128e+01,2.900000000000000000e+01
1.180000000000000000e+02,2.560830116271972656e-01,2.453534815901117128e+01,2.000000000000000000e+01
1.190000000000000000e+02,2.570228576660156250e-01,2.453534815901117128e+01,2.900000000000000000e+01
1.200000000000000000e+02,2.592577934265136719e-01,2.453534815901117128e+01,2.100000000000000000e+01
1.210000000000000000e+02,2.599239349365234375e-01,2.453534815901117128e+01,2.900000000000000000e+01
1.220000000000000000e+02,2.665898799896240234e-01,2.453534815901117128e+01,2.200000000000000000e+01
1.230000000000000000e+02,2.674179077148437500e-01,2.453534815901117128e+01,2.900000000000000000e+01
1.240000000000000000e+02,2.713088989257812500e-01,2.453534815901117128e+01,2.300000000000000000e+01
1.250000000000000000e+02,2.759079933166503906e-01,2.453534815901117128e+01,3.000000000000000000e+01
1.260000000000000000e+02,2.769019603729248047e-01,2.453534815901117128e+01,2.300000000000000000e+01
1.270000000000000000e+02,2.784018516540527344e-01,2.453534815901117128e+01,3.000000000000000000e+01
1.280000000000000000e+02,2.795639038085937500e-01,2.453534815901117128e+01,2.300000000000000000e+01
1.290000000000000000e+02,2.874670028686523438e-01,2.453534815901117128e+01,3.100000000000000000e+01
1.300000000000000000e+02,2.917928695678710938e-01,2.453534815901117128e+01,2.400000000000000000e+01
1.310000000000000000e+02,2.925469875335693359e-01,2.453534815901117128e+01,3.100000000000000000e+01
1.320000000000000000e+02,2.963500022888183594e-01,2.453534815901117128e+01,2.500000000000000000e+01
1.330000000000000000e+02,2.995038032531738281e-01,2.453534815901117128e+01,3.200000000000000000e+01
1.340000000000000000e+02,3.007659912109375000e-01,2.453534815901117128e+01,2.500000000000000000e+01
1.350000000000000000e+02,3.053278923034667969e-01,2.453534815901117128e+01,3.300000000000000000e+01
1.360000000000000000e+02,3.086738586425781250e-01,2.453534815901117128e+01,2.600000000000000000e+01
1.370000000000000000e+02,3.133440017700195312e-01,2.453534815901117128e+01,3.400000000000000000e+01
1.380000000000000000e+02,3.145778179168701172e-01,2.453534815901117128e+01,2.600000000000000000e+01
1.390000000000000000e+02,3.153488636016845703e-01,2.453534815901117128e+01,3.400000000000000000e+01
1.400000000000000000e+02,3.162369728088378906e-01,2.453534815901117128e+01,2.600000000000000000e+01
1.410000000000000000e+02,3.174629211425781250e-01,2.453534815901117128e+01,3.400000000000000000e+01
1.420000000000000000e+02,3.246009349822998047e-01,2.453534815901117128e+01,2.700000000000000000e+01
1.430000000000000000e+02,3.308598995208740234e-01,2.453534815901117128e+01,3.500000000000000000e+01
1.440000000000000000e+02,3.332538604736328125e-01,2.453534815901117128e+01,2.800000000000000000e+01
1.450000000000000000e+02,3.344459533691406250e-01,2.453534815901117128e+01,3.500000000000000000e+01
1.460000000000000000e+02,3.355908393859863281e-01,2.453534815901117128e+01,2.800000000000000000e+01
1.470000000000000000e+02,3.367140293121337891e-01,2.453534815901117128e+01,3.500000000000000000e+01
1.480000000000000000e+02,3.403539657592773438e-01,2.453534815901117128e+01,2.900000000000000000e+01
1.490000000000000000e+02,3.440909385681152344e-01,2.453534815901117128e+01,3.600000000000000000e+01
1.500000000000000000e+02,3.447389602661132812e-01,2.453534815901117128e+01,2.900000000000000000e+01
1.510000000000000000e+02,3.454399108886718750e-01,2.453534815901117128e+01,3.600000000000000000e+01
1.520000000000000000e+02,3.467040061950683594e-01,2.453534815901117128e+01,2.900000000000000000e+01
1.530000000000000000e+02,3.476300239562988281e-01,2.453534815901117128e+01,3.600000000000000000e+01
1.540000000000000000e+02,3.482499122619628906e-01,2.453534815901117128e+01,2.900000000000000000e+01
1.550000000000000000e+02,3.559169769287109375e-01,2.453534815901117128e+01,3.700000000000000000e+01
1.560000000000000000e+02,3.567869663238525391e-01,2.453534815901117128e+01,2.900000000000000000e+01
1.570000000000000000e+02,3.574998378753662109e-01,2.453534815901117128e+01,3.700000000000000000e+01
1.580000000000000000e+02,3.596739768981933594e-01,2.453534815901117128e+01,2.900000000000000000e+01
1.590000000000000000e+02,3.653588294982910156e-01,2.453534815901117128e+01,3.800000000000000000e+01
1.600000000000000000e+02,3.727908134460449219e-01,2.453534815901117128e+01,3.000000000000000000e+01
1.610000000000000000e+02,3.810358047485351562e-01,2.453534815901117128e+01,3.900000000000000000e+01
1.620000000000000000e+02,3.894419670104980469e-01,2.453534815901117128e+01,3.100000000000000000e+01
1.630000000000000000e+02,3.947508335113525391e-01,2.453534815901117128e+01,4.000000000000000000e+01
1.640000000000000000e+02,3.958618640899658203e-01,2.453534815901117128e+01,3.100000000000000000e+01
1.650000000000000000e+02,3.969788551330566406e-01,2.453534815901117128e+01,4.000000000000000000e+01
1.660000000000000000e+02,4.006488323211669922e-01,2.453534815901117128e+01,3.200000000000000000e+01
1.670000000000000000e+02,4.016788005828857422e-01,2.453534815901117128e+01,4.000000000000000000e+01
1.680000000000000000e+02,4.109508991241455078e-01,2.453534815901117128e+01,3.300000000000000000e+01
1.690000000000000000e+02,4.120769500732421875e-01,2.453534815901117128e+01,4.000000000000000000e+01
1.700000000000000000e+02,4.164388179779052734e-01,2.453534815901117128e+01,3.400000000000000000e+01
1.710000000000000000e+02,4.268460273742675781e-01,2.453534815901117128e+01,4.100000000000000000e+01
1.720000000000000000e+02,4.279549121856689453e-01,2.453534815901117128e+01,3.400000000000000000e+01
1.730000000000000000e+02,4.294149875640869141e-01,2.453534815901117128e+01,4.100000000000000000e+01
1.740000000000000000e+02,4.339239597320556641e-01,2.453534815901117128e+01,3.500000000000000000e+01
1.750000000000000000e+02,4.354238510131835938e-01,2.453534815901117128e+01,4.100000000000000000e+01
1.760000000000000000e+02,4.368460178375244141e-01,2.453534815901117128e+01,3.500000000000000000e+01
1.770000000000000000e+02,4.465868473052978516e-01,2.453534815901117128e+01,4.200000000000000000e+01
1.780000000000000000e+02,4.494190216064453125e-01,2.453534815901117128e+01,3.600000000000000000e+01
1.790000000000000000e+02,4.507029056549072266e-01,2.453534815901117128e+01,4.200000000000000000e+01
1.800000000000000000e+02,4.516749382019042969e-01,2.453534815901117128e+01,3.600000000000000000e+01
1.810000000000000000e+02,4.526329040527343750e-01,2.453534815901117128e+01,4.200000000000000000e+01
1.820000000000000000e+02,4.562749862670898438e-01,2.453534815901117128e+01,3.700000000000000000e+01
1.830000000000000000e+02,4.681069850921630859e-01,2.453534815901117128e+01,4.300000000000000000e+01
1.840000000000000000e+02,4.689459800720214844e-01,2.453534815901117128e+01,3.700000000000000000e+01
1.850000000000000000e+02,4.733479022979736328e-01,2.453534815901117128e+01,4.400000000000000000e+01
1.860000000000000000e+02,4.779388904571533203e-01,2.453534815901117128e+01,3.800000000000000000e+01
1.870000000000000000e+02,4.812319278717041016e-01,2.453534815901117128e+01,4.500000000000000000e+01
1.880000000000000000e+02,4.896140098571777344e-01,2.453534815901117128e+01,3.900000000000000000e+01
1.890000000000000000e+02,4.922549724578857422e-01,2.453534815901117128e+01,4.500000000000000000e+01
1.900000000000000000e+02,4.934890270233154297e-01,2.453534815901117128e+01,3.900000000000000000e+01
1.910000000000000000e+02,4.943239688873291016e-01,2.453534815901117128e+01,4.500000000000000000e+01
1.920000000000000000e+02,4.998848438262939453e-01,2.453534815901117128e+01,4.000000000000000000e+01
1.930000000000000000e+02,5.008409023284912109e-01,2.453534815901117128e+01,4.500000000000000000e+01
1.940000000000000000e+02,5.016138553619384766e-01,2.453534815901117128e+01,4.000000000000000000e+01
1.950000000000000000e+02,5.026688575744628906e-01,2.453534815901117128e+01,4.500000000000000000e+01
1.960000000000000000e+02,5.036048889160156250e-01,2.453534815901117128e+01,4.000000000000000000e+01
1.970000000000000000e+02,5.134890079498291016e-01,2.453534815901117128e+01,4.600000000000000000e+01
1.980000000000000000e+02,5.231418609619140625e-01,2.453534815901117128e+01,4.100000000000000000e+01
1.990000000000000000e+02,5.249938964843750000e-01,2.453534815901117128e+01,4.600000000000000000e+01
2.000000000000000000e+02,5.259189605712890625e-01,2.453534815901117128e+01,4.100000000000000000e+01
2.010000000000000000e+02,5.266759395599365234e-01,2.453534815901117128e+01,4.600000000000000000e+01
2.020000000000000000e+02,5.274169445037841797e-01,2.453534815901117128e+01,4.100000000000000000e+01
2.030000000000000000e+02,5.333259105682373047e-01,2.453534815901117128e+01,4.700000000000000000e+01
2.040000000000000000e+02,5.343518257141113281e-01,2.453534815901117128e+01,4.100000000000000000e+01
2.050000000000000000e+02,5.372838973999023438e-01,2.453534815901117128e+01,4.800000000000000000e+01
2.060000000000000000e+02,5.385878086090087891e-01,2.453534815901117128e+01,4.100000000000000000e+01
2.070000000000000000e+02,5.518298149108886719e-01,2.453534815901117128e+01,4.900000000000000000e+01
2.080000000000000000e+02,5.611150264739990234e-01,2.453534815901117128e+01,4.200000000000000000e+01
2.090000000000000000e+02,5.620667934417724609e-01,2.453534815901117128e+01,4.900000000000000000e+01
2.100000000000000000e+02,5.635318756103515625e-01,2.453534815901117128e+01,4.200000000000000000e+01
2.110000000000000000e+02,5.706369876861572266e-01,2.453534815901117128e+01,5.000000000000000000e+01
2.120000000000000000e+02,5.715329647064208984e-01,2.453534815901117128e+01,4.200000000000000000e+01
2.130000000000000000e+02,5.724358558654785156e-01,2.453534815901117128e+01,5.000000000000000000e+01
2.140000000000000000e+02,5.735599994659423828e-01,2.453534815901117128e+01,4.200000000000000000e+01
2.150000000000000000e+02,5.878109931945800781e-01,2.453534815901117128e+01,5.100000000000000000e+01
2.160000000000000000e+02,5.886938571929931641e-01,2.453534815901117128e+01,4.200000000000000000e+01
2.170000000000000000e+02,5.898008346557617188e-01,2.453534815901117128e+01,5.100000000000000000e+01
2.180000000000000000e+02,5.935728549957275391e-01,2.453534815901117128e+01,4.300000000000000000e+01
2.190000000000000000e+02,5.943620204925537109e-01,2.453534815901117128e+01,5.100000000000000000e+01
2.200000000000000000e+02,5.955328941345214844e-01,2.453534815901117128e+01,4.300000000000000000e+01
2.210000000000000000e+02,5.970900058746337891e-01,2.453534815901117128e+01,5.100000000000000000e+01
2.220000000000000000e+02,5.983898639678955078e-01,2.453534815901117128e+01,4.300000000000000000e+01
2.230000000000000000e+02,6.043319702148437500e-01,2.453534815901117128e+01,5.200000000000000000e+01
2.240000000000000000e+02,6.049759387969970703e-01,2.453534815901117128e+01,4.300000000000000000e+01
2.250000000000000000e+02,6.147799491882324219e-01,2.453534815901117128e+01,5.300000000000000000e+01
2.260000000000000000e+02,6.159498691558837891e-01,2.453534815901117128e+01,4.300000000000000000e+01
2.270000000000000000e+02,6.168029308319091797e-01,2.453534815901117128e+01,5.300000000000000000e+01
2.280000000000000000e+02,6.251850128173828125e-01,2.453534815901117128e+01,4.400000000000000000e+01
2.290000000000000000e+02,6.267089843750000000e-01,2.453534815901117128e+01,5.300000000000000000e+01
2.300000000000000000e+02,6.274249553680419922e-01,2.453534815901117128e+01,4.400000000000000000e+01
2.310000000000000000e+02,6.285119056701660156e-01,2.453534815901117128e+01,5.300000000000000000e+01
2.320000000000000000e+02,6.348028182983398438e-01,2.453534815901117128e+01,4.500000000000000000e+01
2.330000000000000000e+02,6.361999511718750000e-01,2.453534815901117128e+01,5.300000000000000000e+01
2.340000000000000000e+02,6.398749351501464844e-01,2.453534815901117128e+01,4.600000000000000000e+01
2.350000000000000000e+02,6.535739898681640625e-01,2.453534815901117128e+01,5.400000000000000000e+01
2.360000000000000000e+02,6.543018817901611328e-01,2.453534815901117128e+01,4.600000000000000000e+01
2.370000000000000000e+02,6.621429920196533203e-01,2.453534815901117128e+01,5.500000000000000000e+01
2.380000000000000000e+02,6.635940074920654297e-01,2.453534815901117128e+01,4.600000000000000000e+01
2.390000000000000000e+02,6.644709110260009766e-01,2.453534815901117128e+01,5.500000000000000000e+01
2.400000000000000000e+02,6.653439998626708984e-01,2.453534815901117128e+01,4.600000000000000000e+01
2.410000000000000000e+02,6.661558151245117188e-01,2.453534815901117128e+01,5.500000000000000000e+01
2.420000000000000000e+02,6.669199466705322266e-01,2.453534815901117128e+01,4.600000000000000000e+01
2.430000000000000000e+02,6.680879592895507812e-01,2.453534815901117128e+01,5.500000000000000000e+01
2.440000000000000000e+02,6.689879894256591797e-01,2.453534815901117128e+01,4.600000000000000000e+01
2.450000000000000000e+02,6.697039604187011719e-01,2.453534815901117128e+01,5.500000000000000000e+01
2.460000000000000000e+02,6.703929901123046875e-01,2.453534815901117128e+01,4.600000000000000000e+01
2.470000000000000000e+02,6.791019439697265625e-01,2.453534815901117128e+01,5.600000000000000000e+01
2.480000000000000000e+02,6.801989078521728516e-01,2.453534815901117128e+01,4.600000000000000000e+01
2.490000000000000000e+02,6.814498901367187500e-01,2.453534815901117128e+01,5.600000000000000000e+01
2.500000000000000000e+02,6.891348361968994141e-01,2.453534815901117128e+01,4.700000000000000000e+01
2.510000000000000000e+02,6.898849010467529297e-01,2.453534815901117128e+01,5.600000000000000000e+01
2.520000000000000000e+02,6.994957923889160156e-01,2.453534815901117128e+01,4.800000000000000000e+01
2.530000000000000000e+02,7.008209228515625000e-01,2.453534815901117128e+01,5.600000000000000000e+01
2.540000000000000000e+02,7.019758224487304688e-01,2.453534815901117128e+01,4.800000000000000000e+01
2.550000000000000000e+02,7.050898075103759766e-01,2.453534815901117128e+01,5.700000000000000000e+01
2.560000000000000000e+02,7.062017917633056641e-01,2.453534815901117128e+01,4.800000000000000000e+01
2.570000000000000000e+02,7.091019153594970703e-01,2.453534815901117128e+01,5.800000000000000000e+01
2.580000000000000000e+02,7.156820297241210938e-01,2.453534815901117128e+01,4.900000000000000000e+01
2.590000000000000000e+02,7.244269847869873047e-01,2.453534815901117128e+01,5.900000000000000000e+01
2.600000000000000000e+02,7.258298397064208984e-01,2.453534815901117128e+01,4.900000000000000000e+01
2.610000000000000000e+02,7.270658016204833984e-01,2.453534815901117128e+01,5.900000000000000000e+01
2.620000000000000000e+02,7.277438640594482422e-01,2.453534815901117128e+01,4.900000000000000000e+01
2.630000000000000000e+02,7.285218238830566406e-01,2.453534815901117128e+01,5.900000000000000000e+01
2.640000000000000000e+02,7.295958995819091797e-01,2.453534815901117128e+01,4.900000000000000000e+01
2.650000000000000000e+02,7.352049350738525391e-01,2.453534815901117128e+01,6.000000000000000000e+01
2.660000000000000000e+02,7.361140251159667969e-01,2.453534815901117128e+01,4.900000000000000000e+01
2.670000000000000000e+02,7.404458522796630859e-01,2.453534815901117128e+01,6.100000000000000000e+01
2.680000000000000000e+02,7.506308555603027344e-01,2.453534815901117128e+01,5.000000000000000000e+01
2.690000000000000000e+02,7.541248798370361328e-01,2.453534815901117128e+01,6.200000000000000000e+01
2.700000000000000000e+02,7.647650241851806641e-01,2.453534815901117128e+01,5.100000000000000000e+01
2.710000000000000000e+02,7.661118507385253906e-01,2.453534815901117128e+01,6.200000000000000000e+01
2.720000000000000000e+02,7.669990062713623047e-01,2.453534815901117128e+01,5.100000000000000000e+01
2.730000000000000000e+02,7.678289413452148438e-01,2.453534815901117128e+01,6.200000000000000000e+01
2.740000000000000000e+02,7.685439586639404297e-01,2.453534815901117128e+01,5.100000000000000000e+01
2.750000000000000000e+02,7.693598270416259766e-01,2.453534815901117128e+01,6.200000000000000000e+01
2.760000000000000000e+02,7.709889411926269531e-01,2.453534815901117128e+01,5.100000000000000000e+01
2.770000000000000000e+02,7.725639343261718750e-01,2.453534815901117128e+01,6.200000000000000000e+01
2.780000000000000000e+02,7.738459110260009766e-01,2.453534815901117128e+01,5.100000000000000000e+01
2.790000000000000000e+02,7.753539085388183594e-01,2.453534815901117128e+01,6.200000000000000000e+01
2.800000000000000000e+02,7.895889282226562500e-01,2.453534815901117128e+01,5.200000000000000000e+01
2.810000000000000000e+02,8.039138317108154297e-01,2.453534815901117128e+01,6.300000000000000000e+01
2.820000000000000000e+02,8.047959804534912109e-01,2.453534815901117128e+01,5.200000000000000000e+01
2.830000000000000000e+02,8.062829971313476562e-01,2.453534815901117128e+01,6.300000000000000000e+01
2.840000000000000000e+02,8.070509433746337891e-01,2.453534815901117128e+01,5.200000000000000000e+01
2.850000000000000000e+02,8.084390163421630859e-01,2.453534815901117128e+01,6.300000000000000000e+01
2.860000000000000000e+02,8.092918395996093750e-01,2.453534815901117128e+01,5.200000000000000000e+01
2.870000000000000000e+02,8.109729290008544922e-01,2.453534815901117128e+01,6.300000000000000000e+01
2.880000000000000000e+02,8.136157989501953125e-01,2.453534815901117128e+01,5.300000000000000000e+01
2.890000000000000000e+02,8.149487972259521484e-01,2.453534815901117128e+01,6.300000000000000000e+01
2.900000000000000000e+02,8.158948421478271484e-01,2.453534815901117128e+01,5.300000000000000000e+01
2.910000000000000000e+02,8.171308040618896484e-01,2.453534815901117128e+01,6.300000000000000000e+01
2.920000000000000000e+02,8.190100193023681641e-01,2.453534815901117128e+01,5.300000000000000000e+01
2.930000000000000000e+02,8.201138973236083984e-01,2.453534815901117128e+01,6.300000000000000000e+01
2.940000000000000000e+02,8.210868835449218750e-01,2.453534815901117128e+01,5.300000000000000000e+01
2.950000000000000000e+02,8.219399452209472656e-01,2.453534815901117128e+01,6.300000000000000000e+01
2.960000000000000000e+02,8.227109909057617188e-01,2.453534815901117128e+01,5.300000000000000000e+01
2.970000000000000000e+02,8.238849639892578125e-01,2.453534815901117128e+01,6.300000000000000000e+01
2.980000000000000000e+02,8.270778656005859375e-01,2.453534815901117128e+01,5.300000000000000000e+01
2.990000000000000000e+02,8.327100276947021484e-01,2.453534815901117128e+01,6.400000000000000000e+01
3.000000000000000000e+02,8.336138725280761719e-01,2.453534815901117128e+01,5.300000000000000000e+01
3.010000000000000000e+02,8.495879173278808594e-01,2.453534815901117128e+01,6.500000000000000000e+01
3.020000000000000000e+02,8.634049892425537109e-01,2.453534815901117128e+01,5.400000000000000000e+01
3.030000000000000000e+02,8.648338317871093750e-01,2.453534815901117128e+01,6.500000000000000000e+01
3.040000000000000000e+02,8.657557964324951172e-01,2.453534815901117128e+01,5.400000000000000000e+01
3.050000000000000000e+02,8.673658370971679688e-01,2.453534815901117128e+01,6.500000000000000000e+01
3.060000000000000000e+02,8.681948184967041016e-01,2.453534815901117128e+01,5.400000000000000000e+01
3.070000000000000000e+02,8.806879520416259766e-01,2.453534815901117128e+01,6.600000000000000000e+01
3.080000000000000000e+02,8.964889049530029297e-01,2.453534815901117128e+01,5.500000000000000000e+01
3.090000000000000000e+02,8.983249664306640625e-01,2.453534815901117128e+01,6.600000000000000000e+01
3.100000000000000000e+02,8.992328643798828125e-01,2.453534815901117128e+01,5.500000000000000000e+01
3.110000000000000000e+02,9.020199775695800781e-01,2.453534815901117128e+01,6.700000000000000000e+01
3.120000000000000000e+02,9.028019905090332031e-01,2.453534815901117128e+01,5.500000000000000000e+01
3.130000000000000000e+02,9.035518169403076172e-01,2.453534815901117128e+01,6.700000000000000000e+01
3.140000000000000000e+02,9.048218727111816406e-01,2.453534815901117128e+01,5.500000000000000000e+01
3.150000000000000000e+02,9.062719345092773438e-01,2.453534815901117128e+01,6.700000000000000000e+01
3.160000000000000000e+02,9.070749282836914062e-01,2.453534815901117128e+01,5.500000000000000000e+01
3.170000000000000000e+02,9.084308147430419922e-01,2.453534815901117128e+01,6.700000000000000000e+01
3.180000000000000000e+02,9.092450141906738281e-01,2.453534815901117128e+01,5.500000000000000000e+01
3.190000000000000000e+02,9.165978431701660156e-01,2.453534815901117128e+01,6.800000000000000000e+01
3.200000000000000000e+02,9.323468208312988281e-01,2.453534815901117128e+01,5.600000000000000000e+01
3.210000000000000000e+02,9.341058731079101562e-01,2.453534815901117128e+01,6.800000000000000000e+01
3.220000000000000000e+02,9.352200031280517578e-01,2.453534815901117128e+01,5.600000000000000000e+01
3.230000000000000000e+02,9.369859695434570312e-01,2.453534815901117128e+01,6.800000000000000000e+01
3.240000000000000000e+02,9.378459453582763672e-01,2.453534815901117128e+01,5.600000000000000000e+01
3.250000000000000000e+02,9.422969818115234375e-01,2.453534815901117128e+01,6.900000000000000000e+01
3.260000000000000000e+02,9.485409259796142578e-01,2.453534815901117128e+01,5.700000000000000000e+01
3.270000000000000000e+02,9.494309425354003906e-01,2.453534815901117128e+01,6.900000000000000000e+01
3.280000000000000000e+02,9.511208534240722656e-01,2.453534815901117128e+01,5.700000000000000000e+01
3.290000000000000000e+02,9.525618553161621094e-01,2.453534815901117128e+01,6.900000000000000000e+01
3.300000000000000000e+02,9.535930156707763672e-01,2.453534815901117128e+01,5.700000000000000000e+01
3.310000000000000000e+02,9.549980163574218750e-01,2.453534815901117128e+01,6.900000000000000000e+01
3.320000000000000000e+02,9.557328224182128906e-01,2.453534815901117128e+01,5.700000000000000000e+01
3.330000000000000000e+02,9.568698406219482422e-01,2.453534815901117128e+01,6.900000000000000000e+01
3.340000000000000000e+02,9.587078094482421875e-01,2.453534815901117128e+01,5.700000000000000000e+01
3.350000000000000000e+02,9.604659080505371094e-01,2.453534815901117128e+01,6.900000000000000000e+01
3.360000000000000000e+02,9.614639282226562500e-01,2.453534815901117128e+01,5.700000000000000000e+01
3.370000000000000000e+02,9.642770290374755859e-01,2.453534815901117128e+01,6.900000000000000000e+01
3.380000000000000000e+02,9.754049777984619141e-01,2.453534815901117128e+01,5.800000000000000000e+01
3.390000000000000000e+02,9.921109676361083984e-01,2.453534815901117128e+01,7.000000000000000000e+01
3.400000000000000000e+02,9.936199188232421875e-01,2.453534815901117128e+01,5.800000000000000000e+01
3.410000000000000000e+02,9.948239326477050781e-01,2.453534815901117128e+01,7.000000000000000000e+01
3.420000000000000000e+02,1.013640880584716797e+00,2.453534815901117128e+01,5.900000000000000000e+01
3.430000000000000000e+02,1.014576911926269531e+00,2.453534815901117128e+01,7.000000000000000000e+01
3.440000000000000000e+02,1.016304969787597656e+00,2.453534815901117128e+01,5.900000000000000000e+01
3.450000000000000000e+02,1.017714023590087891e+00,2.453534815901117128e+01,7.000000000000000000e+01
3.460000000000000000e+02,1.035743951797485352e+00,2.453534815901117128e+01,6.000000000000000000e+01
3.470000000000000000e+02,1.036887884140014648e+00,2.453534815901117128e+01,7.000000000000000000e+01
3.480000000000000000e+02,1.038007020950317383e+00,2.453534815901117128e+01,6.000000000000000000e+01
3.490000000000000000e+02,1.039253950119018555e+00,2.453534815901117128e+01,7.000000000000000000e+01
3.500000000000000000e+02,1.045954942703247070e+00,2.453534815901117128e+01,6.100000000000000000e+01
3.510000000000000000e+02,1.046849966049194336e+00,2.453534815901117128e+01,7.000000000000000000e+01
3.520000000000000000e+02,1.053057909011840820e+00,2.453534815901117128e+01,6.200000000000000000e+01
3.530000000000000000e+02,1.054838895797729492e+00,2.453534815901117128e+01,7.000000000000000000e+01
3.540000000000000000e+02,1.056392908096313477e+00,2.453534815901117128e+01,6.200000000000000000e+01
3.550000000000000000e+02,1.067184925079345703e+00,2.453534815901117128e+01,7.100000000000000000e+01
3.560000000000000000e+02,1.067950963973999023e+00,2.453534815901117128e+01,6.200000000000000000e+01
3.570000000000000000e+02,1.087831020355224609e+00,2.453534815901117128e+01,7.200000000000000000e+01
3.580000000000000000e+02,1.089315891265869141e+00,2.453534815901117128e+01,6.200000000000000000e+01
3.590000000000000000e+02,1.096622943878173828e+00,2.453534815901117128e+01,7.300000000000000000e+01
3.600000000000000000e+02,1.098318815231323242e+00,2.453534815901117128e+01,6.200000000000000000e+01
3.610000000000000000e+02,1.109257936477661133e+00,2.453534815901117128e+01,7.400000000000000000e+01
3.620000000000000000e+02,1.110355854034423828e+00,2.453534815901117128e+01,6.200000000000000000e+01
3.630000000000000000e+02,1.111883878707885742e+00,2.453534815901117128e+01,7.400000000000000000e+01
3.640000000000000000e+02,1.113183021545410156e+00,2.453534815901117128e+01,6.200000000000000000e+01
3.650000000000000000e+02,1.119781017303466797e+00,2.453534815901117128e+01,7.500000000000000000e+01
3.660000000000000000e+02,1.121617794036865234e+00,2.453534815901117128e+01,6.200000000000000000e+01
3.670000000000000000e+02,1.134677886962890625e+00,2.453534815901117128e+01,7.600000000000000000e+01
3.680000000000000000e+02,1.135887861251831055e+00,2.453534815901117128e+01,6.200000000000000000e+01
3.690000000000000000e+02,1.137261867523193359e+00,2.453534815901117128e+01,7.600000000000000000e+01
3.700000000000000000e+02,1.138316869735717773e+00,2.453534815901117128e+01,6.200000000000000000e+01
3.710000000000000000e+02,1.139993906021118164e+00,2.453534815901117128e+01,7.600000000000000000e+01
3.720000000000000000e+02,1.140877008438110352e+00,2.453534815901117128e+01,6.200000000000000000e+01
3.730000000000000000e+02,1.142445802688598633e+00,2.453534815901117128e+01,7.600000000000000000e+01
3.740000000000000000e+02,1.143773794174194336e+00,2.453534815901117128e+01,6.200000000000000000e+01
3.750000000000000000e+02,1.145414829254150391e+00,2.453534815901117128e+01,7.600000000000000000e+01
3.760000000000000000e+02,1.147050857543945312e+00,2.453534815901117128e+01,6.200000000000000000e+01
3.770000000000000000e+02,1.148595809936523438e+00,2.453534815901117128e+01,7.600000000000000000e+01
3.780000000000000000e+02,1.150928020477294922e+00,2.453534815901117128e+01,6.200000000000000000e+01
3.790000000000000000e+02,1.152138948440551758e+00,2.453534815901117128e+01,7.600000000000000000e+01
3.800000000000000000e+02,1.153538942337036133e+00,2.453534815901117128e+01,6.200000000000000000e+01
3.810000000000000000e+02,1.155068874359130859e+00,2.453534815901117128e+01,7.600000000000000000e+01
3.820000000000000000e+02,1.166309833526611328e+00,2.453534815901117128e+01,6.300000000000000000e+01
3.830000000000000000e+02,1.167191028594970703e+00,2.453534815901117128e+01,7.600000000000000000e+01
3.840000000000000000e+02,1.172669887542724609e+00,2.453534815901117128e+01,6.400000000000000000e+01
3.850000000000000000e+02,1.183408021926879883e+00,2.453534815901117128e+01,7.700000000000000000e+01
3.860000000000000000e+02,1.184700965881347656e+00,2.453534815901117128e+01,6.400000000000000000e+01
3.870000000000000000e+02,1.204404830932617188e+00,2.453534815901117128e+01,7.800000000000000000e+01
3.880000000000000000e+02,1.205436944961547852e+00,2.453534815901117128e+01,6.400000000000000000e+01
3.890000000000000000e+02,1.206728935241699219e+00,2.453534815901117128e+01,7.800000000000000000e+01
3.900000000000000000e+02,1.207695960998535156e+00,2.453534815901117128e+01,6.400000000000000000e+01
3.910000000000000000e+02,1.224179029464721680e+00,2.453534815901117128e+01,7.900000000000000000e+01
3.920000000000000000e+02,1.225160837173461914e+00,2.453534815901117128e+01,6.400000000000000000e+01
3.930000000000000000e+02,1.226281881332397461e+00,2.453534815901117128e+01,7.900000000000000000e+01
3.940000000000000000e+02,1.227036952972412109e+00,2.453534815901117128e+01,6.400000000000000000e+01
3.950000000000000000e+02,1.228902816772460938e+00,2.453534815901117128e+01,7.900000000000000000e+01
3.960000000000000000e+02,1.241904020309448242e+00,2.453534815901117128e+01,6.500000000000000000e+01
3.970000000000000000e+02,1.243810892105102539e+00,2.453534815901117128e+01,7.900000000000000000e+01
3.980000000000000000e+02,1.245440959930419922e+00,2.453534815901117128e+01,6.500000000000000000e+01
3.990000000000000000e+02,1.265080928802490234e+00,2.453534815901117128e+01,8.000000000000000000e+01
4.000000000000000000e+02,1.266541004180908203e+00,2.453534815901117128e+01,6.500000000000000000e+01
4.010000000000000000e+02,1.277987957000732422e+00,2.453534815901117128e+01,8.100000000000000000e+01
4.020000000000000000e+02,1.279448986053466797e+00,2.453534815901117128e+01,6.500000000000000000e+01
4.030000000000000000e+02,1.281390905380249023e+00,2.453534815901117128e+01,8.100000000000000000e+01
4.040000000000000000e+02,1.283020973205566406e+00,2.453534815901117128e+01,6.500000000000000000e+01
4.050000000000000000e+02,1.284655809402465820e+00,2.453534815901117128e+01,8.100000000000000000e+01
4.060000000000000000e+02,1.285671949386596680e+00,2.453534815901117128e+01,6.500000000000000000e+01
4.070000000000000000e+02,1.288777828216552734e+00,2.453534815901117128e+01,8.200000000000000000e+01
4.080000000000000000e+02,1.290246963500976562e+00,2.453534815901117128e+01,6.500000000000000000e+01
4.090000000000000000e+02,1.291170835494995117e+00,2.453534815901117128e+01,8.200000000000000000e+01
4.100000000000000000e+02,1.292148828506469727e+00,2.453534815901117128e+01,6.500000000000000000e+01
4.110000000000000000e+02,1.293766021728515625e+00,2.453534815901117128e+01,8.200000000000000000e+01
4.120000000000000000e+02,1.294843912124633789e+00,2.453534815901117128e+01,6.500000000000000000e+01
4.130000000000000000e+02,1.296613931655883789e+00,2.453534815901117128e+01,8.200000000000000000e+01
4.140000000000000000e+02,1.299357891082763672e+00,2.453534815901117128e+01,6.500000000000000000e+01
4.150000000000000000e+02,1.313984870910644531e+00,2.453534815901117128e+01,8.300000000000000000e+01
4.160000000000000000e+02,1.327696800231933594e+00,2.453534815901117128e+01,6.600000000000000000e+01
4.170000000000000000e+02,1.329314947128295898e+00,2.453534815901117128e+01,8.300000000000000000e+01
4.180000000000000000e+02,1.330261945724487305e+00,2.453534815901117128e+01,6.600000000000000000e+01
4.190000000000000000e+02,1.337675809860229492e+00,2.453534815901117128e+01,8.400000000000000000e+01
4.200000000000000000e+02,1.338537931442260742e+00,2.453534815901117128e+01,6.600000000000000000e+01
4.210000000000000000e+02,1.339464902877807617e+00,2.453534815901117128e+01,8.400000000000000000e+01
4.220000000000000000e+02,1.340845823287963867e+00,2.453534815901117128e+01,6.600000000000000000e+01
4.230000000000000000e+02,1.341957807540893555e+00,2.453534815901117128e+01,8.400000000000000000e+01
4.240000000000000000e+02,1.344990968704223633e+00,2.453534815901117128e+01,6.600000000000000000e+01
4.250000000000000000e+02,1.360561847686767578e+00,2.453534815901117128e+01,8.500000000000000000e+01
4.260000000000000000e+02,1.366403818130493164e+00,2.453534815901117128e+01,6.700000000000000000e+01
4.270000000000000000e+02,1.372646808624267578e+00,2.453534815901117128e+01,8.600000000000000000e+01
4.280000000000000000e+02,1.373739004135131836e+00,2.453534815901117128e+01,6.700000000000000000e+01
4.290000000000000000e+02,1.374945878982543945e+00,2.453534815901117128e+01,8.600000000000000000e+01
4.300000000000000000e+02,1.389189958572387695e+00,2.453534815901117128e+01,6.800000000000000000e+01
4.310000000000000000e+02,1.390167951583862305e+00,2.453534815901117128e+01,8.600000000000000000e+01
4.320000000000000000e+02,1.392628908157348633e+00,2.453534815901117128e+01,6.800000000000000000e+01
4.330000000000000000e+02,1.400367975234985352e+00,2.453534815901117128e+01,8.700000000000000000e+01
4.340000000000000000e+02,1.409618854522705078e+00,2.453534815901117128e+01,6.900000000000000000e+01
4.350000000000000000e+02,1.410743951797485352e+00,2.453534815901117128e+01,8.700000000000000000e+01
4.360000000000000000e+02,1.416160821914672852e+00,2.453534815901117128e+01,7.000000000000000000e+01
4.370000000000000000e+02,1.417356014251708984e+00,2.453534815901117128e+01,8.700000000000000000e+01
4.380000000000000000e+02,1.419359922409057617e+00,2.453534815901117128e+01,7.000000000000000000e+01
4.390000000000000000e+02,1.421778917312622070e+00,2.453534815901117128e+01,8.700000000000000000e+01
4.400000000000000000e+02,1.422685861587524414e+00,2.453534815901117128e+01,7.000000000000000000e+01
4.410000000000000000e+02,1.443497896194458008e+00,2.453534815901117128e+01,8.800000000000000000e+01
4.420000000000000000e+02,1.444471836090087891e+00,2.453534815901117128e+01,7.000000000000000000e+01
4.430000000000000000e+02,1.449059009552001953e+00,2.453534815901117128e+01,8.900000000000000000e+01
4.440000000000000000e+02,1.451010942459106445e+00,2.453534815901117128e+01,7.000000000000000000e+01
4.450000000000000000e+02,1.472520828247070312e+00,2.453534815901117128e+01,9.000000000000000000e+01
4.460000000000000000e+02,1.474115848541259766e+00,2.453534815901117128e+01,7.000000000000000000e+01
4.470000000000000000e+02,1.475435018539428711e+00,2.453534815901117128e+01,9.000000000000000000e+01
4.480000000000000000e+02,1.476907014846801758e+00,2.453534815901117128e+01,7.000000000000000000e+01
4.490000000000000000e+02,1.478670835494995117e+00,2.453534815901117128e+01,9.000000000000000000e+01
4.500000000000000000e+02,1.480211019515991211e+00,2.453534815901117128e+01,7.000000000000000000e+01
4.510000000000000000e+02,1.481103897094726562e+00,2.453534815901117128e+01,9.000000000000000000e+01
4.520000000000000000e+02,1.482604980468750000e+00,2.453534815901117128e+01,7.000000000000000000e+01
4.530000000000000000e+02,1.487287998199462891e+00,2.453534815901117128e+01,9.100000000000000000e+01
4.540000000000000000e+02,1.489001989364624023e+00,2.453534815901117128e+01,7.000000000000000000e+01
4.550000000000000000e+02,1.515525817871093750e+00,2.453534815901117128e+01,9.200000000000000000e+01
4.560000000000000000e+02,1.522294998168945312e+00,2.441486665957629043e+01,7.100000000000000000e+01
4.570000000000000000e+02,1.523459911346435547e+00,2.441486665957629043e+01,8.200000000000000000e+01
4.580000000000000000e+02,1.524437904357910156e+00,2.441486665957629043e+01,6.900000000000000000e+01
4.590000000000000000e+02,1.526049852371215820e+00,2.441486665957629043e+01,8.200000000000000000e+01
4.600000000000000000e+02,1.527509927749633789e+00,2.441486665957629043e+01,6.900000000000000000e+01
4.610000000000000000e+02,1.528595924377441406e+00,2.441486665957629043e+01,8.200000000000000000e+01
4.620000000000000000e+02,1.542420864105224609e+00,2.441486665957629043e+01,7.000000000000000000e+01
4.630000000000000000e+02,1.544608831405639648e+00,2.441486665957629043e+01,8.200000000000000000e+01
4.640000000000000000e+02,1.546123027801513672e+00,2.441486665957629043e+01,7.000000000000000000e+01
4.650000000000000000e+02,1.548032999038696289e+00,2.441486665957629043e+01,8.200000000000000000e+01
4.660000000000000000e+02,1.569646835327148438e+00,2.441486665957629043e+01,7.100000000000000000e+01
4.670000000000000000e+02,1.570777893066406250e+00,2.441486665957629043e+01,8.200000000000000000e+01
4.680000000000000000e+02,1.573251962661743164e+00,2.441486665957629043e+01,7.100000000000000000e+01
4.690000000000000000e+02,1.575188875198364258e+00,2.441486665957629043e+01,8.200000000000000000e+01
4.700000000000000000e+02,1.576655864715576172e+00,2.441486665957629043e+01,7.100000000000000000e+01
4.710000000000000000e+02,1.577661991119384766e+00,2.441486665957629043e+01,8.200000000000000000e+01
4.720000000000000000e+02,1.578761816024780273e+00,2.441486665957629043e+01,7.100000000000000000e+01
4.730000000000000000e+02,1.593822956085205078e+00,2.441486665957629043e+01,8.300000000000000000e+01
4.740000000000000000e+02,1.607352972030639648e+00,2.441486665957629043e+01,7.200000000000000000e+01
4.750000000000000000e+02,1.608302831649780273e+00,2.441486665957629043e+01,8.300000000000000000e+01
4.760000000000000000e+02,1.613186836242675781e+00,2.441486665957629043e+01,7.300000000000000000e+01
4.770000000000000000e+02,1.614961862564086914e+00,2.441486665957629043e+01,8.300000000000000000e+01
4.780000000000000000e+02,1.618630886077880859e+00,2.441486665957629043e+01,7.400000000000000000e+01
4.790000000000000000e+02,1.620277881622314453e+00,2.441486665957629043e+01,8.300000000000000000e+01
4.800000000000000000e+02,1.621142864227294922e+00,2.441486665957629043e+01,7.400000000000000000e+01
4.810000000000000000e+02,1.631790876388549805e+00,2.441486665957629043e+01,8.400000000000000000e+01
4.820000000000000000e+02,1.632761001586914062e+00,2.441486665957629043e+01,7.400000000000000000e+01
4.830000000000000000e+02,1.633589982986450195e+00,2.441486665957629043e+01,8.400000000000000000e+01
4.840000000000000000e+02,1.634406805038452148e+00,2.441486665957629043e+01,7.400000000000000000e+01
4.850000000000000000e+02,1.639412879943847656e+00,2.441486665957629043e+01,8.500000000000000000e+01
4.860000000000000000e+02,1.641269922256469727e+00,2.441486665957629043e+01,7.400000000000000000e+01
4.870000000000000000e+02,1.651815891265869141e+00,2.441486665957629043e+01,8.600000000000000000e+01
4.880000000000000000e+02,1.653110980987548828e+00,2.441486665957629043e+01,7.400000000000000000e+01
4.890000000000000000e+02,1.654964923858642578e+00,2.441486665957629043e+01,8.600000000000000000e+01
4.900000000000000000e+02,1.656440973281860352e+00,2.441486665957629043e+01,7.400000000000000000e+01
4.910000000000000000e+02,1.657478809356689453e+00,2.441486665957629043e+01,8.600000000000000000e+01
4.920000000000000000e+02,1.658357858657836914e+00,2.441486665957629043e+01,7.400000000000000000e+01
4.930000000000000000e+02,1.659235954284667969e+00,2.441486665957629043e+01,8.600000000000000000e+01
4.940000000000000000e+02,1.660051822662353516e+00,2.441486665957629043e+01,7.400000000000000000e+01
4.950000000000000000e+02,1.660989999771118164e+00,2.441486665957629043e+01,8.600000000000000000e+01
4.960000000000000000e+02,1.662029981613159180e+00,2.441486665957629043e+01,7.400000000000000000e+01
4.970000000000000000e+02,1.662930011749267578e+00,2.441486665957629043e+01,8.600000000000000000e+01
4.980000000000000000e+02,1.664038896560668945e+00,2.441486665957629043e+01,7.400000000000000000e+01
4.990000000000000000e+02,1.665437936782836914e+00,2.441486665957629043e+01,8.600000000000000000e+01
