0.000000000000000000e+00,9.899139404296875000e-04,0.000000000000000000e+00,1.000000000000000000e+00
1.000000000000000000e+00,3.326892852783203125e-03,0.000000000000000000e+00,2.000000000000000000e+00
2.000000000000000000e+00,4.234075546264648438e-03,0.000000000000000000e+00,1.000000000000000000e+00
3.000000000000000000e+00,6.798982620239257812e-03,0.000000000000000000e+00,3.000000000000000000e+00
4.000000000000000000e+00,7.708072662353515625e-03,0.000000000000000000e+00,1.000000000000000000e+00
5.000000000000000000e+00,1.045608520507812500e-02,0.000000000000000000e+00,4.000000000000000000e+00
6.000000000000000000e+00,1.363301277160644531e-02,0.000000000000000000e+00,2.000000000000000000e+00
7.000000000000000000e+00,1.643204689025878906e-02,0.000000000000000000e+00,5.000000000000000000e+00
8.000000000000000000e+00,1.888298988342285156e-02,0.000000000000000000e+00,3.000000000000000000e+00
9.000000000000000000e+00,2.173495292663574219e-02,0.000000000000000000e+00,6.000000000000000000e+00
1.000000000000000000e+01,2.466893196105957031e-02,0.000000000000000000e+00,4.000000000000000000e+00
1.100000000000000000e+01,2.750897407531738281e-02,0.000000000000000000e+00,7.000000000000000000e+00
1.200000000000000000e+01,2.999496459960937500e-02,0.000000000000000000e+00,5.000000000000000000e+00
1.300000000000000000e+01,3.324890136718750000e-02,0.000000000000000000e+00,8.000000000000000000e+00
1.400000000000000000e+01,3.692102432250976562e-02,0.000000000000000000e+00,6.000000000000000000e+00
1.500000000000000000e+01,4.009103775024414062e-02,2.930401839529093877e+01,9.000000000000000000e+00
1.600000000000000000e+01,4.227995872497558594e-02,2.930401839529093877e+01,4.000000000000000000e+00
1.700000000000000000e+01,4.457688331604003906e-02,2.930401839529093877e+01,8.000000000000000000e+00
1.800000000000000000e+01,4.521799087524414062e-02,2.930401839529093877e+01,4.000000000000000000e+00
1.900000000000000000e+01,4.812097549438476562e-02,2.930401839529093877e+01,9.000000000000000000e+00
2.000000000000000000e+01,5.052208900451660156e-02,2.930401839529093877e+01,5.000000000000000000e+00
2.100000000000000000e+01,5.120992660522460938e-02,2.930401839529093877e+01,9.000000000000000000e+00
2.200000000000000000e+01,5.353188514709472656e-02,2.930401839529093877e+01,6.000000000000000000e+00
2.300000000000000000e+01,5.519294738769531250e-02,2.930401839529093877e+01,1.000000000000000000e+01
2.400000000000000000e+01,5.767703056335449219e-02,2.930401839529093877e+01,7.000000000000000000e+00
2.500000000000000000e+01,6.188607215881347656e-02,2.930401839529093877e+01,1.100000000000000000e+01
2.600000000000000000e+01,6.461501121520996094e-02,2.930401839529093877e+01,8.000000000000000000e+00
2.700000000000000000e+01,6.689190864562988281e-02,2.930401839529093877e+01,1.200000000000000000e+01
2.800000000000000000e+01,6.777405738830566406e-02,2.930401839529093877e+01,8.000000000000000000e+00
2.900000000000000000e+01,7.166695594787597656e-02,2.930401839529093877e+01,1.300000000000000000e+01
3.000000000000000000e+01,7.385301589965820312e-02,2.930401839529093877e+01,9.000000000000000000e+00
3.100000000000000000e+01,7.605409622192382812e-02,2.767736305249554363e+01,1.400000000000000000e+01
3.200000000000000000e+01,7.807803153991699219e-02,2.767736305249554363e+01,9.000000000000000000e+00
3.300000000000000000e+01,7.875895500183105469e-02,2.767736305249554363e+01,9.000000000000000000e+00
3.400000000000000000e+01,7.943296432495117188e-02,2.767736305249554363e+01,9.000000000000000000e+00
3.500000000000000000e+01,8.310198783874511719e-02,2.767736305249554363e+01,1.000000000000000000e+01
3.600000000000000000e+01,8.521389961242675781e-02,2.767736305249554363e+01,1.000000000000000000e+01
3.700000000000000000e+01,8.711600303649902344e-02,2.767736305249554363e+01,1.100000000000000000e+01
3.800000000000000000e+01,8.765101432800292969e-02,2.767736305249554363e+01,1.000000000000000000e+01
3.900000000000000000e+01,8.818602561950683594e-02,2.767736305249554363e+01,1.100000000000000000e+01
4.000000000000000000e+01,9.024000167846679688e-02,2.767736305249554363e+01,1.100000000000000000e+01
4.100000000000000000e+01,9.075307846069335938e-02,2.767736305249554363e+01,1.100000000000000000e+01
4.200000000000000000e+01,9.155797958374023438e-02,2.767736305249554363e+01,1.100000000000000000e+01
4.300000000000000000e+01,9.236502647399902344e-02,2.767736305249554363e+01,1.100000000000000000e+01
4.400000000000000000e+01,9.305500984191894531e-02,2.767736305249554363e+01,1.100000000000000000e+01
4.500000000000000000e+01,9.595489501953125000e-02,2.767736305249554363e+01,1.200000000000000000e+01
4.600000000000000000e+01,9.775304794311523438e-02,2.767736305249554363e+01,1.200000000000000000e+01
4.700000000000000000e+01,1.001489162445068359e-01,2.767736305249554363e+01,1.300000000000000000e+01
4.800000000000000000e+01,1.039628982543945312e-01,2.767736305249554363e+01,1.300000000000000000e+01
4.900000000000000000e+01,1.045448780059814453e-01,2.767736305249554363e+01,1.300000000000000000e+01
5.000000000000000000e+01,1.064150333404541016e-01,2.757901232574616301e+01,1.400000000000000000e+01
5.100000000000000000e+01,1.090390682220458984e-01,2.757901232574616301e+01,1.300000000000000000e+01
5.200000000000000000e+01,1.115810871124267578e-01,2.757901232574616301e+01,1.500000000000000000e+01
5.300000000000000000e+01,1.138219833374023438e-01,2.757901232574616301e+01,1.400000000000000000e+01
5.400000000000000000e+01,1.146259307861328125e-01,2.757901232574616301e+01,1.500000000000000000e+01
5.500000000000000000e+01,1.152548789978027344e-01,2.757901232574616301e+01,1.400000000000000000e+01
5.600000000000000000e+01,1.161699295043945312e-01,2.757901232574616301e+01,1.500000000000000000e+01
5.700000000000000000e+01,1.167669296264648438e-01,2.757901232574616301e+01,1.400000000000000000e+01
5.800000000000000000e+01,1.176600456237792969e-01,2.757901232574616301e+01,1.500000000000000000e+01
5.900000000000000000e+01,1.186470985412597656e-01,2.757901232574616301e+01,1.400000000000000000e+01
6.000000000000000000e+01,1.220510005950927734e-01,2.757901232574616301e+01,1.600000000000000000e+01
6.100000000000000000e+01,1.226439476013183594e-01,2.757901232574616301e+01,1.400000000000000000e+01
6.200000000000000000e+01,1.233298778533935547e-01,2.757901232574616301e+01,1.600000000000000000e+01
6.300000000000000000e+01,1.253240108489990234e-01,2.757901232574616301e+01,1.500000000000000000e+01
6.400000000000000000e+01,1.300189495086669922e-01,2.757901232574616301e+01,1.700000000000000000e+01
6.500000000000000000e+01,1.306109428405761719e-01,2.757901232574616301e+01,1.500000000000000000e+01
6.600000000000000000e+01,1.312839984893798828e-01,2.757901232574616301e+01,1.700000000000000000e+01
6.700000000000000000e+01,1.343560218811035156e-01,2.757901232574616301e+01,1.600000000000000000e+01
6.800000000000000000e+01,1.373000144958496094e-01,2.757901232574616301e+01,1.800000000000000000e+01
6.900000000000000000e+01,1.377909183502197266e-01,2.757901232574616301e+01,1.600000000000000000e+01
7.000000000000000000e+01,1.396169662475585938e-01,2.757901232574616301e+01,1.900000000000000000e+01
7.100000000000000000e+01,1.430890560150146484e-01,2.757901232574616301e+01,1.700000000000000000e+01
7.200000000000000000e+01,1.452870368957519531e-01,2.757901232574616301e+01,2.000000000000000000e+01
7.300000000000000000e+01,1.458179950714111328e-01,2.757901232574616301e+01,1.700000000000000000e+01
7.400000000000000000e+01,1.501159667968750000e-01,2.757901232574616301e+01,2.100000000000000000e+01
7.500000000000000000e+01,1.532480716705322266e-01,2.757901232574616301e+01,1.800000000000000000e+01
7.600000000000000000e+01,1.542110443115234375e-01,2.757901232574616301e+01,2.100000000000000000e+01
7.700000000000000000e+01,1.550080776214599609e-01,2.757901232574616301e+01,1.800000000000000000e+01
7.800000000000000000e+01,1.559290885925292969e-01,2.757901232574616301e+01,2.100000000000000000e+01
7.900000000000000000e+01,1.583631038665771484e-01,2.757901232574616301e+01,1.900000000000000000e+01
8.000000000000000000e+01,1.611289978027343750e-01,2.757901232574616301e+01,2.200000000000000000e+01
8.100000000000000000e+01,1.636519432067871094e-01,2.757901232574616301e+01,2.000000000000000000e+01
8.200000000000000000e+01,1.655979156494140625e-01,2.757901232574616301e+01,2.300000000000000000e+01
8.300000000000000000e+01,1.694300174713134766e-01,2.757901232574616301e+01,2.100000000000000000e+01
8.400000000000000000e+01,1.703939437866210938e-01,2.757901232574616301e+01,2.300000000000000000e+01
8.500000000000000000e+01,1.722590923309326172e-01,2.757901232574616301e+01,2.200000000000000000e+01
8.600000000000000000e+01,1.786329746246337891e-01,2.757901232574616301e+01,2.400000000000000000e+01
8.700000000000000000e+01,1.813869476318359375e-01,2.757901232574616301e+01,2.300000000000000000e+01
8.800000000000000000e+01,1.849029064178466797e-01,2.757901232574616301e+01,2.500000000000000000e+01
8.900000000000000000e+01,1.868519783020019531e-01,2.757901232574616301e+01,2.400000000000000000e+01
9.000000000000000000e+01,1.890740394592285156e-01,2.757901232574616301e+01,2.600000000000000000e+01
9.100000000000000000e+01,1.926000118255615234e-01,2.757901232574616301e+01,2.500000000000000000e+01
9.200000000000000000e+01,1.933209896087646484e-01,2.757901232574616301e+01,2.600000000000000000e+01
9.300000000000000000e+01,1.941781044006347656e-01,2.757901232574616301e+01,2.500000000000000000e+01
9.400000000000000000e+01,1.961710453033447266e-01,2.757901232574616301e+01,2.700000000000000000e+01
9.500000000000000000e+01,2.006659507751464844e-01,2.757901232574616301e+01,2.600000000000000000e+01
9.600000000000000000e+01,2.013731002807617188e-01,2.757901232574616301e+01,2.700000000000000000e+01
9.700000000000000000e+01,2.059140205383300781e-01,2.757901232574616301e+01,2.700000000000000000e+01
9.800000000000000000e+01,2.079489231109619141e-01,2.737226428208706608e+01,2.800000000000000000e+01
9.900000000000000000e+01,2.092740535736083984e-01,2.737226428208706608e+01,2.400000000000000000e+01
1.000000000000000000e+02,2.103209495544433594e-01,2.737226428208706608e+01,2.600000000000000000e+01
1.010000000000000000e+02,2.136440277099609375e-01,2.737226428208706608e+01,2.500000000000000000e+01
1.020000000000000000e+02,2.186958789825439453e-01,2.737226428208706608e+01,2.700000000000000000e+01
1.030000000000000000e+02,2.193369865417480469e-01,2.737226428208706608e+01,2.500000000000000000e+01
1.040000000000000000e+02,2.201199531555175781e-01,2.737226428208706608e+01,2.700000000000000000e+01
1.050000000000000000e+02,2.224340438842773438e-01,2.737226428208706608e+01,2.600000000000000000e+01
1.060000000000000000e+02,2.232511043548583984e-01,2.737226428208706608e+01,2.700000000000000000e+01
1.070000000000000000e+02,2.274649143218994141e-01,2.737226428208706608e+01,2.700000000000000000e+01
1.080000000000000000e+02,2.286159992218017578e-01,2.737226428208706608e+01,2.700000000000000000e+01
1.090000000000000000e+02,2.316529750823974609e-01,2.737226428208706608e+01,2.800000000000000000e+01
1.100000000000000000e+02,2.326231002807617188e-01,2.737226428208706608e+01,2.700000000000000000e+01
1.110000000000000000e+02,2.333779335021972656e-01,2.737226428208706608e+01,2.800000000000000000e+01
1.120000000000000000e+02,2.341840267181396484e-01,2.737226428208706608e+01,2.700000000000000000e+01
1.130000000000000000e+02,2.406220436096191406e-01,2.737226428208706608e+01,2.900000000000000000e+01
1.140000000000000000e+02,2.414319515228271484e-01,2.737226428208706608e+01,2.700000000000000000e+01
1.150000000000000000e+02,2.510879039764404297e-01,2.737226428208706608e+01,3.000000000000000000e+01
1.160000000000000000e+02,2.521629333496093750e-01,2.737226428208706608e+01,2.700000000000000000e+01
1.170000000000000000e+02,2.548840045928955078e-01,2.737226428208706608e+01,3.100000000000000000e+01
1.180000000000000000e+02,2.589609622955322266e-01,2.737226428208706608e+01,2.800000000000000000e+01
1.190000000000000000e+02,2.596230506896972656e-01,2.737226428208706608e+01,3.100000000000000000e+01
1.200000000000000000e+02,2.605459690093994141e-01,2.737226428208706608e+01,2.800000000000000000e+01
1.210000000000000000e+02,2.611789703369140625e-01,2.737226428208706608e+01,3.100000000000000000e+01
1.220000000000000000e+02,2.618439197540283203e-01,2.737226428208706608e+01,2.800000000000000000e+01
1.230000000000000000e+02,2.629840373992919922e-01,2.737226428208706608e+01,3.100000000000000000e+01
1.240000000000000000e+02,2.677600383758544922e-01,2.737226428208706608e+01,2.900000000000000000e+01
1.250000000000000000e+02,2.708420753479003906e-01,2.737226428208706608e+01,3.200000000000000000e+01
1.260000000000000000e+02,2.716739177703857422e-01,2.737226428208706608e+01,2.900000000000000000e+01
1.270000000000000000e+02,2.723510265350341797e-01,2.737226428208706608e+01,3.200000000000000000e+01
1.280000000000000000e+02,2.792510986328125000e-01,2.737226428208706608e+01,3.000000000000000000e+01
1.290000000000000000e+02,2.854518890380859375e-01,2.737226428208706608e+01,3.300000000000000000e+01
1.300000000000000000e+02,2.883338928222656250e-01,2.737226428208706608e+01,3.100000000000000000e+01
1.310000000000000000e+02,2.913959026336669922e-01,2.737226428208706608e+01,3.400000000000000000e+01
1.320000000000000000e+02,2.990510463714599609e-01,2.737226428208706608e+01,3.200000000000000000e+01
1.330000000000000000e+02,3.025920391082763672e-01,2.737226428208706608e+01,3.500000000000000000e+01
1.340000000000000000e+02,3.092060089111328125e-01,2.737226428208706608e+01,3.300000000000000000e+01
1.350000000000000000e+02,3.102879524230957031e-01,2.737226428208706608e+01,3.500000000000000000e+01
1.360000000000000000e+02,3.110980987548828125e-01,2.737226428208706608e+01,3.300000000000000000e+01
1.370000000000000000e+02,3.152511119842529297e-01,2.737226428208706608e+01,3.600000000000000000e+01
1.380000000000000000e+02,3.273649215698242188e-01,2.737226428208706608e+01,3.400000000000000000e+01
1.390000000000000000e+02,3.296720981597900391e-01,2.737226428208706608e+01,3.700000000000000000e+01
1.400000000000000000e+02,3.306589126586914062e-01,2.737226428208706608e+01,3.400000000000000000e+01
1.410000000000000000e+02,3.392748832702636719e-01,2.737226428208706608e+01,3.800000000000000000e+01
1.420000000000000000e+02,3.401839733123779297e-01,2.737226428208706608e+01,3.400000000000000000e+01
1.430000000000000000e+02,3.444080352783203125e-01,2.737226428208706608e+01,3.900000000000000000e+01
1.440000000000000000e+02,3.451929092407226562e-01,2.737226428208706608e+01,3.400000000000000000e+01
1.450000000000000000e+02,3.479740619659423828e-01,2.737226428208706608e+01,4.000000000000000000e+01
1.460000000000000000e+02,3.490591049194335938e-01,2.737226428208706608e+01,3.400000000000000000e+01
1.470000000000000000e+02,3.540420532226562500e-01,2.737226428208706608e+01,4.100000000000000000e+01
1.480000000000000000e+02,3.551020622253417969e-01,2.737226428208706608e+01,3.400000000000000000e+01
1.490000000000000000e+02,3.560409545898437500e-01,2.737226428208706608e+01,4.100000000000000000e+01
1.500000000000000000e+02,3.571140766143798828e-01,2.737226428208706608e+01,3.400000000000000000e+01
1.510000000000000000e+02,3.578300476074218750e-01,2.737226428208706608e+01,4.100000000000000000e+01
1.520000000000000000e+02,3.588728904724121094e-01,2.737226428208706608e+01,3.400000000000000000e+01
1.530000000000000000e+02,3.596799373626708984e-01,2.737226428208706608e+01,4.100000000000000000e+01
1.540000000000000000e+02,3.607199192047119141e-01,2.737226428208706608e+01,3.400000000000000000e+01
1.550000000000000000e+02,3.648929595947265625e-01,2.737226428208706608e+01,4.200000000000000000e+01
1.560000000000000000e+02,3.727049827575683594e-01,2.737226428208706608e+01,3.500000000000000000e+01
1.570000000000000000e+02,3.734700679779052734e-01,2.737226428208706608e+01,4.200000000000000000e+01
1.580000000000000000e+02,3.765280246734619141e-01,2.737226428208706608e+01,3.600000000000000000e+01
1.590000000000000000e+02,3.789269924163818359e-01,2.737226428208706608e+01,4.300000000000000000e+01
1.600000000000000000e+02,3.881568908691406250e-01,2.737226428208706608e+01,3.700000000000000000e+01
1.610000000000000000e+02,3.896470069885253906e-01,2.737226428208706608e+01,4.300000000000000000e+01
1.620000000000000000e+02,3.918581008911132812e-01,2.737226428208706608e+01,3.800000000000000000e+01
1.630000000000000000e+02,4.028730392456054688e-01,2.737226428208706608e+01,4.400000000000000000e+01
1.640000000000000000e+02,4.160239696502685547e-01,2.737226428208706608e+01,3.900000000000000000e+01
1.650000000000000000e+02,4.245409965515136719e-01,2.737226428208706608e+01,4.500000000000000000e+01
1.660000000000000000e+02,4.305100440979003906e-01,2.737226428208706608e+01,4.000000000000000000e+01
1.670000000000000000e+02,4.315149784088134766e-01,2.737226428208706608e+01,4.500000000000000000e+01
1.680000000000000000e+02,4.323859214782714844e-01,2.737226428208706608e+01,4.000000000000000000e+01
1.690000000000000000e+02,4.330620765686035156e-01,2.737226428208706608e+01,4.500000000000000000e+01
1.700000000000000000e+02,4.339230060577392578e-01,2.737226428208706608e+01,4.000000000000000000e+01
1.710000000000000000e+02,4.373390674591064453e-01,2.737226428208706608e+01,4.600000000000000000e+01
1.720000000000000000e+02,4.487259387969970703e-01,2.737226428208706608e+01,4.100000000000000000e+01
1.730000000000000000e+02,4.494900703430175781e-01,2.737226428208706608e+01,4.600000000000000000e+01
1.740000000000000000e+02,4.520568847656250000e-01,2.737226428208706608e+01,4.200000000000000000e+01
1.750000000000000000e+02,4.552710056304931641e-01,2.737226428208706608e+01,4.700000000000000000e+01
1.760000000000000000e+02,4.561579227447509766e-01,2.737226428208706608e+01,4.200000000000000000e+01
1.770000000000000000e+02,4.569549560546875000e-01,2.737226428208706608e+01,4.700000000000000000e+01
1.780000000000000000e+02,4.600849151611328125e-01,2.737226428208706608e+01,4.300000000000000000e+01
1.790000000000000000e+02,4.649949073791503906e-01,2.737226428208706608e+01,4.800000000000000000e+01
1.800000000000000000e+02,4.681539535522460938e-01,2.737226428208706608e+01,4.400000000000000000e+01
1.810000000000000000e+02,4.716429710388183594e-01,2.737226428208706608e+01,4.900000000000000000e+01
1.820000000000000000e+02,4.724678993225097656e-01,2.737226428208706608e+01,4.400000000000000000e+01
1.830000000000000000e+02,4.732260704040527344e-01,2.737226428208706608e+01,4.900000000000000000e+01
1.840000000000000000e+02,4.769508838653564453e-01,2.737226428208706608e+01,4.500000000000000000e+01
1.850000000000000000e+02,4.820001125335693359e-01,2.737226428208706608e+01,5.000000000000000000e+01
1.860000000000000000e+02,4.850609302520751953e-01,2.737226428208706608e+01,4.600000000000000000e+01
1.870000000000000000e+02,4.857521057128906250e-01,2.737226428208706608e+01,5.000000000000000000e+01
1.880000000000000000e+02,4.869670867919921875e-01,2.737226428208706608e+01,4.600000000000000000e+01
1.890000000000000000e+02,4.888870716094970703e-01,2.737226428208706608e+01,5.000000000000000000e+01
1.900000000000000000e+02,4.901199340820312500e-01,2.737226428208706608e+01,4.600000000000000000e+01
1.910000000000000000e+02,4.908220767974853516e-01,2.737226428208706608e+01,5.000000000000000000e+01
1.920000000000000000e+02,4.921090602874755859e-01,2.737226428208706608e+01,4.600000000000000000e+01
1.930000000000000000e+02,4.947350025177001953e-01,2.737226428208706608e+01,5.100000000000000000e+01
1.940000000000000000e+02,4.998090267181396484e-01,2.737226428208706608e+01,4.700000000000000000e+01
1.950000000000000000e+02,5.005578994750976562e-01,2.737226428208706608e+01,5.100000000000000000e+01
1.960000000000000000e+02,5.083310604095458984e-01,2.737226428208706608e+01,4.800000000000000000e+01
1.970000000000000000e+02,5.110039710998535156e-01,2.737226428208706608e+01,5.200000000000000000e+01
1.980000000000000000e+02,5.172901153564453125e-01,2.737226428208706608e+01,4.900000000000000000e+01
1.990000000000000000e+02,5.210978984832763672e-01,2.737226428208706608e+01,5.300000000000000000e+01
2.000000000000000000e+02,5.224740505218505859e-01,2.737226428208706608e+01,4.900000000000000000e+01
2.010000000000000000e+02,5.231919288635253906e-01,2.737226428208706608e+01,5.300000000000000000e+01
2.020000000000000000e+02,5.371980667114257812e-01,2.737226428208706608e+01,5.000000000000000000e+01
2.030000000000000000e+02,5.400800704956054688e-01,2.737226428208706608e+01,5.400000000000000000e+01
2.040000000000000000e+02,5.415709018707275391e-01,2.737226428208706608e+01,5.000000000000000000e+01
2.050000000000000000e+02,5.451669692993164062e-01,2.737226428208706608e+01,5.500000000000000000e+01
2.060000000000000000e+02,5.475568771362304688e-01,2.737226428208706608e+01,5.100000000000000000e+01
2.070000000000000000e+02,5.485050678253173828e-01,2.737226428208706608e+01,5.500000000000000000e+01
2.080000000000000000e+02,5.617389678955078125e-01,2.737226428208706608e+01,5.200000000000000000e+01
2.090000000000000000e+02,5.653440952301025391e-01,2.737226428208706608e+01,5.600000000000000000e+01
2.100000000000000000e+02,5.661509037017822266e-01,2.737226428208706608e+01,5.200000000000000000e+01
2.110000000000000000e+02,5.712060928344726562e-01,2.737226428208706608e+01,5.700000000000000000e+01
2.120000000000000000e+02,5.790770053863525391e-01,2.737226428208706608e+01,5.300000000000000000e+01
2.130000000000000000e+02,5.799169540405273438e-01,2.737226428208706608e+01,5.700000000000000000e+01
2.140000000000000000e+02,5.808429718017578125e-01,2.737226428208706608e+01,5.300000000000000000e+01
2.150000000000000000e+02,5.816180706024169922e-01,2.737226428208706608e+01,5.700000000000000000e+01
2.160000000000000000e+02,5.829420089721679688e-01,2.737226428208706608e+01,5.300000000000000000e+01
2.170000000000000000e+02,5.950939655303955078e-01,2.737226428208706608e+01,5.800000000000000000e+01
2.180000000000000000e+02,5.960199832916259766e-01,2.737226428208706608e+01,5.300000000000000000e+01
2.190000000000000000e+02,6.144089698791503906e-01,2.737226428208706608e+01,5.900000000000000000e+01
2.200000000000000000e+02,6.300139427185058594e-01,2.737226428208706608e+01,5.400000000000000000e+01
2.210000000000000000e+02,6.316850185394287109e-01,2.737226428208706608e+01,5.900000000000000000e+01
2.220000000000000000e+02,6.431360244750976562e-01,2.737226428208706608e+01,5.500000000000000000e+01
2.230000000000000000e+02,6.439828872680664062e-01,2.737226428208706608e+01,5.900000000000000000e+01
2.240000000000000000e+02,6.482698917388916016e-01,2.737226428208706608e+01,5.600000000000000000e+01
2.250000000000000000e+02,6.499300003051757812e-01,2.737226428208706608e+01,5.900000000000000000e+01
2.260000000000000000e+02,6.614260673522949219e-01,2.737226428208706608e+01,5.700000000000000000e+01
2.270000000000000000e+02,6.678800582885742188e-01,2.737226428208706608e+01,6.000000000000000000e+01
2.280000000000000000e+02,6.783170700073242188e-01,2.737226428208706608e+01,5.800000000000000000e+01
2.290000000000000000e+02,6.822021007537841797e-01,2.737226428208706608e+01,6.100000000000000000e+01
2.300000000000000000e+02,6.868379116058349609e-01,2.737226428208706608e+01,5.900000000000000000e+01
2.310000000000000000e+02,6.950139999389648438e-01,2.737226428208706608e+01,6.200000000000000000e+01
2.320000000000000000e+02,6.964349746704101562e-01,2.737226428208706608e+01,5.900000000000000000e+01
2.330000000000000000e+02,7.095820903778076172e-01,2.737226428208706608e+01,6.300000000000000000e+01
2.340000000000000000e+02,7.165250778198242188e-01,2.737226428208706608e+01,6.000000000000000000e+01
2.350000000000000000e+02,7.181479930877685547e-01,2.737226428208706608e+01,6.300000000000000000e+01
2.360000000000000000e+02,7.225520610809326172e-01,2.737226428208706608e+01,6.100000000000000000e+01
2.370000000000000000e+02,7.243630886077880859e-01,2.737226428208706608e+01,6.300000000000000000e+01
2.380000000000000000e+02,7.252070903778076172e-01,2.737226428208706608e+01,6.100000000000000000e+01
2.390000000000000000e+02,7.260000705718994141e-01,2.737226428208706608e+01,6.300000000000000000e+01
2.400000000000000000e+02,7.269120216369628906e-01,2.737226428208706608e+01,6.100000000000000000e+01
2.410000000000000000e+02,7.314190864562988281e-01,2.737226428208706608e+01,6.400000000000000000e+01
2.420000000000000000e+02,7.342269420623779297e-01,2.737226428208706608e+01,6.200000000000000000e+01
2.430000000000000000e+02,7.408959865570068359e-01,2.737226428208706608e+01,6.500000000000000000e+01
2.440000000000000000e+02,7.422809600830078125e-01,2.737226428208706608e+01,6.200000000000000000e+01
2.450000000000000000e+02,7.447650432586669922e-01,2.737226428208706608e+01,6.600000000000000000e+01
2.460000000000000000e+02,7.615230083465576172e-01,2.737226428208706608e+01,6.300000000000000000e+01
2.470000000000000000e+02,7.631599903106689453e-01,2.737226428208706608e+01,6.600000000000000000e+01
2.480000000000000000e+02,7.647469043731689453e-01,2.737226428208706608e+01,6.300000000000000000e+01
2.490000000000000000e+02,7.656400203704833984e-01,2.737226428208706608e+01,6.600000000000000000e+01
2.500000000000000000e+02,7.674729824066162109e-01,2.737226428208706608e+01,6.300000000000000000e+01
2.510000000000000000e+02,7.684690952301025391e-01,2.737226428208706608e+01,6.600000000000000000e+01
2.520000000000000000e+02,7.726950645446777344e-01,2.737226428208706608e+01,6.400000000000000000e+01
2.530000000000000000e+02,7.801859378814697266e-01,2.737226428208706608e+01,6.700000000000000000e+01
2.540000000000000000e+02,7.811059951782226562e-01,2.737226428208706608e+01,6.400000000000000000e+01
2.550000000000000000e+02,7.819769382476806641e-01,2.737226428208706608e+01,6.700000000000000000e+01
2.560000000000000000e+02,7.836840152740478516e-01,2.737226428208706608e+01,6.400000000000000000e+01
2.570000000000000000e+02,7.918388843536376953e-01,2.737226428208706608e+01,6.800000000000000000e+01
2.580000000000000000e+02,7.933731079101562500e-01,2.737226428208706608e+01,6.400000000000000000e+01
2.590000000000000000e+02,7.967720031738281250e-01,2.737226428208706608e+01,6.900000000000000000e+01
2.600000000000000000e+02,7.980411052703857422e-01,2.737226428208706608e+01,6.400000000000000000e+01
2.610000000000000000e+02,8.103408813476562500e-01,2.737226428208706608e+01,7.000000000000000000e+01
2.620000000000000000e+02,8.303210735321044922e-01,2.737226428208706608e+01,6.500000000000000000e+01
2.630000000000000000e+02,8.346679210662841797e-01,2.737226428208706608e+01,7.100000000000000000e+01
2.640000000000000000e+02,8.362469673156738281e-01,2.737226428208706608e+01,6.500000000000000000e+01
2.650000000000000000e+02,8.491950035095214844e-01,2.737226428208706608e+01,7.200000000000000000e+01
2.660000000000000000e+02,8.501579761505126953e-01,2.737226428208706608e+01,6.500000000000000000e+01
2.670000000000000000e+02,8.515470027923583984e-01,2.737226428208706608e+01,7.200000000000000000e+01
2.680000000000000000e+02,8.697679042816162109e-01,2.737226428208706608e+01,6.600000000000000000e+01
2.690000000000000000e+02,8.803219795227050781e-01,2.737226428208706608e+01,7.300000000000000000e+01
2.700000000000000000e+02,8.861160278320312500e-01,2.737226428208706608e+01,6.700000000000000000e+01
2.710000000000000000e+02,8.875858783721923828e-01,2.737226428208706608e+01,7.300000000000000000e+01
2.720000000000000000e+02,9.053950309753417969e-01,2.737226428208706608e+01,6.800000000000000000e+01
2.730000000000000000e+02,9.259600639343261719e-01,2.737226428208706608e+01,7.400000000000000000e+01
2.740000000000000000e+02,9.270510673522949219e-01,2.737226428208706608e+01,6.800000000000000000e+01
2.750000000000000000e+02,9.425449371337890625e-01,2.737226428208706608e+01,7.500000000000000000e+01
2.760000000000000000e+02,9.438838958740234375e-01,2.737226428208706608e+01,6.800000000000000000e+01
2.770000000000000000e+02,9.639830589294433594e-01,2.737226428208706608e+01,7.600000000000000000e+01
2.780000000000000000e+02,9.655261039733886719e-01,2.737226428208706608e+01,6.800000000000000000e+01
2.790000000000000000e+02,9.682860374450683594e-01,2.737226428208706608e+01,7.700000000000000000e+01
2.800000000000000000e+02,9.692709445953369141e-01,2.737226428208706608e+01,6.800000000000000000e+01
2.810000000000000000e+02,9.712738990783691406e-01,2.737226428208706608e+01,7.700000000000000000e+01
2.820000000000000000e+02,9.722669124603271484e-01,2.737226428208706608e+01,6.800000000000000000e+01
2.830000000000000000e+02,9.862589836120605469e-01,2.737226428208706608e+01,7.800000000000000000e+01
2.840000000000000000e+02,1.001518964767456055e+00,2.737226428208706608e+01,6.900000000000000000e+01
2.850000000000000000e+02,1.005007028579711914e+00,2.737226428208706608e+01,7.800000000000000000e+01
2.860000000000000000e+02,1.007976055145263672e+00,2.737226428208706608e+01,7.000000000000000000e+01
2.870000000000000000e+02,1.012949943542480469e+00,2.737226428208706608e+01,7.900000000000000000e+01
2.880000000000000000e+02,1.013895034790039062e+00,2.737226428208706608e+01,7.000000000000000000e+01
2.890000000000000000e+02,1.020817041397094727e+00,2.737226428208706608e+01,8.000000000000000000e+01
2.900000000000000000e+02,1.021854877471923828e+00,2.737226428208706608e+01,7.000000000000000000e+01
2.910000000000000000e+02,1.026748895645141602e+00,2.737226428208706608e+01,8.100000000000000000e+01
2.920000000000000000e+02,1.031192064285278320e+00,2.737226428208706608e+01,7.100000000000000000e+01
2.930000000000000000e+02,1.034840106964111328e+00,2.737226428208706608e+01,8.200000000000000000e+01
2.940000000000000000e+02,1.035928010940551758e+00,2.737226428208706608e+01,7.100000000000000000e+01
2.950000000000000000e+02,1.050817966461181641e+00,2.737226428208706608e+01,8.300000000000000000e+01
2.960000000000000000e+02,1.051821947097778320e+00,2.737226428208706608e+01,7.100000000000000000e+01
2.970000000000000000e+02,1.052750110626220703e+00,2.737226428208706608e+01,8.300000000000000000e+01
2.980000000000000000e+02,1.054456949234008789e+00,2.737226428208706608e+01,7.100000000000000000e+01
2.990000000000000000e+02,1.057462930679321289e+00,2.737226428208706608e+01,8.400000000000000000e+01
3.000000000000000000e+02,1.058850049972534180e+00,2.737226428208706608e+01,7.100000000000000000e+01
3.010000000000000000e+02,1.074990987777709961e+00,2.737226428208706608e+01,8.500000000000000000e+01
3.020000000000000000e+02,1.075886964797973633e+00,2.737226428208706608e+01,7.100000000000000000e+01
3.030000000000000000e+02,1.087629079818725586e+00,2.737226428208706608e+01,8.600000000000000000e+01
3.040000000000000000e+02,1.088569879531860352e+00,2.737226428208706608e+01,7.100000000000000000e+01
3.050000000000000000e+02,1.090032100677490234e+00,2.737226428208706608e+01,8.600000000000000000e+01
3.060000000000000000e+02,1.090883970260620117e+00,2.737226428208706608e+01,7.100000000000000000e+01
3.070000000000000000e+02,1.091775894165039062e+00,2.737226428208706608e+01,8.600000000000000000e+01
3.080000000000000000e+02,1.094525098800659180e+00,2.737226428208706608e+01,7.200000000000000000e+01
3.090000000000000000e+02,1.098289012908935547e+00,2.737226428208706608e+01,8.700000000000000000e+01
3.100000000000000000e+02,1.112781047821044922e+00,2.737226428208706608e+01,7.300000000000000000e+01
3.110000000000000000e+02,1.115917921066284180e+00,2.737226428208706608e+01,8.800000000000000000e+01
3.120000000000000000e+02,1.116851091384887695e+00,2.737226428208706608e+01,7.300000000000000000e+01
3.130000000000000000e+02,1.132016897201538086e+00,2.737226428208706608e+01,8.900000000000000000e+01
3.140000000000000000e+02,1.148540973663330078e+00,2.737226428208706608e+01,7.400000000000000000e+01
3.150000000000000000e+02,1.165047883987426758e+00,2.737226428208706608e+01,9.000000000000000000e+01
3.160000000000000000e+02,1.165889024734497070e+00,2.737226428208706608e+01,7.400000000000000000e+01
3.170000000000000000e+02,1.166798114776611328e+00,2.737226428208706608e+01,9.000000000000000000e+01
3.180000000000000000e+02,1.167876005172729492e+00,2.737226428208706608e+01,7.400000000000000000e+01
3.190000000000000000e+02,1.172763109207153320e+00,2.737226428208706608e+01,9.100000000000000000e+01
3.200000000000000000e+02,1.174213886260986328e+00,2.737226428208706608e+01,7.400000000000000000e+01
3.210000000000000000e+02,1.175205945968627930e+00,2.737226428208706608e+01,9.100000000000000000e+01
3.220000000000000000e+02,1.188594102859497070e+00,2.737226428208706608e+01,7.500000000000000000e+01
3.230000000000000000e+02,1.189470052719116211e+00,2.737226428208706608e+01,9.100000000000000000e+01
3.240000000000000000e+02,1.202354907989501953e+00,2.737226428208706608e+01,7.600000000000000000e+01
3.250000000000000000e+02,1.221469879150390625e+00,2.737226428208706608e+01,9.200000000000000000e+01
3.260000000000000000e+02,1.222476005554199219e+00,2.737226428208706608e+01,7.600000000000000000e+01
3.270000000000000000e+02,1.223294973373413086e+00,2.737226428208706608e+01,9.200000000000000000e+01
3.280000000000000000e+02,1.224910020828247070e+00,2.737226428208706608e+01,7.600000000000000000e+01
3.290000000000000000e+02,1.225691080093383789e+00,2.737226428208706608e+01,9.200000000000000000e+01
3.300000000000000000e+02,1.228897094726562500e+00,2.737226428208706608e+01,7.700000000000000000e+01
3.310000000000000000e+02,1.232270002365112305e+00,2.737226428208706608e+01,9.300000000000000000e+01
3.320000000000000000e+02,1.242044925689697266e+00,2.737226428208706608e+01,7.800000000000000000e+01
3.330000000000000000e+02,1.245667934417724609e+00,2.737226428208706608e+01,9.400000000000000000e+01
3.340000000000000000e+02,1.256552934646606445e+00,2.737226428208706608e+01,7.900000000000000000e+01
3.350000000000000000e+02,1.267112016677856445e+00,2.737226428208706608e+01,9.500000000000000000e+01
3.360000000000000000e+02,1.268779993057250977e+00,2.737226428208706608e+01,7.900000000000000000e+01
3.370000000000000000e+02,1.270642995834350586e+00,2.737226428208706608e+01,9.500000000000000000e+01
3.380000000000000000e+02,1.277343034744262695e+00,2.737226428208706608e+01,8.000000000000000000e+01
3.390000000000000000e+02,1.286938905715942383e+00,2.737226428208706608e+01,9.600000000000000000e+01
3.400000000000000000e+02,1.288068056106567383e+00,2.737226428208706608e+01,8.000000000000000000e+01
3.410000000000000000e+02,1.294835090637207031e+00,2.737226428208706608e+01,9.700000000000000000e+01
3.420000000000000000e+02,1.296500921249389648e+00,2.737226428208706608e+01,8.000000000000000000e+01
3.430000000000000000e+02,1.297653913497924805e+00,2.737226428208706608e+01,9.700000000000000000e+01
3.440000000000000000e+02,1.317610979080200195e+00,2.737226428208706608e+01,8.100000000000000000e+01
3.450000000000000000e+02,1.321284055709838867e+00,2.737226428208706608e+01,9.800000000000000000e+01
3.460000000000000000e+02,1.322365999221801758e+00,2.737226428208706608e+01,8.100000000000000000e+01
3.470000000000000000e+02,1.337409019470214844e+00,2.737226428208706608e+01,9.900000000000000000e+01
3.480000000000000000e+02,1.341655015945434570e+00,2.737226428208706608e+01,8.200000000000000000e+01
3.490000000000000000e+02,1.342662096023559570e+00,2.737226428208706608e+01,9.900000000000000000e+01
3.500000000000000000e+02,1.350992918014526367e+00,2.737226428208706608e+01,8.300000000000000000e+01
3.510000000000000000e+02,1.364070892333984375e+00,2.737226428208706608e+01,1.000000000000000000e+02
3.520000000000000000e+02,1.377886056900024414e+00,2.737226428208706608e+01,8.400000000000000000e+01
3.530000000000000000e+02,1.386960029602050781e+00,2.737226428208706608e+01,1.010000000000000000e+02
3.540000000000000000e+02,1.400063991546630859e+00,2.737226428208706608e+01,8.500000000000000000e+01
3.550000000000000000e+02,1.411484956741333008e+00,2.737226428208706608e+01,1.020000000000000000e+02
3.560000000000000000e+02,1.412558078765869141e+00,2.737226428208706608e+01,8.500000000000000000e+01
3.570000000000000000e+02,1.413562059402465820e+00,2.737226428208706608e+01,1.020000000000000000e+02
3.580000000000000000e+02,1.414562940597534180e+00,2.737226428208706608e+01,8.500000000000000000e+01
3.590000000000000000e+02,1.425597906112670898e+00,2.737226428208706608e+01,1.030000000000000000e+02
3.600000000000000000e+02,1.436235904693603516e+00,2.737226428208706608e+01,8.600000000000000000e+01
3.610000000000000000e+02,1.442298889160156250e+00,2.737226428208706608e+01,1.040000000000000000e+02
3.620000000000000000e+02,1.456804990768432617e+00,2.737226428208706608e+01,8.700000000000000000e+01
3.630000000000000000e+02,1.460311889648437500e+00,2.737226428208706608e+01,1.050000000000000000e+02
3.640000000000000000e+02,1.461461067199707031e+00,2.737226428208706608e+01,8.700000000000000000e+01
3.650000000000000000e+02,1.484561920166015625e+00,2.737226428208706608e+01,1.060000000000000000e+02
3.660000000000000000e+02,1.486295938491821289e+00,2.737226428208706608e+01,8.700000000000000000e+01
3.670000000000000000e+02,1.487327098846435547e+00,2.737226428208706608e+01,1.060000000000000000e+02
3.680000000000000000e+02,1.492913961410522461e+00,2.737226428208706608e+01,8.800000000000000000e+01
3.690000000000000000e+02,1.495929956436157227e+00,2.737226428208706608e+01,1.070000000000000000e+02
3.700000000000000000e+02,1.507778882980346680e+00,2.737226428208706608e+01,8.900000000000000000e+01
3.710000000000000000e+02,1.508805036544799805e+00,2.737226428208706608e+01,1.070000000000000000e+02
3.720000000000000000e+02,1.533765077590942383e+00,2.737226428208706608e+01,9.000000000000000000e+01
3.730000000000000000e+02,1.539890050888061523e+00,2.737226428208706608e+01,1.080000000000000000e+02
3.740000000000000000e+02,1.556432008743286133e+00,2.737226428208706608e+01,9.100000000000000000e+01
3.750000000000000000e+02,1.565320968627929688e+00,2.737226428208706608e+01,1.090000000000000000e+02
3.760000000000000000e+02,1.566320896148681641e+00,2.737226428208706608e+01,9.100000000000000000e+01
3.770000000000000000e+02,1.567764043807983398e+00,2.737226428208706608e+01,1.090000000000000000e+02
3.780000000000000000e+02,1.568764925003051758e+00,2.737226428208706608e+01,9.100000000000000000e+01
3.790000000000000000e+02,1.583148002624511719e+00,2.737226428208706608e+01,1.100000000000000000e+02
3.800000000000000000e+02,1.584289073944091797e+00,2.737226428208706608e+01,9.100000000000000000e+01
3.810000000000000000e+02,1.585201978683471680e+00,2.737226428208706608e+01,1.100000000000000000e+02
3.820000000000000000e+02,1.587353944778442383e+00,2.737226428208706608e+01,9.100000000000000000e+01
3.830000000000000000e+02,1.588505029678344727e+00,2.737226428208706608e+01,1.100000000000000000e+02
3.840000000000000000e+02,1.589468002319335938e+00,2.737226428208706608e+01,9.100000000000000000e+01
3.850000000000000000e+02,1.607976913452148438e+00,2.737226428208706608e+01,1.110000000000000000e+02
3.860000000000000000e+02,1.609786987304687500e+00,2.737226428208706608e+01,9.100000000000000000e+01
3.870000000000000000e+02,1.637223005294799805e+00,2.737226428208706608e+01,1.120000000000000000e+02
3.880000000000000000e+02,1.647228956222534180e+00,2.737226428208706608e+01,9.200000000000000000e+01
3.890000000000000000e+02,1.648253917694091797e+00,2.737226428208706608e+01,1.120000000000000000e+02
3.900000000000000000e+02,1.656020879745483398e+00,2.737226428208706608e+01,9.300000000000000000e+01
3.910000000000000000e+02,1.672070026397705078e+00,2.737226428208706608e+01,1.130000000000000000e+02
3.920000000000000000e+02,1.673125028610229492e+00,2.737226428208706608e+01,9.300000000000000000e+01
3.930000000000000000e+02,1.681250095367431641e+00,2.737226428208706608e+01,1.140000000000000000e+02
3.940000000000000000e+02,1.683001995086669922e+00,2.737226428208706608e+01,9.300000000000000000e+01
3.950000000000000000e+02,1.693314075469970703e+00,2.737226428208706608e+01,1.150000000000000000e+02
3.960000000000000000e+02,1.694392919540405273e+00,2.737226428208706608e+01,9.300000000000000000e+01
3.970000000000000000e+02,1.702017068862915039e+00,2.737226428208706608e+01,1.160000000000000000e+02
3.980000000000000000e+02,1.703026056289672852e+00,2.737226428208706608e+01,9.300000000000000000e+01
3.990000000000000000e+02,1.704020023345947266e+00,2.737226428208706608e+01,1.160000000000000000e+02
4.000000000000000000e+02,1.711268901824951172e+00,2.737226428208706608e+01,9.400000000000000000e+01
4.010000000000000000e+02,1.730833053588867188e+00,2.737226428208706608e+01,1.170000000000000000e+02
4.020000000000000000e+02,1.732008934020996094e+00,2.737226428208706608e+01,9.400000000000000000e+01
4.030000000000000000e+02,1.733050107955932617e+00,2.737226428208706608e+01,1.170000000000000000e+02
4.040000000000000000e+02,1.746700048446655273e+00,2.737226428208706608e+01,9.500000000000000000e+01
4.050000000000000000e+02,1.747813940048217773e+00,2.737226428208706608e+01,1.170000000000000000e+02
4.060000000000000000e+02,1.770684957504272461e+00,2.737226428208706608e+01,9.600000000000000000e+01
4.070000000000000000e+02,1.791534900665283203e+00,2.737226428208706608e+01,1.180000000000000000e+02
4.080000000000000000e+02,1.793801069259643555e+00,2.737226428208706608e+01,9.600000000000000000e+01
4.090000000000000000e+02,1.794881105422973633e+00,2.737226428208706608e+01,1.180000000000000000e+02
4.100000000000000000e+02,1.796360969543457031e+00,2.737226428208706608e+01,9.600000000000000000e+01
4.110000000000000000e+02,1.801100015640258789e+00,2.737226428208706608e+01,1.190000000000000000e+02
4.120000000000000000e+02,1.802129983901977539e+00,2.737226428208706608e+01,9.600000000000000000e+01
4.130000000000000000e+02,1.803553104400634766e+00,2.737226428208706608e+01,1.190000000000000000e+02
4.140000000000000000e+02,1.805299997329711914e+00,2.737226428208706608e+01,9.600000000000000000e+01
4.150000000000000000e+02,1.831628084182739258e+00,2.737226428208706608e+01,1.200000000000000000e+02
4.160000000000000000e+02,1.833142042160034180e+00,2.737226428208706608e+01,9.600000000000000000e+01
4.170000000000000000e+02,1.834202051162719727e+00,2.737226428208706608e+01,1.200000000000000000e+02
4.180000000000000000e+02,1.858907938003540039e+00,2.737226428208706608e+01,9.700000000000000000e+01
4.190000000000000000e+02,1.895478010177612305e+00,2.737226428208706608e+01,1.210000000000000000e+02
4.200000000000000000e+02,1.896606922149658203e+00,2.737226428208706608e+01,9.700000000000000000e+01
4.210000000000000000e+02,1.897614002227783203e+00,2.737226428208706608e+01,1.210000000000000000e+02
4.220000000000000000e+02,1.901212930679321289e+00,2.737226428208706608e+01,9.800000000000000000e+01
4.230000000000000000e+02,1.902539014816284180e+00,2.737226428208706608e+01,1.210000000000000000e+02
4.240000000000000000e+02,1.903649091720581055e+00,2.737226428208706608e+01,9.800000000000000000e+01
4.250000000000000000e+02,1.919884920120239258e+00,2.737226428208706608e+01,1.220000000000000000e+02
4.260000000000000000e+02,1.920948982238769531e+00,2.737226428208706608e+01,9.800000000000000000e+01
4.270000000000000000e+02,1.936057090759277344e+00,2.737226428208706608e+01,1.230000000000000000e+02
4.280000000000000000e+02,1.938141107559204102e+00,2.737226428208706608e+01,9.800000000000000000e+01
4.290000000000000000e+02,1.939629077911376953e+00,2.737226428208706608e+01,1.230000000000000000e+02
4.300000000000000000e+02,1.940742969512939453e+00,2.737226428208706608e+01,9.800000000000000000e+01
4.310000000000000000e+02,1.977998018264770508e+00,2.737226428208706608e+01,1.240000000000000000e+02
4.320000000000000000e+02,1.979094028472900391e+00,2.737226428208706608e+01,9.800000000000000000e+01
4.330000000000000000e+02,1.980087041854858398e+00,2.737226428208706608e+01,1.240000000000000000e+02
4.340000000000000000e+02,1.981385946273803711e+00,2.737226428208706608e+01,9.800000000000000000e+01
4.350000000000000000e+02,1.982286930084228516e+00,2.737226428208706608e+01,1.240000000000000000e+02
4.360000000000000000e+02,1.991139888763427734e+00,2.737226428208706608e+01,9.900000000000000000e+01
4.370000000000000000e+02,2.003748893737792969e+00,2.737226428208706608e+01,1.250000000000000000e+02
4.380000000000000000e+02,2.023267030715942383e+00,2.737226428208706608e+01,1.000000000000000000e+02
4.390000000000000000e+02,2.037913084030151367e+00,2.737226428208706608e+01,1.260000000000000000e+02
4.400000000000000000e+02,2.048965930938720703e+00,2.737226428208706608e+01,1.010000000000000000e+02
4.410000000000000000e+02,2.051992893218994141e+00,2.737226428208706608e+01,1.270000000000000000e+02
4.420000000000000000e+02,2.053841114044189453e+00,2.737226428208706608e+01,1.010000000000000000e+02
4.430000000000000000e+02,2.077984094619750977e+00,2.737226428208706608e+01,1.280000000000000000e+02
4.440000000000000000e+02,2.079097032546997070e+00,2.737226428208706608e+01,1.010000000000000000e+02
4.450000000000000000e+02,2.098690986633300781e+00,2.737226428208706608e+01,1.290000000000000000e+02
4.460000000000000000e+02,2.115575075149536133e+00,2.731618440526048630e+01,1.020000000000000000e+02
4.470000000000000000e+02,2.117856025695800781e+00,2.731618440526048630e+01,1.250000000000000000e+02
4.480000000000000000e+02,2.119726896286010742e+00,2.731618440526048630e+01,9.900000000000000000e+01
4.490000000000000000e+02,2.121007919311523438e+00,2.731618440526048630e+01,1.250000000000000000e+02
4.500000000000000000e+02,2.122462034225463867e+00,2.731618440526048630e+01,9.900000000000000000e+01
4.510000000000000000e+02,2.140703916549682617e+00,2.731618440526048630e+01,1.260000000000000000e+02
4.520000000000000000e+02,2.165958881378173828e+00,2.731618440526048630e+01,1.000000000000000000e+02
4.530000000000000000e+02,2.167016983032226562e+00,2.731618440526048630e+01,1.260000000000000000e+02
4.540000000000000000e+02,2.168082952499389648e+00,2.731618440526048630e+01,1.000000000000000000e+02
4.550000000000000000e+02,2.186347007751464844e+00,2.731618440526048630e+01,1.270000000000000000e+02
4.560000000000000000e+02,2.188169956207275391e+00,2.731618440526048630e+01,1.000000000000000000e+02
4.570000000000000000e+02,2.190432071685791016e+00,2.731618440526048630e+01,1.270000000000000000e+02
4.580000000000000000e+02,2.191540002822875977e+00,2.731618440526048630e+01,1.000000000000000000e+02
4.590000000000000000e+02,2.192502975463867188e+00,2.731618440526048630e+01,1.270000000000000000e+02
4.600000000000000000e+02,2.193588972091674805e+00,2.731618440526048630e+01,1.000000000000000000e+02
4.610000000000000000e+02,2.194566011428833008e+00,2.731618440526048630e+01,1.270000000000000000e+02
4.620000000000000000e+02,2.195724010467529297e+00,2.731618440526048630e+01,1.000000000000000000e+02
4.630000000000000000e+02,2.224661111831665039e+00,2.731618440526048630e+01,1.280000000000000000e+02
4.640000000000000000e+02,2.225816011428833008e+00,2.731618440526048630e+01,1.000000000000000000e+02
4.650000000000000000e+02,2.228286981582641602e+00,2.731618440526048630e+01,1.280000000000000000e+02
4.660000000000000000e+02,2.245040893554687500e+00,2.731618440526048630e+01,1.010000000000000000e+02
4.670000000000000000e+02,2.251590013504028320e+00,2.731618440526048630e+01,1.290000000000000000e+02
4.680000000000000000e+02,2.253479957580566406e+00,2.731618440526048630e+01,1.010000000000000000e+02
4.690000000000000000e+02,2.254561901092529297e+00,2.731618440526048630e+01,1.290000000000000000e+02
4.700000000000000000e+02,2.255611896514892578e+00,2.731618440526048630e+01,1.010000000000000000e+02
4.710000000000000000e+02,2.261146068572998047e+00,2.731618440526048630e+01,1.300000000000000000e+02
4.720000000000000000e+02,2.262264013290405273e+00,2.731618440526048630e+01,1.010000000000000000e+02
4.730000000000000000e+02,2.264698982238769531e+00,2.731618440526048630e+01,1.300000000000000000e+02
4.740000000000000000e+02,2.266551017761230469e+00,2.731618440526048630e+01,1.010000000000000000e+02
4.750000000000000000e+02,2.267729997634887695e+00,2.731618440526048630e+01,1.300000000000000000e+02
4.760000000000000000e+02,2.269547939300537109e+00,2.731618440526048630e+01,1.010000000000000000e+02
4.770000000000000000e+02,2.270575046539306641e+00,2.731618440526048630e+01,1.300000000000000000e+02
4.780000000000000000e+02,2.278861999511718750e+00,2.731618440526048630e+01,1.020000000000000000e+02
4.790000000000000000e+02,2.280072927474975586e+00,2.731618440526048630e+01,1.300000000000000000e+02
4.800000000000000000e+02,2.281990051269531250e+00,2.731618440526048630e+01,1.020000000000000000e+02
4.810000000000000000e+02,2.320082902908325195e+00,2.731618440526048630e+01,1.310000000000000000e+02
4.820000000000000000e+02,2.335158109664916992e+00,2.731618440526048630e+01,1.030000000000000000e+02
4.830000000000000000e+02,2.342659950256347656e+00,2.731618440526048630e+01,1.320000000000000000e+02
4.840000000000000000e+02,2.357630014419555664e+00,2.731618440526048630e+01,1.040000000000000000e+02
4.850000000000000000e+02,2.379318952560424805e+00,2.731618440526048630e+01,1.330000000000000000e+02
4.860000000000000000e+02,2.397705078125000000e+00,2.731618440526048630e+01,1.050000000000000000e+02
4.870000000000000000e+02,2.402250051498413086e+00,2.731618440526048630e+01,1.330000000000000000e+02
4.880000000000000000e+02,2.409102916717529297e+00,2.731618440526048630e+01,1.060000000000000000e+02
4.890000000000000000e+02,2.447474002838134766e+00,2.731618440526048630e+01,1.340000000000000000e+02
4.900000000000000000e+02,2.449358940124511719e+00,2.731618440526048630e+01,1.060000000000000000e+02
4.910000000000000000e+02,2.450404882431030273e+00,2.731618440526048630e+01,1.340000000000000000e+02
4.920000000000000000e+02,2.469533920288085938e+00,2.731618440526048630e+01,1.070000000000000000e+02
4.930000000000000000e+02,2.470598936080932617e+00,2.731618440526048630e+01,1.340000000000000000e+02
4.940000000000000000e+02,2.505516052246093750e+00,2.731618440526048630e+01,1.080000000000000000e+02
4.950000000000000000e+02,2.522139072418212891e+00,2.731618440526048630e+01,1.350000000000000000e+02
4.960000000000000000e+02,2.526746034622192383e+00,2.731618440526048630e+01,1.090000000000000000e+02
4.970000000000000000e+02,2.535362958908081055e+00,2.731618440526048630e+01,1.360000000000000000e+02
4.980000000000000000e+02,2.536974906921386719e+00,2.731618440526048630e+01,1.090000000000000000e+02
4.990000000000000000e+02,2.538120031356811523e+00,2.731618440526048630e+01,1.360000000000000000e+02
