0.000000000000000000e+00,2.142190933227539062e-03,0.000000000000000000e+00,2.000000000000000000e+00
1.000000000000000000e+00,3.041982650756835938e-03,0.000000000000000000e+00,1.000000000000000000e+00
2.000000000000000000e+00,5.537033081054687500e-03,0.000000000000000000e+00,3.000000000000000000e+00
3.000000000000000000e+00,7.596015930175781250e-03,0.000000000000000000e+00,2.000000000000000000e+00
4.000000000000000000e+00,1.017999649047851562e-02,0.000000000000000000e+00,4.000000000000000000e+00
5.000000000000000000e+00,1.202917098999023438e-02,0.000000000000000000e+00,3.000000000000000000e+00
6.000000000000000000e+00,1.428699493408203125e-02,0.000000000000000000e+00,5.000000000000000000e+00
7.000000000000000000e+00,1.659417152404785156e-02,0.000000000000000000e+00,4.000000000000000000e+00
8.000000000000000000e+00,1.985502243041992188e-02,0.000000000000000000e+00,6.000000000000000000e+00
9.000000000000000000e+00,2.264904975891113281e-02,0.000000000000000000e+00,5.000000000000000000e+00
1.000000000000000000e+01,2.551507949829101562e-02,0.000000000000000000e+00,7.000000000000000000e+00
1.100000000000000000e+01,2.720308303833007812e-02,0.000000000000000000e+00,5.000000000000000000e+00
1.200000000000000000e+01,2.966213226318359375e-02,0.000000000000000000e+00,8.000000000000000000e+00
1.300000000000000000e+01,3.084611892700195312e-02,0.000000000000000000e+00,5.000000000000000000e+00
1.400000000000000000e+01,3.352999687194824219e-02,0.000000000000000000e+00,9.000000000000000000e+00
1.500000000000000000e+01,3.562211990356445312e-02,0.000000000000000000e+00,6.000000000000000000e+00
1.600000000000000000e+01,3.854799270629882812e-02,0.000000000000000000e+00,1.000000000000000000e+01
1.700000000000000000e+01,4.130721092224121094e-02,0.000000000000000000e+00,7.000000000000000000e+00
1.800000000000000000e+01,4.407811164855957031e-02,0.000000000000000000e+00,1.100000000000000000e+01
1.900000000000000000e+01,4.662203788757324219e-02,0.000000000000000000e+00,8.000000000000000000e+00
2.000000000000000000e+01,4.912710189819335938e-02,0.000000000000000000e+00,1.200000000000000000e+01
2.100000000000000000e+01,5.195307731628417969e-02,0.000000000000000000e+00,9.000000000000000000e+00
2.200000000000000000e+01,5.548501014709472656e-02,0.000000000000000000e+00,1.300000000000000000e+01
2.300000000000000000e+01,5.791807174682617188e-02,0.000000000000000000e+00,1.000000000000000000e+01
2.400000000000000000e+01,6.180810928344726562e-02,0.000000000000000000e+00,1.400000000000000000e+01
2.500000000000000000e+01,6.432914733886718750e-02,0.000000000000000000e+00,1.100000000000000000e+01
2.600000000000000000e+01,6.794619560241699219e-02,0.000000000000000000e+00,1.500000000000000000e+01
2.700000000000000000e+01,7.113909721374511719e-02,0.000000000000000000e+00,1.200000000000000000e+01
2.800000000000000000e+01,7.374715805053710938e-02,0.000000000000000000e+00,1.600000000000000000e+01
2.900000000000000000e+01,7.875299453735351562e-02,0.000000000000000000e+00,1.300000000000000000e+01
3.000000000000000000e+01,8.445501327514648438e-02,0.000000000000000000e+00,1.700000000000000000e+01
3.100000000000000000e+01,8.842206001281738281e-02,0.000000000000000000e+00,1.400000000000000000e+01
3.200000000000000000e+01,9.113311767578125000e-02,0.000000000000000000e+00,1.800000000000000000e+01
3.300000000000000000e+01,9.365820884704589844e-02,0.000000000000000000e+00,1.400000000000000000e+01
3.400000000000000000e+01,9.636521339416503906e-02,0.000000000000000000e+00,1.900000000000000000e+01
3.500000000000000000e+01,9.801912307739257812e-02,0.000000000000000000e+00,1.400000000000000000e+01
3.600000000000000000e+01,1.024470329284667969e-01,0.000000000000000000e+00,2.000000000000000000e+01
3.700000000000000000e+01,1.041531562805175781e-01,0.000000000000000000e+00,1.400000000000000000e+01
3.800000000000000000e+01,1.122801303863525391e-01,0.000000000000000000e+00,2.100000000000000000e+01
3.900000000000000000e+01,1.146180629730224609e-01,0.000000000000000000e+00,1.500000000000000000e+01
4.000000000000000000e+01,1.217620372772216797e-01,0.000000000000000000e+00,2.200000000000000000e+01
4.100000000000000000e+01,1.276571750640869141e-01,0.000000000000000000e+00,1.600000000000000000e+01
4.200000000000000000e+01,1.319360733032226562e-01,0.000000000000000000e+00,2.300000000000000000e+01
4.300000000000000000e+01,1.350409984588623047e-01,0.000000000000000000e+00,1.700000000000000000e+01
4.400000000000000000e+01,1.397361755371093750e-01,0.000000000000000000e+00,2.400000000000000000e+01
4.500000000000000000e+01,1.425352096557617188e-01,0.000000000000000000e+00,1.800000000000000000e+01
4.600000000000000000e+01,1.492340564727783203e-01,0.000000000000000000e+00,2.500000000000000000e+01
4.700000000000000000e+01,1.544151306152343750e-01,0.000000000000000000e+00,1.900000000000000000e+01
4.800000000000000000e+01,1.621391773223876953e-01,0.000000000000000000e+00,2.600000000000000000e+01
4.900000000000000000e+01,1.657691001892089844e-01,0.000000000000000000e+00,2.000000000000000000e+01
5.000000000000000000e+01,1.714591979980468750e-01,0.000000000000000000e+00,2.700000000000000000e+01
5.100000000000000000e+01,1.744520664215087891e-01,0.000000000000000000e+00,2.100000000000000000e+01
5.200000000000000000e+01,1.829011440277099609e-01,0.000000000000000000e+00,2.800000000000000000e+01
5.300000000000000000e+01,1.853160858154296875e-01,0.000000000000000000e+00,2.200000000000000000e+01
5.400000000000000000e+01,1.909561157226562500e-01,0.000000000000000000e+00,2.900000000000000000e+01
5.500000000000000000e+01,1.927862167358398438e-01,0.000000000000000000e+00,2.200000000000000000e+01
5.600000000000000000e+01,1.955811977386474609e-01,0.000000000000000000e+00,3.000000000000000000e+01
5.700000000000000000e+01,1.966412067413330078e-01,0.000000000000000000e+00,2.200000000000000000e+01
5.800000000000000000e+01,2.028779983520507812e-01,0.000000000000000000e+00,3.100000000000000000e+01
5.900000000000000000e+01,2.086100578308105469e-01,0.000000000000000000e+00,2.300000000000000000e+01
6.000000000000000000e+01,2.152650356292724609e-01,0.000000000000000000e+00,3.200000000000000000e+01
6.100000000000000000e+01,2.163021564483642578e-01,0.000000000000000000e+00,2.300000000000000000e+01
6.200000000000000000e+01,2.238891124725341797e-01,0.000000000000000000e+00,3.300000000000000000e+01
6.300000000000000000e+01,2.287611961364746094e-01,0.000000000000000000e+00,2.400000000000000000e+01
6.400000000000000000e+01,2.335731983184814453e-01,0.000000000000000000e+00,3.400000000000000000e+01
6.500000000000000000e+01,2.420890331268310547e-01,0.000000000000000000e+00,2.500000000000000000e+01
6.600000000000000000e+01,2.484340667724609375e-01,0.000000000000000000e+00,3.500000000000000000e+01
6.700000000000000000e+01,2.503550052642822266e-01,0.000000000000000000e+00,2.500000000000000000e+01
6.800000000000000000e+01,2.637021541595458984e-01,0.000000000000000000e+00,3.600000000000000000e+01
6.900000000000000000e+01,2.647590637207031250e-01,0.000000000000000000e+00,2.500000000000000000e+01
7.000000000000000000e+01,2.710750102996826172e-01,0.000000000000000000e+00,3.700000000000000000e+01
7.100000000000000000e+01,2.764930725097656250e-01,0.000000000000000000e+00,2.600000000000000000e+01
7.200000000000000000e+01,2.798230648040771484e-01,0.000000000000000000e+00,3.800000000000000000e+01
7.300000000000000000e+01,2.841570377349853516e-01,0.000000000000000000e+00,2.700000000000000000e+01
7.400000000000000000e+01,2.881801128387451172e-01,0.000000000000000000e+00,3.900000000000000000e+01
7.500000000000000000e+01,2.892410755157470703e-01,0.000000000000000000e+00,2.700000000000000000e+01
7.600000000000000000e+01,2.949290275573730469e-01,0.000000000000000000e+00,4.000000000000000000e+01
7.700000000000000000e+01,2.995970249176025391e-01,0.000000000000000000e+00,2.800000000000000000e+01
7.800000000000000000e+01,3.050270080566406250e-01,0.000000000000000000e+00,4.100000000000000000e+01
7.900000000000000000e+01,3.117702007293701172e-01,0.000000000000000000e+00,2.900000000000000000e+01
8.000000000000000000e+01,3.160941600799560547e-01,0.000000000000000000e+00,4.200000000000000000e+01
8.100000000000000000e+01,3.205111026763916016e-01,0.000000000000000000e+00,3.000000000000000000e+01
8.200000000000000000e+01,3.241040706634521484e-01,0.000000000000000000e+00,4.300000000000000000e+01
8.300000000000000000e+01,3.255040645599365234e-01,0.000000000000000000e+00,3.000000000000000000e+01
8.400000000000000000e+01,3.295199871063232422e-01,0.000000000000000000e+00,4.400000000000000000e+01
8.500000000000000000e+01,3.316071033477783203e-01,0.000000000000000000e+00,3.000000000000000000e+01
8.600000000000000000e+01,3.329181671142578125e-01,0.000000000000000000e+00,4.400000000000000000e+01
8.700000000000000000e+01,3.341081142425537109e-01,0.000000000000000000e+00,3.000000000000000000e+01
8.800000000000000000e+01,3.407092094421386719e-01,0.000000000000000000e+00,4.500000000000000000e+01
8.900000000000000000e+01,3.451731204986572266e-01,0.000000000000000000e+00,3.100000000000000000e+01
9.000000000000000000e+01,3.565690517425537109e-01,0.000000000000000000e+00,4.600000000000000000e+01
9.100000000000000000e+01,3.614041805267333984e-01,0.000000000000000000e+00,3.200000000000000000e+01
9.200000000000000000e+01,3.692979812622070312e-01,0.000000000000000000e+00,4.700000000000000000e+01
9.300000000000000000e+01,3.741621971130371094e-01,0.000000000000000000e+00,3.300000000000000000e+01
9.400000000000000000e+01,3.835811614990234375e-01,0.000000000000000000e+00,4.800000000000000000e+01
9.500000000000000000e+01,3.853549957275390625e-01,0.000000000000000000e+00,3.300000000000000000e+01
9.600000000000000000e+01,3.920481204986572266e-01,0.000000000000000000e+00,4.900000000000000000e+01
9.700000000000000000e+01,4.031090736389160156e-01,0.000000000000000000e+00,3.400000000000000000e+01
9.800000000000000000e+01,4.108011722564697266e-01,0.000000000000000000e+00,5.000000000000000000e+01
9.900000000000000000e+01,4.198460578918457031e-01,0.000000000000000000e+00,3.500000000000000000e+01
1.000000000000000000e+02,4.269051551818847656e-01,0.000000000000000000e+00,5.100000000000000000e+01
1.010000000000000000e+02,4.373211860656738281e-01,0.000000000000000000e+00,3.600000000000000000e+01
1.020000000000000000e+02,4.471931457519531250e-01,0.000000000000000000e+00,5.200000000000000000e+01
1.030000000000000000e+02,4.556570053100585938e-01,0.000000000000000000e+00,3.700000000000000000e+01
1.040000000000000000e+02,4.674429893493652344e-01,0.000000000000000000e+00,5.300000000000000000e+01
1.050000000000000000e+02,4.739952087402343750e-01,0.000000000000000000e+00,3.800000000000000000e+01
1.060000000000000000e+02,4.861650466918945312e-01,0.000000000000000000e+00,5.400000000000000000e+01
1.070000000000000000e+02,4.875349998474121094e-01,0.000000000000000000e+00,3.800000000000000000e+01
1.080000000000000000e+02,4.995181560516357422e-01,0.000000000000000000e+00,5.500000000000000000e+01
1.090000000000000000e+02,5.048720836639404297e-01,0.000000000000000000e+00,3.800000000000000000e+01
1.100000000000000000e+02,5.165860652923583984e-01,0.000000000000000000e+00,5.600000000000000000e+01
1.110000000000000000e+02,5.178530216217041016e-01,0.000000000000000000e+00,3.800000000000000000e+01
1.120000000000000000e+02,5.283021926879882812e-01,0.000000000000000000e+00,5.700000000000000000e+01
1.130000000000000000e+02,5.336430072784423828e-01,0.000000000000000000e+00,3.900000000000000000e+01
1.140000000000000000e+02,5.394020080566406250e-01,0.000000000000000000e+00,5.800000000000000000e+01
1.150000000000000000e+02,5.431292057037353516e-01,0.000000000000000000e+00,4.000000000000000000e+01
1.160000000000000000e+02,5.521969795227050781e-01,0.000000000000000000e+00,5.900000000000000000e+01
1.170000000000000000e+02,5.613291263580322266e-01,0.000000000000000000e+00,4.100000000000000000e+01
1.180000000000000000e+02,5.803949832916259766e-01,0.000000000000000000e+00,6.000000000000000000e+01
1.190000000000000000e+02,5.862741470336914062e-01,0.000000000000000000e+00,4.200000000000000000e+01
1.200000000000000000e+02,6.020600795745849609e-01,0.000000000000000000e+00,6.100000000000000000e+01
1.210000000000000000e+02,6.035931110382080078e-01,0.000000000000000000e+00,4.200000000000000000e+01
1.220000000000000000e+02,6.082739830017089844e-01,0.000000000000000000e+00,6.200000000000000000e+01
1.230000000000000000e+02,6.161701679229736328e-01,0.000000000000000000e+00,4.300000000000000000e+01
1.240000000000000000e+02,6.207590103149414062e-01,0.000000000000000000e+00,6.300000000000000000e+01
1.250000000000000000e+02,6.242861747741699219e-01,0.000000000000000000e+00,4.400000000000000000e+01
1.260000000000000000e+02,6.322941780090332031e-01,0.000000000000000000e+00,6.400000000000000000e+01
1.270000000000000000e+02,6.361970901489257812e-01,0.000000000000000000e+00,4.500000000000000000e+01
1.280000000000000000e+02,6.595702171325683594e-01,0.000000000000000000e+00,6.500000000000000000e+01
1.290000000000000000e+02,6.654281616210937500e-01,0.000000000000000000e+00,4.600000000000000000e+01
1.300000000000000000e+02,6.838550567626953125e-01,0.000000000000000000e+00,6.600000000000000000e+01
1.310000000000000000e+02,6.945672035217285156e-01,0.000000000000000000e+00,4.700000000000000000e+01
1.320000000000000000e+02,7.020101547241210938e-01,0.000000000000000000e+00,6.700000000000000000e+01
1.330000000000000000e+02,7.054212093353271484e-01,0.000000000000000000e+00,4.800000000000000000e+01
1.340000000000000000e+02,7.216160297393798828e-01,0.000000000000000000e+00,6.800000000000000000e+01
1.350000000000000000e+02,7.319421768188476562e-01,0.000000000000000000e+00,4.900000000000000000e+01
1.360000000000000000e+02,7.497692108154296875e-01,0.000000000000000000e+00,6.900000000000000000e+01
1.370000000000000000e+02,7.520160675048828125e-01,0.000000000000000000e+00,4.900000000000000000e+01
1.380000000000000000e+02,7.604711055755615234e-01,0.000000000000000000e+00,7.000000000000000000e+01
1.390000000000000000e+02,7.749190330505371094e-01,0.000000000000000000e+00,5.000000000000000000e+01
1.400000000000000000e+02,7.795131206512451172e-01,0.000000000000000000e+00,7.100000000000000000e+01
1.410000000000000000e+02,7.941761016845703125e-01,0.000000000000000000e+00,5.100000000000000000e+01
1.420000000000000000e+02,8.164219856262207031e-01,0.000000000000000000e+00,7.200000000000000000e+01
1.430000000000000000e+02,8.205900192260742188e-01,0.000000000000000000e+00,5.200000000000000000e+01
1.440000000000000000e+02,8.308520317077636719e-01,0.000000000000000000e+00,7.300000000000000000e+01
1.450000000000000000e+02,8.324091434478759766e-01,0.000000000000000000e+00,5.200000000000000000e+01
1.460000000000000000e+02,8.367700576782226562e-01,0.000000000000000000e+00,7.400000000000000000e+01
1.470000000000000000e+02,8.389310836791992188e-01,0.000000000000000000e+00,5.200000000000000000e+01
1.480000000000000000e+02,8.429491519927978516e-01,0.000000000000000000e+00,7.500000000000000000e+01
1.490000000000000000e+02,8.537211418151855469e-01,0.000000000000000000e+00,5.300000000000000000e+01
1.500000000000000000e+02,8.759570121765136719e-01,0.000000000000000000e+00,7.600000000000000000e+01
1.510000000000000000e+02,8.817050457000732422e-01,0.000000000000000000e+00,5.400000000000000000e+01
1.520000000000000000e+02,9.046740531921386719e-01,0.000000000000000000e+00,7.700000000000000000e+01
1.530000000000000000e+02,9.072861671447753906e-01,0.000000000000000000e+00,5.400000000000000000e+01
1.540000000000000000e+02,9.153280258178710938e-01,0.000000000000000000e+00,7.800000000000000000e+01
1.550000000000000000e+02,9.299650192260742188e-01,0.000000000000000000e+00,5.500000000000000000e+01
1.560000000000000000e+02,9.515120983123779297e-01,0.000000000000000000e+00,7.900000000000000000e+01
1.570000000000000000e+02,9.600269794464111328e-01,0.000000000000000000e+00,5.600000000000000000e+01
1.580000000000000000e+02,9.793281555175781250e-01,0.000000000000000000e+00,8.000000000000000000e+01
1.590000000000000000e+02,9.917280673980712891e-01,0.000000000000000000e+00,5.700000000000000000e+01
1.600000000000000000e+02,1.007947206497192383e+00,0.000000000000000000e+00,8.100000000000000000e+01
1.610000000000000000e+02,1.020563125610351562e+00,0.000000000000000000e+00,5.800000000000000000e+01
1.620000000000000000e+02,1.034551143646240234e+00,0.000000000000000000e+00,8.200000000000000000e+01
1.630000000000000000e+02,1.048197984695434570e+00,0.000000000000000000e+00,5.900000000000000000e+01
1.640000000000000000e+02,1.057488203048706055e+00,0.000000000000000000e+00,8.300000000000000000e+01
1.650000000000000000e+02,1.060928106307983398e+00,0.000000000000000000e+00,6.000000000000000000e+01
1.660000000000000000e+02,1.065489053726196289e+00,0.000000000000000000e+00,8.400000000000000000e+01
1.670000000000000000e+02,1.066899061203002930e+00,0.000000000000000000e+00,6.000000000000000000e+01
1.680000000000000000e+02,1.079012155532836914e+00,0.000000000000000000e+00,8.500000000000000000e+01
1.690000000000000000e+02,1.083829164505004883e+00,0.000000000000000000e+00,6.100000000000000000e+01
1.700000000000000000e+02,1.093963146209716797e+00,0.000000000000000000e+00,8.600000000000000000e+01
1.710000000000000000e+02,1.099522113800048828e+00,0.000000000000000000e+00,6.200000000000000000e+01
1.720000000000000000e+02,1.122471094131469727e+00,0.000000000000000000e+00,8.700000000000000000e+01
1.730000000000000000e+02,1.137046098709106445e+00,0.000000000000000000e+00,6.300000000000000000e+01
1.740000000000000000e+02,1.144787073135375977e+00,0.000000000000000000e+00,8.800000000000000000e+01
1.750000000000000000e+02,1.162101984024047852e+00,0.000000000000000000e+00,6.400000000000000000e+01
1.760000000000000000e+02,1.166117191314697266e+00,0.000000000000000000e+00,8.900000000000000000e+01
1.770000000000000000e+02,1.167608022689819336e+00,0.000000000000000000e+00,6.400000000000000000e+01
1.780000000000000000e+02,1.174767017364501953e+00,0.000000000000000000e+00,9.000000000000000000e+01
1.790000000000000000e+02,1.180635213851928711e+00,0.000000000000000000e+00,6.500000000000000000e+01
1.800000000000000000e+02,1.193313121795654297e+00,0.000000000000000000e+00,9.100000000000000000e+01
1.810000000000000000e+02,1.207300186157226562e+00,0.000000000000000000e+00,6.600000000000000000e+01
1.820000000000000000e+02,1.213212013244628906e+00,0.000000000000000000e+00,9.200000000000000000e+01
1.830000000000000000e+02,1.214932203292846680e+00,0.000000000000000000e+00,6.600000000000000000e+01
1.840000000000000000e+02,1.245537996292114258e+00,0.000000000000000000e+00,9.300000000000000000e+01
1.850000000000000000e+02,1.248591184616088867e+00,0.000000000000000000e+00,6.600000000000000000e+01
1.860000000000000000e+02,1.254971981048583984e+00,0.000000000000000000e+00,9.400000000000000000e+01
1.870000000000000000e+02,1.262322187423706055e+00,0.000000000000000000e+00,6.600000000000000000e+01
1.880000000000000000e+02,1.291077136993408203e+00,0.000000000000000000e+00,9.500000000000000000e+01
1.890000000000000000e+02,1.292679071426391602e+00,0.000000000000000000e+00,6.600000000000000000e+01
1.900000000000000000e+02,1.298252105712890625e+00,0.000000000000000000e+00,9.600000000000000000e+01
1.910000000000000000e+02,1.314015150070190430e+00,0.000000000000000000e+00,6.700000000000000000e+01
1.920000000000000000e+02,1.322401046752929688e+00,0.000000000000000000e+00,9.700000000000000000e+01
1.930000000000000000e+02,1.326405048370361328e+00,0.000000000000000000e+00,6.800000000000000000e+01
1.940000000000000000e+02,1.341856002807617188e+00,0.000000000000000000e+00,9.800000000000000000e+01
1.950000000000000000e+02,1.360325098037719727e+00,0.000000000000000000e+00,6.900000000000000000e+01
1.960000000000000000e+02,1.367937088012695312e+00,0.000000000000000000e+00,9.900000000000000000e+01
1.970000000000000000e+02,1.383980989456176758e+00,0.000000000000000000e+00,7.000000000000000000e+01
1.980000000000000000e+02,1.388912200927734375e+00,0.000000000000000000e+00,1.000000000000000000e+02
1.990000000000000000e+02,1.390624046325683594e+00,0.000000000000000000e+00,7.000000000000000000e+01
2.000000000000000000e+02,1.406817197799682617e+00,0.000000000000000000e+00,1.010000000000000000e+02
2.010000000000000000e+02,1.408845186233520508e+00,0.000000000000000000e+00,7.000000000000000000e+01
2.020000000000000000e+02,1.429094076156616211e+00,0.000000000000000000e+00,1.020000000000000000e+02
2.030000000000000000e+02,1.433015108108520508e+00,0.000000000000000000e+00,7.100000000000000000e+01
2.040000000000000000e+02,1.466957092285156250e+00,0.000000000000000000e+00,1.030000000000000000e+02
2.050000000000000000e+02,1.477360010147094727e+00,0.000000000000000000e+00,7.200000000000000000e+01
2.060000000000000000e+02,1.502163171768188477e+00,0.000000000000000000e+00,1.040000000000000000e+02
2.070000000000000000e+02,1.518339157104492188e+00,0.000000000000000000e+00,7.300000000000000000e+01
2.080000000000000000e+02,1.550583124160766602e+00,0.000000000000000000e+00,1.050000000000000000e+02
2.090000000000000000e+02,1.572540044784545898e+00,0.000000000000000000e+00,7.400000000000000000e+01
2.100000000000000000e+02,1.579828023910522461e+00,0.000000000000000000e+00,1.060000000000000000e+02
2.110000000000000000e+02,1.598086118698120117e+00,0.000000000000000000e+00,7.500000000000000000e+01
2.120000000000000000e+02,1.603106021881103516e+00,0.000000000000000000e+00,1.070000000000000000e+02
2.130000000000000000e+02,1.609757184982299805e+00,0.000000000000000000e+00,7.600000000000000000e+01
2.140000000000000000e+02,1.619015216827392578e+00,0.000000000000000000e+00,1.080000000000000000e+02
2.150000000000000000e+02,1.632938146591186523e+00,0.000000000000000000e+00,7.700000000000000000e+01
2.160000000000000000e+02,1.645754098892211914e+00,0.000000000000000000e+00,1.090000000000000000e+02
2.170000000000000000e+02,1.663309097290039062e+00,0.000000000000000000e+00,7.800000000000000000e+01
2.180000000000000000e+02,1.694749116897583008e+00,0.000000000000000000e+00,1.100000000000000000e+02
2.190000000000000000e+02,1.699915170669555664e+00,0.000000000000000000e+00,7.900000000000000000e+01
2.200000000000000000e+02,1.717590093612670898e+00,0.000000000000000000e+00,1.110000000000000000e+02
2.210000000000000000e+02,1.738581180572509766e+00,0.000000000000000000e+00,8.000000000000000000e+01
2.220000000000000000e+02,1.779156208038330078e+00,0.000000000000000000e+00,1.120000000000000000e+02
2.230000000000000000e+02,1.802372217178344727e+00,0.000000000000000000e+00,8.100000000000000000e+01
2.240000000000000000e+02,1.807275056838989258e+00,0.000000000000000000e+00,1.130000000000000000e+02
2.250000000000000000e+02,1.829478025436401367e+00,0.000000000000000000e+00,8.200000000000000000e+01
2.260000000000000000e+02,1.869939088821411133e+00,0.000000000000000000e+00,1.140000000000000000e+02
2.270000000000000000e+02,1.874107122421264648e+00,0.000000000000000000e+00,8.300000000000000000e+01
2.280000000000000000e+02,1.885869979858398438e+00,0.000000000000000000e+00,1.150000000000000000e+02
2.290000000000000000e+02,1.912744998931884766e+00,0.000000000000000000e+00,8.400000000000000000e+01
2.300000000000000000e+02,1.939908027648925781e+00,0.000000000000000000e+00,1.160000000000000000e+02
2.310000000000000000e+02,1.941856145858764648e+00,0.000000000000000000e+00,8.400000000000000000e+01
2.320000000000000000e+02,1.946092128753662109e+00,0.000000000000000000e+00,1.170000000000000000e+02
2.330000000000000000e+02,1.948563098907470703e+00,0.000000000000000000e+00,8.400000000000000000e+01
2.340000000000000000e+02,1.975869178771972656e+00,0.000000000000000000e+00,1.180000000000000000e+02
2.350000000000000000e+02,1.995072126388549805e+00,0.000000000000000000e+00,8.500000000000000000e+01
2.360000000000000000e+02,2.007222175598144531e+00,0.000000000000000000e+00,1.190000000000000000e+02
2.370000000000000000e+02,2.024113178253173828e+00,0.000000000000000000e+00,8.600000000000000000e+01
2.380000000000000000e+02,2.057023048400878906e+00,0.000000000000000000e+00,1.200000000000000000e+02
2.390000000000000000e+02,2.066686153411865234e+00,0.000000000000000000e+00,8.700000000000000000e+01
2.400000000000000000e+02,2.085427045822143555e+00,0.000000000000000000e+00,1.210000000000000000e+02
2.410000000000000000e+02,2.106920003890991211e+00,0.000000000000000000e+00,8.800000000000000000e+01
2.420000000000000000e+02,2.147963047027587891e+00,0.000000000000000000e+00,1.220000000000000000e+02
2.430000000000000000e+02,2.169259071350097656e+00,0.000000000000000000e+00,8.900000000000000000e+01
2.440000000000000000e+02,2.202484130859375000e+00,0.000000000000000000e+00,1.230000000000000000e+02
2.450000000000000000e+02,2.204491138458251953e+00,0.000000000000000000e+00,8.900000000000000000e+01
2.460000000000000000e+02,2.210654020309448242e+00,0.000000000000000000e+00,1.240000000000000000e+02
2.470000000000000000e+02,2.215938091278076172e+00,0.000000000000000000e+00,9.000000000000000000e+01
2.480000000000000000e+02,2.223118066787719727e+00,0.000000000000000000e+00,1.250000000000000000e+02
2.490000000000000000e+02,2.240661144256591797e+00,0.000000000000000000e+00,9.100000000000000000e+01
2.500000000000000000e+02,2.270249128341674805e+00,0.000000000000000000e+00,1.260000000000000000e+02
2.510000000000000000e+02,2.277156114578247070e+00,0.000000000000000000e+00,9.200000000000000000e+01
2.520000000000000000e+02,2.304371118545532227e+00,0.000000000000000000e+00,1.270000000000000000e+02
2.530000000000000000e+02,2.313214063644409180e+00,0.000000000000000000e+00,9.300000000000000000e+01
2.540000000000000000e+02,2.359359025955200195e+00,0.000000000000000000e+00,1.280000000000000000e+02
2.550000000000000000e+02,2.371128082275390625e+00,0.000000000000000000e+00,9.400000000000000000e+01
2.560000000000000000e+02,2.392796039581298828e+00,0.000000000000000000e+00,1.290000000000000000e+02
2.570000000000000000e+02,2.407607078552246094e+00,0.000000000000000000e+00,9.500000000000000000e+01
2.580000000000000000e+02,2.446576118469238281e+00,0.000000000000000000e+00,1.300000000000000000e+02
2.590000000000000000e+02,2.462536096572875977e+00,0.000000000000000000e+00,9.600000000000000000e+01
2.600000000000000000e+02,2.478669166564941406e+00,0.000000000000000000e+00,1.310000000000000000e+02
2.610000000000000000e+02,2.507218122482299805e+00,0.000000000000000000e+00,9.700000000000000000e+01
2.620000000000000000e+02,2.521031141281127930e+00,0.000000000000000000e+00,1.320000000000000000e+02
2.630000000000000000e+02,2.540561199188232422e+00,0.000000000000000000e+00,9.800000000000000000e+01
2.640000000000000000e+02,2.571427106857299805e+00,0.000000000000000000e+00,1.330000000000000000e+02
2.650000000000000000e+02,2.582893133163452148e+00,0.000000000000000000e+00,9.900000000000000000e+01
2.660000000000000000e+02,2.621026992797851562e+00,0.000000000000000000e+00,1.340000000000000000e+02
2.670000000000000000e+02,2.642427206039428711e+00,0.000000000000000000e+00,1.000000000000000000e+02
2.680000000000000000e+02,2.648972988128662109e+00,0.000000000000000000e+00,1.350000000000000000e+02
2.690000000000000000e+02,2.668542146682739258e+00,0.000000000000000000e+00,1.010000000000000000e+02
2.700000000000000000e+02,2.673130989074707031e+00,0.000000000000000000e+00,1.360000000000000000e+02
2.710000000000000000e+02,2.693894147872924805e+00,0.000000000000000000e+00,1.020000000000000000e+02
2.720000000000000000e+02,2.699671983718872070e+00,0.000000000000000000e+00,1.370000000000000000e+02
2.730000000000000000e+02,2.701969146728515625e+00,0.000000000000000000e+00,1.020000000000000000e+02
2.740000000000000000e+02,2.707818984985351562e+00,0.000000000000000000e+00,1.380000000000000000e+02
2.750000000000000000e+02,2.721300125122070312e+00,0.000000000000000000e+00,1.030000000000000000e+02
2.760000000000000000e+02,2.732547998428344727e+00,0.000000000000000000e+00,1.390000000000000000e+02
2.770000000000000000e+02,2.740569114685058594e+00,0.000000000000000000e+00,1.040000000000000000e+02
2.780000000000000000e+02,2.784221172332763672e+00,0.000000000000000000e+00,1.400000000000000000e+02
2.790000000000000000e+02,2.807437181472778320e+00,0.000000000000000000e+00,1.050000000000000000e+02
2.800000000000000000e+02,2.846485137939453125e+00,0.000000000000000000e+00,1.410000000000000000e+02
2.810000000000000000e+02,2.864886045455932617e+00,0.000000000000000000e+00,1.060000000000000000e+02
2.820000000000000000e+02,2.872287034988403320e+00,0.000000000000000000e+00,1.420000000000000000e+02
2.830000000000000000e+02,2.900501012802124023e+00,0.000000000000000000e+00,1.070000000000000000e+02
2.840000000000000000e+02,2.928636074066162109e+00,0.000000000000000000e+00,1.430000000000000000e+02
2.850000000000000000e+02,2.932908058166503906e+00,0.000000000000000000e+00,1.070000000000000000e+02
2.860000000000000000e+02,2.964255094528198242e+00,0.000000000000000000e+00,1.440000000000000000e+02
2.870000000000000000e+02,2.986577033996582031e+00,0.000000000000000000e+00,1.080000000000000000e+02
2.880000000000000000e+02,3.026107072830200195e+00,0.000000000000000000e+00,1.450000000000000000e+02
2.890000000000000000e+02,3.028403997421264648e+00,0.000000000000000000e+00,1.080000000000000000e+02
2.900000000000000000e+02,3.043536186218261719e+00,0.000000000000000000e+00,1.460000000000000000e+02
2.910000000000000000e+02,3.048601150512695312e+00,0.000000000000000000e+00,1.090000000000000000e+02
2.920000000000000000e+02,3.055803060531616211e+00,0.000000000000000000e+00,1.470000000000000000e+02
2.930000000000000000e+02,3.057783126831054688e+00,0.000000000000000000e+00,1.090000000000000000e+02
2.940000000000000000e+02,3.068339109420776367e+00,0.000000000000000000e+00,1.480000000000000000e+02
2.950000000000000000e+02,3.073145151138305664e+00,0.000000000000000000e+00,1.090000000000000000e+02
2.960000000000000000e+02,3.091961145401000977e+00,0.000000000000000000e+00,1.490000000000000000e+02
2.970000000000000000e+02,3.094328165054321289e+00,0.000000000000000000e+00,1.090000000000000000e+02
2.980000000000000000e+02,3.108017206192016602e+00,0.000000000000000000e+00,1.500000000000000000e+02
2.990000000000000000e+02,3.112627029418945312e+00,0.000000000000000000e+00,1.100000000000000000e+02
3.000000000000000000e+02,3.163120985031127930e+00,0.000000000000000000e+00,1.510000000000000000e+02
3.010000000000000000e+02,3.165294170379638672e+00,0.000000000000000000e+00,1.100000000000000000e+02
3.020000000000000000e+02,3.190815210342407227e+00,0.000000000000000000e+00,1.520000000000000000e+02
3.030000000000000000e+02,3.208734035491943359e+00,0.000000000000000000e+00,1.110000000000000000e+02
3.040000000000000000e+02,3.221749067306518555e+00,0.000000000000000000e+00,1.530000000000000000e+02
3.050000000000000000e+02,3.223877191543579102e+00,0.000000000000000000e+00,1.110000000000000000e+02
3.060000000000000000e+02,3.254053115844726562e+00,0.000000000000000000e+00,1.540000000000000000e+02
3.070000000000000000e+02,3.265022039413452148e+00,0.000000000000000000e+00,1.120000000000000000e+02
3.080000000000000000e+02,3.291995048522949219e+00,0.000000000000000000e+00,1.550000000000000000e+02
3.090000000000000000e+02,3.312422990798950195e+00,0.000000000000000000e+00,1.130000000000000000e+02
3.100000000000000000e+02,3.352989196777343750e+00,0.000000000000000000e+00,1.560000000000000000e+02
3.110000000000000000e+02,3.376556158065795898e+00,0.000000000000000000e+00,1.140000000000000000e+02
3.120000000000000000e+02,3.426398992538452148e+00,0.000000000000000000e+00,1.570000000000000000e+02
3.130000000000000000e+02,3.436036109924316406e+00,0.000000000000000000e+00,1.150000000000000000e+02
3.140000000000000000e+02,3.450567007064819336e+00,0.000000000000000000e+00,1.580000000000000000e+02
3.150000000000000000e+02,3.464411020278930664e+00,0.000000000000000000e+00,1.160000000000000000e+02
3.160000000000000000e+02,3.471402168273925781e+00,0.000000000000000000e+00,1.590000000000000000e+02
3.170000000000000000e+02,3.497744083404541016e+00,0.000000000000000000e+00,1.170000000000000000e+02
3.180000000000000000e+02,3.540842056274414062e+00,0.000000000000000000e+00,1.600000000000000000e+02
3.190000000000000000e+02,3.553186178207397461e+00,0.000000000000000000e+00,1.180000000000000000e+02
3.200000000000000000e+02,3.561029195785522461e+00,0.000000000000000000e+00,1.610000000000000000e+02
3.210000000000000000e+02,3.563085079193115234e+00,0.000000000000000000e+00,1.180000000000000000e+02
3.220000000000000000e+02,3.581259012222290039e+00,0.000000000000000000e+00,1.620000000000000000e+02
3.230000000000000000e+02,3.604098081588745117e+00,0.000000000000000000e+00,1.190000000000000000e+02
3.240000000000000000e+02,3.629188060760498047e+00,0.000000000000000000e+00,1.630000000000000000e+02
3.250000000000000000e+02,3.665445089340209961e+00,0.000000000000000000e+00,1.200000000000000000e+02
3.260000000000000000e+02,3.702794075012207031e+00,0.000000000000000000e+00,1.640000000000000000e+02
3.270000000000000000e+02,3.713883161544799805e+00,0.000000000000000000e+00,1.210000000000000000e+02
3.280000000000000000e+02,3.743409156799316406e+00,0.000000000000000000e+00,1.650000000000000000e+02
3.290000000000000000e+02,3.758879184722900391e+00,0.000000000000000000e+00,1.220000000000000000e+02
3.300000000000000000e+02,3.767637014389038086e+00,0.000000000000000000e+00,1.660000000000000000e+02
3.310000000000000000e+02,3.785433053970336914e+00,0.000000000000000000e+00,1.230000000000000000e+02
3.320000000000000000e+02,3.797162055969238281e+00,0.000000000000000000e+00,1.670000000000000000e+02
3.330000000000000000e+02,3.809643030166625977e+00,0.000000000000000000e+00,1.240000000000000000e+02
3.340000000000000000e+02,3.822671175003051758e+00,0.000000000000000000e+00,1.680000000000000000e+02
3.350000000000000000e+02,3.837507009506225586e+00,0.000000000000000000e+00,1.250000000000000000e+02
3.360000000000000000e+02,3.874819993972778320e+00,0.000000000000000000e+00,1.690000000000000000e+02
3.370000000000000000e+02,3.877977132797241211e+00,0.000000000000000000e+00,1.250000000000000000e+02
3.380000000000000000e+02,3.906670093536376953e+00,0.000000000000000000e+00,1.700000000000000000e+02
3.390000000000000000e+02,3.921184062957763672e+00,0.000000000000000000e+00,1.260000000000000000e+02
3.400000000000000000e+02,3.944648027420043945e+00,0.000000000000000000e+00,1.710000000000000000e+02
3.410000000000000000e+02,3.974996089935302734e+00,0.000000000000000000e+00,1.270000000000000000e+02
3.420000000000000000e+02,3.981480121612548828e+00,0.000000000000000000e+00,1.720000000000000000e+02
3.430000000000000000e+02,4.004076004028320312e+00,0.000000000000000000e+00,1.280000000000000000e+02
3.440000000000000000e+02,4.049189090728759766e+00,0.000000000000000000e+00,1.730000000000000000e+02
3.450000000000000000e+02,4.062453031539916992e+00,0.000000000000000000e+00,1.290000000000000000e+02
3.460000000000000000e+02,4.099652051925659180e+00,0.000000000000000000e+00,1.740000000000000000e+02
3.470000000000000000e+02,4.129971981048583984e+00,0.000000000000000000e+00,1.300000000000000000e+02
3.480000000000000000e+02,4.156408071517944336e+00,0.000000000000000000e+00,1.750000000000000000e+02
3.490000000000000000e+02,4.158790111541748047e+00,0.000000000000000000e+00,1.300000000000000000e+02
3.500000000000000000e+02,4.177627086639404297e+00,0.000000000000000000e+00,1.760000000000000000e+02
3.510000000000000000e+02,4.203910112380981445e+00,0.000000000000000000e+00,1.310000000000000000e+02
3.520000000000000000e+02,4.255501031875610352e+00,0.000000000000000000e+00,1.770000000000000000e+02
3.530000000000000000e+02,4.258601188659667969e+00,0.000000000000000000e+00,1.310000000000000000e+02
3.540000000000000000e+02,4.261921167373657227e+00,0.000000000000000000e+00,1.770000000000000000e+02
3.550000000000000000e+02,4.278620004653930664e+00,0.000000000000000000e+00,1.320000000000000000e+02
3.560000000000000000e+02,4.285441160202026367e+00,0.000000000000000000e+00,1.780000000000000000e+02
3.570000000000000000e+02,4.297260999679565430e+00,0.000000000000000000e+00,1.330000000000000000e+02
3.580000000000000000e+02,4.336070060729980469e+00,0.000000000000000000e+00,1.790000000000000000e+02
3.590000000000000000e+02,4.362248182296752930e+00,0.000000000000000000e+00,1.340000000000000000e+02
3.600000000000000000e+02,4.368257045745849609e+00,0.000000000000000000e+00,1.800000000000000000e+02
3.610000000000000000e+02,4.375960111618041992e+00,0.000000000000000000e+00,1.350000000000000000e+02
3.620000000000000000e+02,4.441419124603271484e+00,0.000000000000000000e+00,1.810000000000000000e+02
3.630000000000000000e+02,4.451195001602172852e+00,0.000000000000000000e+00,1.350000000000000000e+02
3.640000000000000000e+02,4.464040040969848633e+00,0.000000000000000000e+00,1.820000000000000000e+02
3.650000000000000000e+02,4.466795206069946289e+00,0.000000000000000000e+00,1.350000000000000000e+02
3.660000000000000000e+02,4.477935075759887695e+00,0.000000000000000000e+00,1.830000000000000000e+02
3.670000000000000000e+02,4.516540050506591797e+00,0.000000000000000000e+00,1.360000000000000000e+02
3.680000000000000000e+02,4.584515094757080078e+00,0.000000000000000000e+00,1.840000000000000000e+02
3.690000000000000000e+02,4.591127157211303711e+00,0.000000000000000000e+00,1.370000000000000000e+02
3.700000000000000000e+02,4.637185096740722656e+00,0.000000000000000000e+00,1.850000000000000000e+02
3.710000000000000000e+02,4.646005153656005859e+00,0.000000000000000000e+00,1.380000000000000000e+02
3.720000000000000000e+02,4.651888132095336914e+00,0.000000000000000000e+00,1.860000000000000000e+02
3.730000000000000000e+02,4.656134128570556641e+00,0.000000000000000000e+00,1.380000000000000000e+02
3.740000000000000000e+02,4.688046216964721680e+00,0.000000000000000000e+00,1.870000000000000000e+02
3.750000000000000000e+02,4.713903188705444336e+00,0.000000000000000000e+00,1.390000000000000000e+02
3.760000000000000000e+02,4.728820085525512695e+00,0.000000000000000000e+00,1.880000000000000000e+02
3.770000000000000000e+02,4.736445188522338867e+00,0.000000000000000000e+00,1.400000000000000000e+02
3.780000000000000000e+02,4.790779113769531250e+00,0.000000000000000000e+00,1.890000000000000000e+02
3.790000000000000000e+02,4.810394048690795898e+00,0.000000000000000000e+00,1.410000000000000000e+02
3.800000000000000000e+02,4.821524143218994141e+00,0.000000000000000000e+00,1.900000000000000000e+02
3.810000000000000000e+02,4.827080011367797852e+00,0.000000000000000000e+00,1.410000000000000000e+02
3.820000000000000000e+02,4.833110094070434570e+00,0.000000000000000000e+00,1.910000000000000000e+02
3.830000000000000000e+02,4.871398210525512695e+00,0.000000000000000000e+00,1.420000000000000000e+02
3.840000000000000000e+02,4.913858175277709961e+00,0.000000000000000000e+00,1.920000000000000000e+02
3.850000000000000000e+02,4.928696155548095703e+00,0.000000000000000000e+00,1.430000000000000000e+02
3.860000000000000000e+02,4.939653158187866211e+00,0.000000000000000000e+00,1.930000000000000000e+02
3.870000000000000000e+02,4.976545095443725586e+00,0.000000000000000000e+00,1.440000000000000000e+02
3.880000000000000000e+02,4.993000030517578125e+00,0.000000000000000000e+00,1.940000000000000000e+02
3.890000000000000000e+02,5.026563167572021484e+00,0.000000000000000000e+00,1.450000000000000000e+02
3.900000000000000000e+02,5.037032127380371094e+00,0.000000000000000000e+00,1.950000000000000000e+02
3.910000000000000000e+02,5.075008153915405273e+00,0.000000000000000000e+00,1.460000000000000000e+02
3.920000000000000000e+02,5.110182046890258789e+00,0.000000000000000000e+00,1.960000000000000000e+02
3.930000000000000000e+02,5.116808176040649414e+00,0.000000000000000000e+00,1.470000000000000000e+02
3.940000000000000000e+02,5.149661064147949219e+00,0.000000000000000000e+00,1.970000000000000000e+02
3.950000000000000000e+02,5.154540061950683594e+00,0.000000000000000000e+00,1.470000000000000000e+02
3.960000000000000000e+02,5.165946006774902344e+00,0.000000000000000000e+00,1.980000000000000000e+02
3.970000000000000000e+02,5.200176000595092773e+00,0.000000000000000000e+00,1.480000000000000000e+02
3.980000000000000000e+02,5.216642141342163086e+00,0.000000000000000000e+00,1.990000000000000000e+02
3.990000000000000000e+02,5.220355987548828125e+00,0.000000000000000000e+00,1.480000000000000000e+02
4.000000000000000000e+02,5.268065214157104492e+00,0.000000000000000000e+00,2.000000000000000000e+02
4.010000000000000000e+02,5.283608198165893555e+00,0.000000000000000000e+00,1.490000000000000000e+02
4.020000000000000000e+02,5.333373069763183594e+00,0.000000000000000000e+00,2.010000000000000000e+02
4.030000000000000000e+02,5.336194038391113281e+00,0.000000000000000000e+00,1.490000000000000000e+02
4.040000000000000000e+02,5.407944202423095703e+00,0.000000000000000000e+00,2.020000000000000000e+02
4.050000000000000000e+02,5.445514202117919922e+00,0.000000000000000000e+00,1.500000000000000000e+02
4.060000000000000000e+02,5.506784200668334961e+00,0.000000000000000000e+00,2.030000000000000000e+02
4.070000000000000000e+02,5.526068210601806641e+00,0.000000000000000000e+00,1.510000000000000000e+02
4.080000000000000000e+02,5.539088010787963867e+00,0.000000000000000000e+00,2.040000000000000000e+02
4.090000000000000000e+02,5.543611049652099609e+00,0.000000000000000000e+00,1.510000000000000000e+02
4.100000000000000000e+02,5.585622072219848633e+00,0.000000000000000000e+00,2.050000000000000000e+02
4.110000000000000000e+02,5.588304042816162109e+00,0.000000000000000000e+00,1.510000000000000000e+02
4.120000000000000000e+02,5.608219146728515625e+00,0.000000000000000000e+00,2.060000000000000000e+02
4.130000000000000000e+02,5.649612188339233398e+00,0.000000000000000000e+00,1.520000000000000000e+02
4.140000000000000000e+02,5.657104015350341797e+00,0.000000000000000000e+00,2.070000000000000000e+02
4.150000000000000000e+02,5.681586027145385742e+00,0.000000000000000000e+00,1.530000000000000000e+02
4.160000000000000000e+02,5.751768112182617188e+00,0.000000000000000000e+00,2.080000000000000000e+02
4.170000000000000000e+02,5.773223161697387695e+00,0.000000000000000000e+00,1.540000000000000000e+02
4.180000000000000000e+02,5.842226982116699219e+00,0.000000000000000000e+00,2.090000000000000000e+02
4.190000000000000000e+02,5.873143196105957031e+00,0.000000000000000000e+00,1.550000000000000000e+02
4.200000000000000000e+02,5.903945207595825195e+00,0.000000000000000000e+00,2.100000000000000000e+02
4.210000000000000000e+02,5.906573057174682617e+00,0.000000000000000000e+00,1.550000000000000000e+02
4.220000000000000000e+02,5.917617082595825195e+00,0.000000000000000000e+00,2.110000000000000000e+02
4.230000000000000000e+02,5.948388099670410156e+00,0.000000000000000000e+00,1.560000000000000000e+02
4.240000000000000000e+02,6.019937038421630859e+00,0.000000000000000000e+00,2.120000000000000000e+02
4.250000000000000000e+02,6.056962013244628906e+00,0.000000000000000000e+00,1.570000000000000000e+02
4.260000000000000000e+02,6.068948984146118164e+00,0.000000000000000000e+00,2.130000000000000000e+02
4.270000000000000000e+02,6.108123064041137695e+00,0.000000000000000000e+00,1.580000000000000000e+02
4.280000000000000000e+02,6.169131994247436523e+00,0.000000000000000000e+00,2.140000000000000000e+02
4.290000000000000000e+02,6.173039197921752930e+00,0.000000000000000000e+00,1.580000000000000000e+02
4.300000000000000000e+02,6.195394039154052734e+00,0.000000000000000000e+00,2.150000000000000000e+02
4.310000000000000000e+02,6.207848072052001953e+00,0.000000000000000000e+00,1.590000000000000000e+02
4.320000000000000000e+02,6.251524209976196289e+00,0.000000000000000000e+00,2.160000000000000000e+02
4.330000000000000000e+02,6.254932165145874023e+00,0.000000000000000000e+00,1.590000000000000000e+02
4.340000000000000000e+02,6.281479120254516602e+00,0.000000000000000000e+00,2.170000000000000000e+02
4.350000000000000000e+02,6.304594039916992188e+00,0.000000000000000000e+00,1.600000000000000000e+02
4.360000000000000000e+02,6.323492050170898438e+00,0.000000000000000000e+00,2.180000000000000000e+02
4.370000000000000000e+02,6.365632057189941406e+00,0.000000000000000000e+00,1.610000000000000000e+02
4.380000000000000000e+02,6.421450138092041016e+00,0.000000000000000000e+00,2.190000000000000000e+02
4.390000000000000000e+02,6.450177192687988281e+00,0.000000000000000000e+00,1.620000000000000000e+02
4.400000000000000000e+02,6.515741109848022461e+00,0.000000000000000000e+00,2.200000000000000000e+02
4.410000000000000000e+02,6.518366098403930664e+00,0.000000000000000000e+00,1.620000000000000000e+02
4.420000000000000000e+02,6.544458150863647461e+00,0.000000000000000000e+00,2.210000000000000000e+02
4.430000000000000000e+02,6.556567192077636719e+00,0.000000000000000000e+00,1.630000000000000000e+02
4.440000000000000000e+02,6.574825048446655273e+00,0.000000000000000000e+00,2.220000000000000000e+02
4.450000000000000000e+02,6.607145071029663086e+00,0.000000000000000000e+00,1.640000000000000000e+02
4.460000000000000000e+02,6.646218061447143555e+00,0.000000000000000000e+00,2.230000000000000000e+02
4.470000000000000000e+02,6.654736995697021484e+00,0.000000000000000000e+00,1.650000000000000000e+02
4.480000000000000000e+02,6.660375118255615234e+00,0.000000000000000000e+00,2.240000000000000000e+02
4.490000000000000000e+02,6.669754981994628906e+00,0.000000000000000000e+00,1.660000000000000000e+02
4.500000000000000000e+02,6.679730176925659180e+00,0.000000000000000000e+00,2.250000000000000000e+02
4.510000000000000000e+02,6.689568042755126953e+00,0.000000000000000000e+00,1.670000000000000000e+02
4.520000000000000000e+02,6.758244991302490234e+00,0.000000000000000000e+00,2.260000000000000000e+02
4.530000000000000000e+02,6.768642187118530273e+00,0.000000000000000000e+00,1.680000000000000000e+02
4.540000000000000000e+02,6.798655986785888672e+00,0.000000000000000000e+00,2.270000000000000000e+02
4.550000000000000000e+02,6.820871114730834961e+00,0.000000000000000000e+00,1.690000000000000000e+02
4.560000000000000000e+02,6.859035015106201172e+00,0.000000000000000000e+00,2.280000000000000000e+02
4.570000000000000000e+02,6.876319169998168945e+00,0.000000000000000000e+00,1.700000000000000000e+02
4.580000000000000000e+02,6.884955167770385742e+00,0.000000000000000000e+00,2.290000000000000000e+02
4.590000000000000000e+02,6.891681194305419922e+00,0.000000000000000000e+00,1.710000000000000000e+02
4.600000000000000000e+02,6.959003210067749023e+00,0.000000000000000000e+00,2.300000000000000000e+02
4.610000000000000000e+02,6.982963085174560547e+00,0.000000000000000000e+00,1.720000000000000000e+02
4.620000000000000000e+02,7.054617166519165039e+00,0.000000000000000000e+00,2.310000000000000000e+02
4.630000000000000000e+02,7.061461210250854492e+00,0.000000000000000000e+00,1.730000000000000000e+02
4.640000000000000000e+02,7.076755046844482422e+00,0.000000000000000000e+00,2.320000000000000000e+02
4.650000000000000000e+02,7.086486101150512695e+00,0.000000000000000000e+00,1.740000000000000000e+02
4.660000000000000000e+02,7.109938144683837891e+00,0.000000000000000000e+00,2.330000000000000000e+02
4.670000000000000000e+02,7.112665176391601562e+00,0.000000000000000000e+00,1.740000000000000000e+02
4.680000000000000000e+02,7.167301177978515625e+00,0.000000000000000000e+00,2.340000000000000000e+02
4.690000000000000000e+02,7.185062170028686523e+00,0.000000000000000000e+00,1.750000000000000000e+02
4.700000000000000000e+02,7.192992210388183594e+00,0.000000000000000000e+00,2.350000000000000000e+02
4.710000000000000000e+02,7.218697071075439453e+00,0.000000000000000000e+00,1.760000000000000000e+02
4.720000000000000000e+02,7.257317066192626953e+00,0.000000000000000000e+00,2.360000000000000000e+02
4.730000000000000000e+02,7.269034147262573242e+00,0.000000000000000000e+00,1.760000000000000000e+02
4.740000000000000000e+02,7.334364175796508789e+00,0.000000000000000000e+00,2.370000000000000000e+02
4.750000000000000000e+02,7.352566003799438477e+00,0.000000000000000000e+00,1.770000000000000000e+02
4.760000000000000000e+02,7.389922142028808594e+00,0.000000000000000000e+00,2.380000000000000000e+02
4.770000000000000000e+02,7.393000125885009766e+00,0.000000000000000000e+00,1.770000000000000000e+02
4.780000000000000000e+02,7.414772987365722656e+00,0.000000000000000000e+00,2.390000000000000000e+02
4.790000000000000000e+02,7.420056104660034180e+00,0.000000000000000000e+00,1.770000000000000000e+02
4.800000000000000000e+02,7.467560052871704102e+00,0.000000000000000000e+00,2.400000000000000000e+02
4.810000000000000000e+02,7.512858152389526367e+00,0.000000000000000000e+00,1.780000000000000000e+02
4.820000000000000000e+02,7.608535051345825195e+00,0.000000000000000000e+00,2.410000000000000000e+02
4.830000000000000000e+02,7.614631175994873047e+00,0.000000000000000000e+00,1.780000000000000000e+02
4.840000000000000000e+02,7.622301101684570312e+00,0.000000000000000000e+00,2.420000000000000000e+02
4.850000000000000000e+02,7.636376142501831055e+00,0.000000000000000000e+00,1.790000000000000000e+02
4.860000000000000000e+02,7.676834106445312500e+00,0.000000000000000000e+00,2.430000000000000000e+02
4.870000000000000000e+02,7.688567161560058594e+00,0.000000000000000000e+00,1.800000000000000000e+02
4.880000000000000000e+02,7.748407125473022461e+00,0.000000000000000000e+00,2.440000000000000000e+02
4.890000000000000000e+02,7.761313199996948242e+00,0.000000000000000000e+00,1.810000000000000000e+02
4.900000000000000000e+02,7.782444000244140625e+00,0.000000000000000000e+00,2.450000000000000000e+02
4.910000000000000000e+02,7.792946100234985352e+00,0.000000000000000000e+00,1.820000000000000000e+02
4.920000000000000000e+02,7.846652984619140625e+00,0.000000000000000000e+00,2.460000000000000000e+02
4.930000000000000000e+02,7.874994993209838867e+00,0.000000000000000000e+00,1.830000000000000000e+02
4.940000000000000000e+02,7.921927213668823242e+00,0.000000000000000000e+00,2.470000000000000000e+02
4.950000000000000000e+02,7.943494081497192383e+00,0.000000000000000000e+00,1.840000000000000000e+02
4.960000000000000000e+02,7.963361024856567383e+00,0.000000000000000000e+00,2.480000000000000000e+02
4.970000000000000000e+02,7.989847183227539062e+00,0.000000000000000000e+00,1.850000000000000000e+02
4.980000000000000000e+02,8.076649188995361328e+00,0.000000000000000000e+00,2.490000000000000000e+02
4.990000000000000000e+02,8.099212169647216797e+00,0.000000000000000000e+00,1.860000000000000000e+02
