0.000000000000000000e+00,1.005172729492187500e-03,0.000000000000000000e+00,1.000000000000000000e+00
1.000000000000000000e+00,2.715110778808593750e-03,0.000000000000000000e+00,2.000000000000000000e+00
2.000000000000000000e+00,4.986047744750976562e-03,0.000000000000000000e+00,2.000000000000000000e+00
3.000000000000000000e+00,7.203102111816406250e-03,0.000000000000000000e+00,3.000000000000000000e+00
4.000000000000000000e+00,9.493112564086914062e-03,0.000000000000000000e+00,3.000000000000000000e+00
5.000000000000000000e+00,1.227402687072753906e-02,0.000000000000000000e+00,4.000000000000000000e+00
6.000000000000000000e+00,1.458907127380371094e-02,0.000000000000000000e+00,4.000000000000000000e+00
7.000000000000000000e+00,1.675510406494140625e-02,0.000000000000000000e+00,5.000000000000000000e+00
8.000000000000000000e+00,1.898217201232910156e-02,0.000000000000000000e+00,5.000000000000000000e+00
9.000000000000000000e+00,2.144503593444824219e-02,0.000000000000000000e+00,6.000000000000000000e+00
1.000000000000000000e+01,2.331709861755371094e-02,0.000000000000000000e+00,6.000000000000000000e+00
1.100000000000000000e+01,2.656412124633789062e-02,0.000000000000000000e+00,7.000000000000000000e+00
1.200000000000000000e+01,2.881598472595214844e-02,0.000000000000000000e+00,7.000000000000000000e+00
1.300000000000000000e+01,3.080511093139648438e-02,0.000000000000000000e+00,8.000000000000000000e+00
1.400000000000000000e+01,3.227210044860839844e-02,0.000000000000000000e+00,7.000000000000000000e+00
1.500000000000000000e+01,3.454017639160156250e-02,0.000000000000000000e+00,9.000000000000000000e+00
1.600000000000000000e+01,3.707814216613769531e-02,0.000000000000000000e+00,8.000000000000000000e+00
1.700000000000000000e+01,4.003810882568359375e-02,0.000000000000000000e+00,1.000000000000000000e+01
1.800000000000000000e+01,4.312300682067871094e-02,0.000000000000000000e+00,9.000000000000000000e+00
1.900000000000000000e+01,4.648113250732421875e-02,0.000000000000000000e+00,1.100000000000000000e+01
2.000000000000000000e+01,4.956197738647460938e-02,0.000000000000000000e+00,1.000000000000000000e+01
2.100000000000000000e+01,5.056810379028320312e-02,0.000000000000000000e+00,1.100000000000000000e+01
2.200000000000000000e+01,5.147218704223632812e-02,0.000000000000000000e+00,1.000000000000000000e+01
2.300000000000000000e+01,5.523610115051269531e-02,0.000000000000000000e+00,1.200000000000000000e+01
2.400000000000000000e+01,5.863118171691894531e-02,0.000000000000000000e+00,1.100000000000000000e+01
2.500000000000000000e+01,6.238198280334472656e-02,0.000000000000000000e+00,1.300000000000000000e+01
2.600000000000000000e+01,6.661295890808105469e-02,0.000000000000000000e+00,1.200000000000000000e+01
2.700000000000000000e+01,6.879401206970214844e-02,0.000000000000000000e+00,1.400000000000000000e+01
2.800000000000000000e+01,6.965804100036621094e-02,0.000000000000000000e+00,1.200000000000000000e+01
2.900000000000000000e+01,7.381296157836914062e-02,0.000000000000000000e+00,1.500000000000000000e+01
3.000000000000000000e+01,7.467603683471679688e-02,0.000000000000000000e+00,1.200000000000000000e+01
3.100000000000000000e+01,7.896709442138671875e-02,0.000000000000000000e+00,1.600000000000000000e+01
3.200000000000000000e+01,8.012008666992187500e-02,0.000000000000000000e+00,1.200000000000000000e+01
3.300000000000000000e+01,8.514404296875000000e-02,0.000000000000000000e+00,1.700000000000000000e+01
3.400000000000000000e+01,8.826613426208496094e-02,0.000000000000000000e+00,1.300000000000000000e+01
3.500000000000000000e+01,9.381818771362304688e-02,0.000000000000000000e+00,1.800000000000000000e+01
3.600000000000000000e+01,9.490418434143066406e-02,0.000000000000000000e+00,1.300000000000000000e+01
3.700000000000000000e+01,9.807014465332031250e-02,0.000000000000000000e+00,1.900000000000000000e+01
3.800000000000000000e+01,1.003179550170898438e-01,0.000000000000000000e+00,1.400000000000000000e+01
3.900000000000000000e+01,1.036510467529296875e-01,2.334502527027533603e+01,2.000000000000000000e+01
4.000000000000000000e+01,1.066591739654541016e-01,2.334502527027533603e+01,1.400000000000000000e+01
4.100000000000000000e+01,1.075601577758789062e-01,2.334502527027533603e+01,1.500000000000000000e+01
4.200000000000000000e+01,1.082501411437988281e-01,2.334502527027533603e+01,1.400000000000000000e+01
4.300000000000000000e+01,1.112530231475830078e-01,2.334502527027533603e+01,1.600000000000000000e+01
4.400000000000000000e+01,1.124620437622070312e-01,2.334502527027533603e+01,1.400000000000000000e+01
4.500000000000000000e+01,1.132030487060546875e-01,2.334502527027533603e+01,1.600000000000000000e+01
4.600000000000000000e+01,1.161420345306396484e-01,2.334502527027533603e+01,1.500000000000000000e+01
4.700000000000000000e+01,1.197421550750732422e-01,2.334502527027533603e+01,1.700000000000000000e+01
4.800000000000000000e+01,1.204719543457031250e-01,2.334502527027533603e+01,1.500000000000000000e+01
4.900000000000000000e+01,1.240651607513427734e-01,2.334502527027533603e+01,1.800000000000000000e+01
5.000000000000000000e+01,1.249339580535888672e-01,2.334502527027533603e+01,1.500000000000000000e+01
5.100000000000000000e+01,1.300501823425292969e-01,2.334502527027533603e+01,1.900000000000000000e+01
5.200000000000000000e+01,1.344740390777587891e-01,2.334502527027533603e+01,1.600000000000000000e+01
5.300000000000000000e+01,1.371471881866455078e-01,2.334502527027533603e+01,2.000000000000000000e+01
5.400000000000000000e+01,1.408309936523437500e-01,2.334502527027533603e+01,1.700000000000000000e+01
5.500000000000000000e+01,1.417691707611083984e-01,2.334502527027533603e+01,2.000000000000000000e+01
5.600000000000000000e+01,1.450309753417968750e-01,2.334502527027533603e+01,1.800000000000000000e+01
5.700000000000000000e+01,1.506860256195068359e-01,2.334502527027533603e+01,2.100000000000000000e+01
5.800000000000000000e+01,1.559779644012451172e-01,2.334502527027533603e+01,1.900000000000000000e+01
5.900000000000000000e+01,1.566910743713378906e-01,2.334502527027533603e+01,2.100000000000000000e+01
6.000000000000000000e+01,1.593301296234130859e-01,2.334502527027533603e+01,2.000000000000000000e+01
6.100000000000000000e+01,1.620481014251708984e-01,2.334502527027533603e+01,2.200000000000000000e+01
6.200000000000000000e+01,1.629371643066406250e-01,2.334502527027533603e+01,2.000000000000000000e+01
6.300000000000000000e+01,1.698980331420898438e-01,2.334502527027533603e+01,2.300000000000000000e+01
6.400000000000000000e+01,1.706900596618652344e-01,2.334502527027533603e+01,2.000000000000000000e+01
6.500000000000000000e+01,1.738150119781494141e-01,2.334502527027533603e+01,2.400000000000000000e+01
6.600000000000000000e+01,1.780691146850585938e-01,2.334502527027533603e+01,2.100000000000000000e+01
6.700000000000000000e+01,1.837890148162841797e-01,2.334502527027533603e+01,2.500000000000000000e+01
6.800000000000000000e+01,1.875710487365722656e-01,2.334502527027533603e+01,2.200000000000000000e+01
6.900000000000000000e+01,1.903021335601806641e-01,2.334502527027533603e+01,2.600000000000000000e+01
7.000000000000000000e+01,1.923191547393798828e-01,2.334502527027533603e+01,2.300000000000000000e+01
7.100000000000000000e+01,1.931040287017822266e-01,2.334502527027533603e+01,2.600000000000000000e+01
7.200000000000000000e+01,1.939420700073242188e-01,2.334502527027533603e+01,2.300000000000000000e+01
7.300000000000000000e+01,1.967561244964599609e-01,2.334502527027533603e+01,2.700000000000000000e+01
7.400000000000000000e+01,2.029211521148681641e-01,2.334502527027533603e+01,2.400000000000000000e+01
7.500000000000000000e+01,2.075240612030029297e-01,2.334502527027533603e+01,2.800000000000000000e+01
7.600000000000000000e+01,2.096371650695800781e-01,2.334502527027533603e+01,2.500000000000000000e+01
7.700000000000000000e+01,2.104980945587158203e-01,2.334502527027533603e+01,2.800000000000000000e+01
7.800000000000000000e+01,2.134079933166503906e-01,2.334502527027533603e+01,2.600000000000000000e+01
7.900000000000000000e+01,2.210521697998046875e-01,2.334502527027533603e+01,2.900000000000000000e+01
8.000000000000000000e+01,2.222490310668945312e-01,2.334502527027533603e+01,2.600000000000000000e+01
8.100000000000000000e+01,2.273139953613281250e-01,2.334502527027533603e+01,3.000000000000000000e+01
8.200000000000000000e+01,2.291929721832275391e-01,2.334502527027533603e+01,2.700000000000000000e+01
8.300000000000000000e+01,2.300310134887695312e-01,2.334502527027533603e+01,3.000000000000000000e+01
8.400000000000000000e+01,2.327470779418945312e-01,2.334502527027533603e+01,2.800000000000000000e+01
8.500000000000000000e+01,2.361149787902832031e-01,2.334502527027533603e+01,3.100000000000000000e+01
8.600000000000000000e+01,2.372350692749023438e-01,2.334502527027533603e+01,2.800000000000000000e+01
8.700000000000000000e+01,2.427799701690673828e-01,2.334502527027533603e+01,3.200000000000000000e+01
8.800000000000000000e+01,2.488529682159423828e-01,2.334502527027533603e+01,2.900000000000000000e+01
8.900000000000000000e+01,2.526011466979980469e-01,2.294133641499023213e+01,3.300000000000000000e+01
9.000000000000000000e+01,2.532951831817626953e-01,2.294133641499023213e+01,2.800000000000000000e+01
9.100000000000000000e+01,2.560679912567138672e-01,2.294133641499023213e+01,3.200000000000000000e+01
9.200000000000000000e+01,2.624361515045166016e-01,2.294133641499023213e+01,2.900000000000000000e+01
9.300000000000000000e+01,2.634110450744628906e-01,2.294133641499023213e+01,3.200000000000000000e+01
9.400000000000000000e+01,2.662291526794433594e-01,2.294133641499023213e+01,3.000000000000000000e+01
9.500000000000000000e+01,2.705991268157958984e-01,2.294133641499023213e+01,3.300000000000000000e+01
9.600000000000000000e+01,2.727680206298828125e-01,2.018950776913967005e+01,3.100000000000000000e+01
9.700000000000000000e+01,2.750201225280761719e-01,2.018950776913967005e+01,1.800000000000000000e+01
9.800000000000000000e+01,2.756659984588623047e-01,2.018950776913967005e+01,1.700000000000000000e+01
9.900000000000000000e+01,2.797069549560546875e-01,2.018950776913967005e+01,1.900000000000000000e+01
1.000000000000000000e+02,2.803730964660644531e-01,2.018950776913967005e+01,1.700000000000000000e+01
1.010000000000000000e+02,2.810361385345458984e-01,2.018950776913967005e+01,1.900000000000000000e+01
1.020000000000000000e+02,2.815899848937988281e-01,2.018950776913967005e+01,1.700000000000000000e+01
1.030000000000000000e+02,2.823050022125244141e-01,2.018950776913967005e+01,1.900000000000000000e+01
1.040000000000000000e+02,2.855210304260253906e-01,2.018950776913967005e+01,1.800000000000000000e+01
1.050000000000000000e+02,2.877030372619628906e-01,2.018950776913967005e+01,2.000000000000000000e+01
1.060000000000000000e+02,2.883970737457275391e-01,2.018950776913967005e+01,1.800000000000000000e+01
1.070000000000000000e+02,2.899680137634277344e-01,1.933406839941360289e+01,2.100000000000000000e+01
1.080000000000000000e+02,2.916581630706787109e-01,1.933406839941360289e+01,1.500000000000000000e+01
1.090000000000000000e+02,2.921781539916992188e-01,1.933406839941360289e+01,8.000000000000000000e+00
1.100000000000000000e+02,2.929251194000244141e-01,1.933406839941360289e+01,1.500000000000000000e+01
1.110000000000000000e+02,2.935090065002441406e-01,1.933406839941360289e+01,8.000000000000000000e+00
1.120000000000000000e+02,2.940161228179931641e-01,1.933406839941360289e+01,1.500000000000000000e+01
1.130000000000000000e+02,2.944841384887695312e-01,1.933406839941360289e+01,8.000000000000000000e+00
1.140000000000000000e+02,2.955741882324218750e-01,1.933406839941360289e+01,1.500000000000000000e+01
1.150000000000000000e+02,2.960779666900634766e-01,1.933406839941360289e+01,8.000000000000000000e+00
1.160000000000000000e+02,2.966690063476562500e-01,1.933406839941360289e+01,1.500000000000000000e+01
1.170000000000000000e+02,2.972481250762939453e-01,1.933406839941360289e+01,8.000000000000000000e+00
1.180000000000000000e+02,2.979691028594970703e-01,1.933406839941360289e+01,1.500000000000000000e+01
1.190000000000000000e+02,2.985391616821289062e-01,1.933406839941360289e+01,8.000000000000000000e+00
1.200000000000000000e+02,2.992701530456542969e-01,1.933406839941360289e+01,1.500000000000000000e+01
1.210000000000000000e+02,2.998189926147460938e-01,1.933406839941360289e+01,8.000000000000000000e+00
1.220000000000000000e+02,3.003401756286621094e-01,1.933406839941360289e+01,1.500000000000000000e+01
1.230000000000000000e+02,3.020169734954833984e-01,1.933406839941360289e+01,9.000000000000000000e+00
1.240000000000000000e+02,3.034710884094238281e-01,1.933406839941360289e+01,1.600000000000000000e+01
1.250000000000000000e+02,3.042821884155273438e-01,1.933406839941360289e+01,9.000000000000000000e+00
1.260000000000000000e+02,3.050470352172851562e-01,1.933406839941360289e+01,1.600000000000000000e+01
1.270000000000000000e+02,3.056039810180664062e-01,1.933406839941360289e+01,9.000000000000000000e+00
1.280000000000000000e+02,3.062810897827148438e-01,1.933406839941360289e+01,1.600000000000000000e+01
1.290000000000000000e+02,3.070950508117675781e-01,1.933406839941360289e+01,9.000000000000000000e+00
1.300000000000000000e+02,3.077821731567382812e-01,1.933406839941360289e+01,1.600000000000000000e+01
1.310000000000000000e+02,3.097369670867919922e-01,1.933406839941360289e+01,1.000000000000000000e+01
1.320000000000000000e+02,3.104331493377685547e-01,1.933406839941360289e+01,1.600000000000000000e+01
1.330000000000000000e+02,3.122661113739013672e-01,1.933406839941360289e+01,1.100000000000000000e+01
1.340000000000000000e+02,3.143761157989501953e-01,1.933406839941360289e+01,1.700000000000000000e+01
1.350000000000000000e+02,3.149721622467041016e-01,1.933406839941360289e+01,1.100000000000000000e+01
1.360000000000000000e+02,3.170611858367919922e-01,1.933406839941360289e+01,1.800000000000000000e+01
1.370000000000000000e+02,3.177511692047119141e-01,1.933406839941360289e+01,1.100000000000000000e+01
1.380000000000000000e+02,3.183469772338867188e-01,1.933406839941360289e+01,1.800000000000000000e+01
1.390000000000000000e+02,3.191611766815185547e-01,1.933406839941360289e+01,1.100000000000000000e+01
1.400000000000000000e+02,3.206150531768798828e-01,1.933406839941360289e+01,1.900000000000000000e+01
1.410000000000000000e+02,3.213109970092773438e-01,1.933406839941360289e+01,1.100000000000000000e+01
1.420000000000000000e+02,3.220670223236083984e-01,1.933406839941360289e+01,1.900000000000000000e+01
1.430000000000000000e+02,3.228650093078613281e-01,1.933406839941360289e+01,1.100000000000000000e+01
1.440000000000000000e+02,3.235840797424316406e-01,1.933406839941360289e+01,1.900000000000000000e+01
1.450000000000000000e+02,3.259150981903076172e-01,1.933406839941360289e+01,1.200000000000000000e+01
1.460000000000000000e+02,3.266701698303222656e-01,1.933406839941360289e+01,1.900000000000000000e+01
1.470000000000000000e+02,3.276820182800292969e-01,1.933406839941360289e+01,1.200000000000000000e+01
1.480000000000000000e+02,3.301999568939208984e-01,1.933406839941360289e+01,2.000000000000000000e+01
1.490000000000000000e+02,3.309330940246582031e-01,1.933406839941360289e+01,1.200000000000000000e+01
1.500000000000000000e+02,3.315050601959228516e-01,1.933406839941360289e+01,2.000000000000000000e+01
1.510000000000000000e+02,3.323400020599365234e-01,1.933406839941360289e+01,1.200000000000000000e+01
1.520000000000000000e+02,3.329160213470458984e-01,1.933406839941360289e+01,2.000000000000000000e+01
1.530000000000000000e+02,3.335771560668945312e-01,1.933406839941360289e+01,1.200000000000000000e+01
1.540000000000000000e+02,3.367309570312500000e-01,1.933406839941360289e+01,2.100000000000000000e+01
1.550000000000000000e+02,3.408520221710205078e-01,1.933406839941360289e+01,1.300000000000000000e+01
1.560000000000000000e+02,3.416950702667236328e-01,1.933406839941360289e+01,2.100000000000000000e+01
1.570000000000000000e+02,3.424711227416992188e-01,1.933406839941360289e+01,1.300000000000000000e+01
1.580000000000000000e+02,3.432340621948242188e-01,1.933406839941360289e+01,2.100000000000000000e+01
1.590000000000000000e+02,3.438861370086669922e-01,1.933406839941360289e+01,1.300000000000000000e+01
1.600000000000000000e+02,3.449480533599853516e-01,1.933406839941360289e+01,2.100000000000000000e+01
1.610000000000000000e+02,3.478901386260986328e-01,1.933406839941360289e+01,1.400000000000000000e+01
1.620000000000000000e+02,3.484690189361572266e-01,1.933406839941360289e+01,2.100000000000000000e+01
1.630000000000000000e+02,3.489801883697509766e-01,1.933406839941360289e+01,1.400000000000000000e+01
1.640000000000000000e+02,3.497581481933593750e-01,1.933406839941360289e+01,2.100000000000000000e+01
1.650000000000000000e+02,3.502810001373291016e-01,1.933406839941360289e+01,1.400000000000000000e+01
1.660000000000000000e+02,3.510441780090332031e-01,1.933406839941360289e+01,2.100000000000000000e+01
1.670000000000000000e+02,3.516831398010253906e-01,1.933406839941360289e+01,1.400000000000000000e+01
1.680000000000000000e+02,3.529710769653320312e-01,1.933406839941360289e+01,2.100000000000000000e+01
1.690000000000000000e+02,3.540871143341064453e-01,1.933406839941360289e+01,1.400000000000000000e+01
1.700000000000000000e+02,3.549931049346923828e-01,1.933406839941360289e+01,2.100000000000000000e+01
1.710000000000000000e+02,3.556771278381347656e-01,1.933406839941360289e+01,1.400000000000000000e+01
1.720000000000000000e+02,3.564491271972656250e-01,1.933406839941360289e+01,2.100000000000000000e+01
1.730000000000000000e+02,3.570671081542968750e-01,1.933406839941360289e+01,1.400000000000000000e+01
1.740000000000000000e+02,3.576641082763671875e-01,1.933406839941360289e+01,2.100000000000000000e+01
1.750000000000000000e+02,3.586120605468750000e-01,1.933406839941360289e+01,1.400000000000000000e+01
1.760000000000000000e+02,3.601021766662597656e-01,1.933406839941360289e+01,2.100000000000000000e+01
1.770000000000000000e+02,3.608930110931396484e-01,1.933406839941360289e+01,1.400000000000000000e+01
1.780000000000000000e+02,3.618381023406982422e-01,1.933406839941360289e+01,2.100000000000000000e+01
1.790000000000000000e+02,3.626370429992675781e-01,1.933406839941360289e+01,1.400000000000000000e+01
1.800000000000000000e+02,3.632581233978271484e-01,1.933406839941360289e+01,2.100000000000000000e+01
1.810000000000000000e+02,3.669331073760986328e-01,1.933406839941360289e+01,1.500000000000000000e+01
1.820000000000000000e+02,3.675460815429687500e-01,1.933406839941360289e+01,2.100000000000000000e+01
1.830000000000000000e+02,3.681609630584716797e-01,1.933406839941360289e+01,1.500000000000000000e+01
1.840000000000000000e+02,3.690240383148193359e-01,1.933406839941360289e+01,2.100000000000000000e+01
1.850000000000000000e+02,3.696219921112060547e-01,1.933406839941360289e+01,1.500000000000000000e+01
1.860000000000000000e+02,3.703930377960205078e-01,1.933406839941360289e+01,2.100000000000000000e+01
1.870000000000000000e+02,3.710210323333740234e-01,1.933406839941360289e+01,1.500000000000000000e+01
1.880000000000000000e+02,3.719310760498046875e-01,1.933406839941360289e+01,2.100000000000000000e+01
1.890000000000000000e+02,3.725411891937255859e-01,1.933406839941360289e+01,1.500000000000000000e+01
1.900000000000000000e+02,3.739559650421142578e-01,1.933406839941360289e+01,2.100000000000000000e+01
1.910000000000000000e+02,3.748190402984619141e-01,1.933406839941360289e+01,1.500000000000000000e+01
1.920000000000000000e+02,3.783550262451171875e-01,1.933406839941360289e+01,2.200000000000000000e+01
1.930000000000000000e+02,3.820991516113281250e-01,1.933406839941360289e+01,1.600000000000000000e+01
1.940000000000000000e+02,3.838140964508056641e-01,1.933406839941360289e+01,2.200000000000000000e+01
1.950000000000000000e+02,3.848011493682861328e-01,1.933406839941360289e+01,1.600000000000000000e+01
1.960000000000000000e+02,3.858129978179931641e-01,1.933406839941360289e+01,2.200000000000000000e+01
1.970000000000000000e+02,3.869001865386962891e-01,1.933406839941360289e+01,1.600000000000000000e+01
1.980000000000000000e+02,3.878309726715087891e-01,1.933406839941360289e+01,2.200000000000000000e+01
1.990000000000000000e+02,3.884720802307128906e-01,1.933406839941360289e+01,1.600000000000000000e+01
2.000000000000000000e+02,3.892199993133544922e-01,1.933406839941360289e+01,2.200000000000000000e+01
2.010000000000000000e+02,3.898770809173583984e-01,1.933406839941360289e+01,1.600000000000000000e+01
2.020000000000000000e+02,3.907339572906494141e-01,1.933406839941360289e+01,2.200000000000000000e+01
2.030000000000000000e+02,3.959071636199951172e-01,1.933406839941360289e+01,1.700000000000000000e+01
2.040000000000000000e+02,3.967640399932861328e-01,1.933406839941360289e+01,2.200000000000000000e+01
2.050000000000000000e+02,3.973970413208007812e-01,1.933406839941360289e+01,1.700000000000000000e+01
2.060000000000000000e+02,3.982050418853759766e-01,1.933406839941360289e+01,2.200000000000000000e+01
2.070000000000000000e+02,3.990869522094726562e-01,1.933406839941360289e+01,1.700000000000000000e+01
2.080000000000000000e+02,3.996760845184326172e-01,1.933406839941360289e+01,2.200000000000000000e+01
2.090000000000000000e+02,4.004051685333251953e-01,1.933406839941360289e+01,1.700000000000000000e+01
2.100000000000000000e+02,4.010491371154785156e-01,1.933406839941360289e+01,2.200000000000000000e+01
2.110000000000000000e+02,4.041590690612792969e-01,1.933406839941360289e+01,1.800000000000000000e+01
2.120000000000000000e+02,4.076941013336181641e-01,1.933406839941360289e+01,2.300000000000000000e+01
2.130000000000000000e+02,4.085931777954101562e-01,1.933406839941360289e+01,1.800000000000000000e+01
2.140000000000000000e+02,4.157660007476806641e-01,1.933406839941360289e+01,2.400000000000000000e+01
2.150000000000000000e+02,4.163000583648681641e-01,1.933406839941360289e+01,1.800000000000000000e+01
2.160000000000000000e+02,4.221470355987548828e-01,1.933406839941360289e+01,2.500000000000000000e+01
2.170000000000000000e+02,4.228081703186035156e-01,1.933406839941360289e+01,1.800000000000000000e+01
2.180000000000000000e+02,4.263629913330078125e-01,1.933406839941360289e+01,2.600000000000000000e+01
2.190000000000000000e+02,4.271800518035888672e-01,1.933406839941360289e+01,1.800000000000000000e+01
2.200000000000000000e+02,4.279119968414306641e-01,1.933406839941360289e+01,2.600000000000000000e+01
2.210000000000000000e+02,4.288480281829833984e-01,1.933406839941360289e+01,1.800000000000000000e+01
2.220000000000000000e+02,4.372169971466064453e-01,1.933406839941360289e+01,2.700000000000000000e+01
2.230000000000000000e+02,4.381511211395263672e-01,1.933406839941360289e+01,1.800000000000000000e+01
2.240000000000000000e+02,4.387910366058349609e-01,1.933406839941360289e+01,2.700000000000000000e+01
2.250000000000000000e+02,4.394731521606445312e-01,1.933406839941360289e+01,1.800000000000000000e+01
2.260000000000000000e+02,4.401581287384033203e-01,1.933406839941360289e+01,2.700000000000000000e+01
2.270000000000000000e+02,4.410660266876220703e-01,1.933406839941360289e+01,1.800000000000000000e+01
2.280000000000000000e+02,4.418029785156250000e-01,1.933406839941360289e+01,2.700000000000000000e+01
2.290000000000000000e+02,4.423639774322509766e-01,1.933406839941360289e+01,1.800000000000000000e+01
2.300000000000000000e+02,4.480221271514892578e-01,1.933406839941360289e+01,2.800000000000000000e+01
2.310000000000000000e+02,4.530899524688720703e-01,1.933406839941360289e+01,1.900000000000000000e+01
2.320000000000000000e+02,4.539520740509033203e-01,1.933406839941360289e+01,2.800000000000000000e+01
2.330000000000000000e+02,4.548871517181396484e-01,1.933406839941360289e+01,1.900000000000000000e+01
2.340000000000000000e+02,4.564130306243896484e-01,1.933406839941360289e+01,2.800000000000000000e+01
2.350000000000000000e+02,4.569830894470214844e-01,1.933406839941360289e+01,1.900000000000000000e+01
2.360000000000000000e+02,4.592549800872802734e-01,1.933406839941360289e+01,2.900000000000000000e+01
2.370000000000000000e+02,4.629931449890136719e-01,1.933406839941360289e+01,2.000000000000000000e+01
2.380000000000000000e+02,4.664990901947021484e-01,1.933406839941360289e+01,3.000000000000000000e+01
2.390000000000000000e+02,4.671180248260498047e-01,1.933406839941360289e+01,2.000000000000000000e+01
2.400000000000000000e+02,4.677491188049316406e-01,1.933406839941360289e+01,3.000000000000000000e+01
2.410000000000000000e+02,4.686300754547119141e-01,1.933406839941360289e+01,2.000000000000000000e+01
2.420000000000000000e+02,4.703791141510009766e-01,1.911060149145092879e+01,3.100000000000000000e+01
2.430000000000000000e+02,4.711091518402099609e-01,1.911060149145092879e+01,1.100000000000000000e+01
2.440000000000000000e+02,4.720640182495117188e-01,1.911060149145092879e+01,2.600000000000000000e+01
2.450000000000000000e+02,4.728310108184814453e-01,1.911060149145092879e+01,1.100000000000000000e+01
2.460000000000000000e+02,4.736490249633789062e-01,1.911060149145092879e+01,2.600000000000000000e+01
2.470000000000000000e+02,4.742729663848876953e-01,1.911060149145092879e+01,1.100000000000000000e+01
2.480000000000000000e+02,4.748980998992919922e-01,1.911060149145092879e+01,2.600000000000000000e+01
2.490000000000000000e+02,4.758679866790771484e-01,1.911060149145092879e+01,1.100000000000000000e+01
2.500000000000000000e+02,4.764871597290039062e-01,1.911060149145092879e+01,2.600000000000000000e+01
2.510000000000000000e+02,4.770891666412353516e-01,1.911060149145092879e+01,1.100000000000000000e+01
2.520000000000000000e+02,4.780671596527099609e-01,1.911060149145092879e+01,2.600000000000000000e+01
2.530000000000000000e+02,4.787681102752685547e-01,1.911060149145092879e+01,1.100000000000000000e+01
2.540000000000000000e+02,4.794499874114990234e-01,1.911060149145092879e+01,2.600000000000000000e+01
2.550000000000000000e+02,4.800841808319091797e-01,1.911060149145092879e+01,1.100000000000000000e+01
2.560000000000000000e+02,4.808630943298339844e-01,1.911060149145092879e+01,2.600000000000000000e+01
2.570000000000000000e+02,4.833090305328369141e-01,1.911060149145092879e+01,1.200000000000000000e+01
2.580000000000000000e+02,4.907591342926025391e-01,1.911060149145092879e+01,2.700000000000000000e+01
2.590000000000000000e+02,4.914121627807617188e-01,1.911060149145092879e+01,1.200000000000000000e+01
2.600000000000000000e+02,4.920110702514648438e-01,1.911060149145092879e+01,2.700000000000000000e+01
2.610000000000000000e+02,4.926571846008300781e-01,1.911060149145092879e+01,1.200000000000000000e+01
2.620000000000000000e+02,4.932379722595214844e-01,1.911060149145092879e+01,2.700000000000000000e+01
2.630000000000000000e+02,4.937760829925537109e-01,1.911060149145092879e+01,1.200000000000000000e+01
2.640000000000000000e+02,4.946160316467285156e-01,1.911060149145092879e+01,2.700000000000000000e+01
2.650000000000000000e+02,4.954199790954589844e-01,1.911060149145092879e+01,1.200000000000000000e+01
2.660000000000000000e+02,4.963560104370117188e-01,1.911060149145092879e+01,2.700000000000000000e+01
2.670000000000000000e+02,4.970691204071044922e-01,1.911060149145092879e+01,1.200000000000000000e+01
2.680000000000000000e+02,4.981541633605957031e-01,1.911060149145092879e+01,2.700000000000000000e+01
2.690000000000000000e+02,4.988391399383544922e-01,1.911060149145092879e+01,1.200000000000000000e+01
2.700000000000000000e+02,4.994029998779296875e-01,1.911060149145092879e+01,2.700000000000000000e+01
2.710000000000000000e+02,5.001511573791503906e-01,1.911060149145092879e+01,1.200000000000000000e+01
2.720000000000000000e+02,5.009529590606689453e-01,1.911060149145092879e+01,2.700000000000000000e+01
2.730000000000000000e+02,5.017170906066894531e-01,1.911060149145092879e+01,1.200000000000000000e+01
2.740000000000000000e+02,5.023760795593261719e-01,1.911060149145092879e+01,2.700000000000000000e+01
2.750000000000000000e+02,5.030360221862792969e-01,1.911060149145092879e+01,1.200000000000000000e+01
2.760000000000000000e+02,5.039491653442382812e-01,1.911060149145092879e+01,2.700000000000000000e+01
2.770000000000000000e+02,5.046300888061523438e-01,1.911060149145092879e+01,1.200000000000000000e+01
2.780000000000000000e+02,5.053031444549560547e-01,1.911060149145092879e+01,2.700000000000000000e+01
2.790000000000000000e+02,5.073010921478271484e-01,1.911060149145092879e+01,1.300000000000000000e+01
2.800000000000000000e+02,5.116300582885742188e-01,1.911060149145092879e+01,2.800000000000000000e+01
2.810000000000000000e+02,5.122480392456054688e-01,1.911060149145092879e+01,1.300000000000000000e+01
2.820000000000000000e+02,5.159220695495605469e-01,1.911060149145092879e+01,2.900000000000000000e+01
2.830000000000000000e+02,5.166139602661132812e-01,1.911060149145092879e+01,1.300000000000000000e+01
2.840000000000000000e+02,5.172631740570068359e-01,1.911060149145092879e+01,2.900000000000000000e+01
2.850000000000000000e+02,5.181610584259033203e-01,1.911060149145092879e+01,1.300000000000000000e+01
2.860000000000000000e+02,5.191681385040283203e-01,1.911060149145092879e+01,2.900000000000000000e+01
2.870000000000000000e+02,5.198481082916259766e-01,1.911060149145092879e+01,1.300000000000000000e+01
2.880000000000000000e+02,5.209269523620605469e-01,1.911060149145092879e+01,2.900000000000000000e+01
2.890000000000000000e+02,5.214390754699707031e-01,1.911060149145092879e+01,1.300000000000000000e+01
2.900000000000000000e+02,5.269801616668701172e-01,1.911060149145092879e+01,3.000000000000000000e+01
2.910000000000000000e+02,5.275251865386962891e-01,1.911060149145092879e+01,1.300000000000000000e+01
2.920000000000000000e+02,5.353450775146484375e-01,1.911060149145092879e+01,3.100000000000000000e+01
2.930000000000000000e+02,5.359871387481689453e-01,1.911060149145092879e+01,1.300000000000000000e+01
2.940000000000000000e+02,5.403311252593994141e-01,1.911060149145092879e+01,3.200000000000000000e+01
2.950000000000000000e+02,5.409281253814697266e-01,1.911060149145092879e+01,1.300000000000000000e+01
2.960000000000000000e+02,5.492520332336425781e-01,1.911060149145092879e+01,3.300000000000000000e+01
2.970000000000000000e+02,5.498440265655517578e-01,1.911060149145092879e+01,1.300000000000000000e+01
2.980000000000000000e+02,5.511939525604248047e-01,1.911060149145092879e+01,3.300000000000000000e+01
2.990000000000000000e+02,5.518109798431396484e-01,1.911060149145092879e+01,1.300000000000000000e+01
3.000000000000000000e+02,5.583851337432861328e-01,1.911060149145092879e+01,3.400000000000000000e+01
3.010000000000000000e+02,5.589861869812011719e-01,1.911060149145092879e+01,1.300000000000000000e+01
3.020000000000000000e+02,5.599541664123535156e-01,1.911060149145092879e+01,3.400000000000000000e+01
3.030000000000000000e+02,5.607011318206787109e-01,1.911060149145092879e+01,1.300000000000000000e+01
3.040000000000000000e+02,5.613319873809814453e-01,1.911060149145092879e+01,3.400000000000000000e+01
3.050000000000000000e+02,5.622160434722900391e-01,1.911060149145092879e+01,1.300000000000000000e+01
3.060000000000000000e+02,5.641291141510009766e-01,1.911060149145092879e+01,3.400000000000000000e+01
3.070000000000000000e+02,5.663139820098876953e-01,1.911060149145092879e+01,1.400000000000000000e+01
3.080000000000000000e+02,5.669641494750976562e-01,1.911060149145092879e+01,3.400000000000000000e+01
3.090000000000000000e+02,5.676000118255615234e-01,1.911060149145092879e+01,1.400000000000000000e+01
3.100000000000000000e+02,5.771219730377197266e-01,1.911060149145092879e+01,3.500000000000000000e+01
3.110000000000000000e+02,5.788140296936035156e-01,1.911060149145092879e+01,1.500000000000000000e+01
3.120000000000000000e+02,5.807609558105468750e-01,1.911060149145092879e+01,3.500000000000000000e+01
3.130000000000000000e+02,5.815720558166503906e-01,1.911060149145092879e+01,1.500000000000000000e+01
3.140000000000000000e+02,5.823290348052978516e-01,1.911060149145092879e+01,3.500000000000000000e+01
3.150000000000000000e+02,5.831670761108398438e-01,1.911060149145092879e+01,1.500000000000000000e+01
3.160000000000000000e+02,5.864729881286621094e-01,1.911060149145092879e+01,3.600000000000000000e+01
3.170000000000000000e+02,5.872261524200439453e-01,1.911060149145092879e+01,1.500000000000000000e+01
3.180000000000000000e+02,5.881869792938232422e-01,1.911060149145092879e+01,3.600000000000000000e+01
3.190000000000000000e+02,5.887041091918945312e-01,1.911060149145092879e+01,1.500000000000000000e+01
3.200000000000000000e+02,5.896420478820800781e-01,1.911060149145092879e+01,3.600000000000000000e+01
3.210000000000000000e+02,5.904681682586669922e-01,1.911060149145092879e+01,1.500000000000000000e+01
3.220000000000000000e+02,5.917019844055175781e-01,1.911060149145092879e+01,3.600000000000000000e+01
3.230000000000000000e+02,5.933580398559570312e-01,1.911060149145092879e+01,1.500000000000000000e+01
3.240000000000000000e+02,5.942809581756591797e-01,1.911060149145092879e+01,3.600000000000000000e+01
3.250000000000000000e+02,5.951189994812011719e-01,1.911060149145092879e+01,1.500000000000000000e+01
3.260000000000000000e+02,5.960800647735595703e-01,1.911060149145092879e+01,3.600000000000000000e+01
3.270000000000000000e+02,5.966100692749023438e-01,1.911060149145092879e+01,1.500000000000000000e+01
3.280000000000000000e+02,5.999021530151367188e-01,1.911060149145092879e+01,3.700000000000000000e+01
3.290000000000000000e+02,6.007180213928222656e-01,1.911060149145092879e+01,1.500000000000000000e+01
3.300000000000000000e+02,6.014029979705810547e-01,1.911060149145092879e+01,3.700000000000000000e+01
3.310000000000000000e+02,6.020650863647460938e-01,1.911060149145092879e+01,1.500000000000000000e+01
3.320000000000000000e+02,6.110751628875732422e-01,1.911060149145092879e+01,3.800000000000000000e+01
3.330000000000000000e+02,6.117320060729980469e-01,1.911060149145092879e+01,1.500000000000000000e+01
3.340000000000000000e+02,6.123499870300292969e-01,1.911060149145092879e+01,3.800000000000000000e+01
3.350000000000000000e+02,6.128649711608886719e-01,1.911060149145092879e+01,1.500000000000000000e+01
3.360000000000000000e+02,6.139690876007080078e-01,1.911060149145092879e+01,3.800000000000000000e+01
3.370000000000000000e+02,6.148250102996826172e-01,1.911060149145092879e+01,1.500000000000000000e+01
3.380000000000000000e+02,6.160199642181396484e-01,1.911060149145092879e+01,3.800000000000000000e+01
3.390000000000000000e+02,6.185140609741210938e-01,1.911060149145092879e+01,1.500000000000000000e+01
3.400000000000000000e+02,6.191711425781250000e-01,1.911060149145092879e+01,3.800000000000000000e+01
3.410000000000000000e+02,6.200380325317382812e-01,1.911060149145092879e+01,1.500000000000000000e+01
3.420000000000000000e+02,6.210951805114746094e-01,1.911060149145092879e+01,3.800000000000000000e+01
3.430000000000000000e+02,6.218390464782714844e-01,1.911060149145092879e+01,1.500000000000000000e+01
3.440000000000000000e+02,6.224470138549804688e-01,1.911060149145092879e+01,3.800000000000000000e+01
3.450000000000000000e+02,6.233460903167724609e-01,1.911060149145092879e+01,1.500000000000000000e+01
3.460000000000000000e+02,6.240651607513427734e-01,1.911060149145092879e+01,3.800000000000000000e+01
3.470000000000000000e+02,6.248841285705566406e-01,1.911060149145092879e+01,1.500000000000000000e+01
3.480000000000000000e+02,6.258540153503417969e-01,1.911060149145092879e+01,3.800000000000000000e+01
3.490000000000000000e+02,6.266081333160400391e-01,1.911060149145092879e+01,1.500000000000000000e+01
3.500000000000000000e+02,6.272220611572265625e-01,1.911060149145092879e+01,3.800000000000000000e+01
3.510000000000000000e+02,6.280691623687744141e-01,1.911060149145092879e+01,1.500000000000000000e+01
3.520000000000000000e+02,6.286849975585937500e-01,1.911060149145092879e+01,3.800000000000000000e+01
3.530000000000000000e+02,6.294350624084472656e-01,1.911060149145092879e+01,1.500000000000000000e+01
3.540000000000000000e+02,6.303770542144775391e-01,1.911060149145092879e+01,3.800000000000000000e+01
3.550000000000000000e+02,6.312839984893798828e-01,1.911060149145092879e+01,1.500000000000000000e+01
3.560000000000000000e+02,6.322879791259765625e-01,1.911060149145092879e+01,3.800000000000000000e+01
3.570000000000000000e+02,6.329190731048583984e-01,1.911060149145092879e+01,1.500000000000000000e+01
3.580000000000000000e+02,6.384930610656738281e-01,1.911060149145092879e+01,3.900000000000000000e+01
3.590000000000000000e+02,6.392400264739990234e-01,1.911060149145092879e+01,1.500000000000000000e+01
3.600000000000000000e+02,6.401610374450683594e-01,1.911060149145092879e+01,3.900000000000000000e+01
3.610000000000000000e+02,6.407639980316162109e-01,1.911060149145092879e+01,1.500000000000000000e+01
3.620000000000000000e+02,6.418621540069580078e-01,1.911060149145092879e+01,3.900000000000000000e+01
3.630000000000000000e+02,6.425180435180664062e-01,1.911060149145092879e+01,1.500000000000000000e+01
3.640000000000000000e+02,6.431710720062255859e-01,1.911060149145092879e+01,3.900000000000000000e+01
3.650000000000000000e+02,6.438450813293457031e-01,1.911060149145092879e+01,1.500000000000000000e+01
3.660000000000000000e+02,6.535580158233642578e-01,1.911060149145092879e+01,4.000000000000000000e+01
3.670000000000000000e+02,6.541800498962402344e-01,1.911060149145092879e+01,1.500000000000000000e+01
3.680000000000000000e+02,6.555411815643310547e-01,1.911060149145092879e+01,4.000000000000000000e+01
3.690000000000000000e+02,6.602070331573486328e-01,1.911060149145092879e+01,1.600000000000000000e+01
3.700000000000000000e+02,6.612119674682617188e-01,1.911060149145092879e+01,4.000000000000000000e+01
3.710000000000000000e+02,6.624600887298583984e-01,1.911060149145092879e+01,1.600000000000000000e+01
3.720000000000000000e+02,6.633789539337158203e-01,1.911060149145092879e+01,4.000000000000000000e+01
3.730000000000000000e+02,6.640441417694091797e-01,1.911060149145092879e+01,1.600000000000000000e+01
3.740000000000000000e+02,6.695401668548583984e-01,1.911060149145092879e+01,4.100000000000000000e+01
3.750000000000000000e+02,6.707711219787597656e-01,1.911060149145092879e+01,1.600000000000000000e+01
3.760000000000000000e+02,6.770200729370117188e-01,1.911060149145092879e+01,4.200000000000000000e+01
3.770000000000000000e+02,6.777620315551757812e-01,1.911060149145092879e+01,1.600000000000000000e+01
3.780000000000000000e+02,6.783871650695800781e-01,1.911060149145092879e+01,4.200000000000000000e+01
3.790000000000000000e+02,6.800911426544189453e-01,1.911060149145092879e+01,1.700000000000000000e+01
3.800000000000000000e+02,6.814081668853759766e-01,1.911060149145092879e+01,4.200000000000000000e+01
3.810000000000000000e+02,6.822750568389892578e-01,1.911060149145092879e+01,1.700000000000000000e+01
3.820000000000000000e+02,6.831309795379638672e-01,1.911060149145092879e+01,4.200000000000000000e+01
3.830000000000000000e+02,6.839480400085449219e-01,1.911060149145092879e+01,1.700000000000000000e+01
3.840000000000000000e+02,6.847701072692871094e-01,1.911060149145092879e+01,4.200000000000000000e+01
3.850000000000000000e+02,6.855881214141845703e-01,1.911060149145092879e+01,1.700000000000000000e+01
3.860000000000000000e+02,6.889619827270507812e-01,1.911060149145092879e+01,4.300000000000000000e+01
3.870000000000000000e+02,6.896560192108154297e-01,1.911060149145092879e+01,1.700000000000000000e+01
3.880000000000000000e+02,6.908769607543945312e-01,1.911060149145092879e+01,4.300000000000000000e+01
3.890000000000000000e+02,6.928939819335937500e-01,1.911060149145092879e+01,1.800000000000000000e+01
3.900000000000000000e+02,6.939101219177246094e-01,1.911060149145092879e+01,4.300000000000000000e+01
3.910000000000000000e+02,6.947760581970214844e-01,1.911060149145092879e+01,1.800000000000000000e+01
3.920000000000000000e+02,6.957261562347412109e-01,1.911060149145092879e+01,4.300000000000000000e+01
3.930000000000000000e+02,6.965370178222656250e-01,1.911060149145092879e+01,1.800000000000000000e+01
3.940000000000000000e+02,7.071280479431152344e-01,1.911060149145092879e+01,4.400000000000000000e+01
3.950000000000000000e+02,7.129940986633300781e-01,1.911060149145092879e+01,1.900000000000000000e+01
3.960000000000000000e+02,7.137901782989501953e-01,1.911060149145092879e+01,4.400000000000000000e+01
3.970000000000000000e+02,7.148051261901855469e-01,1.911060149145092879e+01,1.900000000000000000e+01
3.980000000000000000e+02,7.158000469207763672e-01,1.911060149145092879e+01,4.400000000000000000e+01
3.990000000000000000e+02,7.168791294097900391e-01,1.911060149145092879e+01,1.900000000000000000e+01
4.000000000000000000e+02,7.180249691009521484e-01,1.911060149145092879e+01,4.400000000000000000e+01
4.010000000000000000e+02,7.186200618743896484e-01,1.911060149145092879e+01,1.900000000000000000e+01
4.020000000000000000e+02,7.199411392211914062e-01,1.911060149145092879e+01,4.400000000000000000e+01
4.030000000000000000e+02,7.206599712371826172e-01,1.911060149145092879e+01,1.900000000000000000e+01
4.040000000000000000e+02,7.230811119079589844e-01,1.911060149145092879e+01,4.500000000000000000e+01
4.050000000000000000e+02,7.238860130310058594e-01,1.911060149145092879e+01,1.900000000000000000e+01
4.060000000000000000e+02,7.252399921417236328e-01,1.911060149145092879e+01,4.500000000000000000e+01
4.070000000000000000e+02,7.258851528167724609e-01,1.911060149145092879e+01,1.900000000000000000e+01
4.080000000000000000e+02,7.267901897430419922e-01,1.911060149145092879e+01,4.500000000000000000e+01
4.090000000000000000e+02,7.274000644683837891e-01,1.911060149145092879e+01,1.900000000000000000e+01
4.100000000000000000e+02,7.281191349029541016e-01,1.911060149145092879e+01,4.500000000000000000e+01
4.110000000000000000e+02,7.347700595855712891e-01,1.911060149145092879e+01,2.000000000000000000e+01
4.120000000000000000e+02,7.462270259857177734e-01,1.911060149145092879e+01,4.600000000000000000e+01
4.130000000000000000e+02,7.470769882202148438e-01,1.911060149145092879e+01,2.000000000000000000e+01
4.140000000000000000e+02,7.477660179138183594e-01,1.911060149145092879e+01,4.600000000000000000e+01
4.150000000000000000e+02,7.484390735626220703e-01,1.911060149145092879e+01,2.000000000000000000e+01
4.160000000000000000e+02,7.494771480560302734e-01,1.911060149145092879e+01,4.600000000000000000e+01
4.170000000000000000e+02,7.509140968322753906e-01,1.911060149145092879e+01,2.000000000000000000e+01
4.180000000000000000e+02,7.515809535980224609e-01,1.911060149145092879e+01,4.600000000000000000e+01
4.190000000000000000e+02,7.523760795593261719e-01,1.911060149145092879e+01,2.000000000000000000e+01
4.200000000000000000e+02,7.530281543731689453e-01,1.911060149145092879e+01,4.600000000000000000e+01
4.210000000000000000e+02,7.539300918579101562e-01,1.911060149145092879e+01,2.000000000000000000e+01
4.220000000000000000e+02,7.624840736389160156e-01,1.911060149145092879e+01,4.700000000000000000e+01
4.230000000000000000e+02,7.632031440734863281e-01,1.911060149145092879e+01,2.000000000000000000e+01
4.240000000000000000e+02,7.739281654357910156e-01,1.911060149145092879e+01,4.800000000000000000e+01
4.250000000000000000e+02,7.748401165008544922e-01,1.911060149145092879e+01,2.000000000000000000e+01
4.260000000000000000e+02,7.758800983428955078e-01,1.911060149145092879e+01,4.800000000000000000e+01
4.270000000000000000e+02,7.766530513763427734e-01,1.911060149145092879e+01,2.000000000000000000e+01
4.280000000000000000e+02,7.778580188751220703e-01,1.911060149145092879e+01,4.800000000000000000e+01
4.290000000000000000e+02,7.785160541534423828e-01,1.911060149145092879e+01,2.000000000000000000e+01
4.300000000000000000e+02,7.795541286468505859e-01,1.911060149145092879e+01,4.800000000000000000e+01
4.310000000000000000e+02,7.802970409393310547e-01,1.911060149145092879e+01,2.000000000000000000e+01
4.320000000000000000e+02,7.809681892395019531e-01,1.911060149145092879e+01,4.800000000000000000e+01
4.330000000000000000e+02,7.818939685821533203e-01,1.911060149145092879e+01,2.000000000000000000e+01
4.340000000000000000e+02,7.830829620361328125e-01,1.911060149145092879e+01,4.800000000000000000e+01
4.350000000000000000e+02,7.839460372924804688e-01,1.911060149145092879e+01,2.000000000000000000e+01
4.360000000000000000e+02,7.850370407104492188e-01,1.911060149145092879e+01,4.800000000000000000e+01
4.370000000000000000e+02,7.857301235198974609e-01,1.911060149145092879e+01,2.000000000000000000e+01
4.380000000000000000e+02,7.869760990142822266e-01,1.911060149145092879e+01,4.800000000000000000e+01
4.390000000000000000e+02,7.876529693603515625e-01,1.911060149145092879e+01,2.000000000000000000e+01
4.400000000000000000e+02,7.883071899414062500e-01,1.911060149145092879e+01,4.800000000000000000e+01
4.410000000000000000e+02,7.893280982971191406e-01,1.911060149145092879e+01,2.000000000000000000e+01
4.420000000000000000e+02,7.902669906616210938e-01,1.911060149145092879e+01,4.800000000000000000e+01
4.430000000000000000e+02,7.953751087188720703e-01,1.911060149145092879e+01,2.100000000000000000e+01
4.440000000000000000e+02,7.964491844177246094e-01,1.911060149145092879e+01,4.800000000000000000e+01
4.450000000000000000e+02,7.973439693450927734e-01,1.911060149145092879e+01,2.100000000000000000e+01
4.460000000000000000e+02,7.981431484222412109e-01,1.911060149145092879e+01,4.800000000000000000e+01
4.470000000000000000e+02,7.992429733276367188e-01,1.911060149145092879e+01,2.100000000000000000e+01
4.480000000000000000e+02,8.070530891418457031e-01,1.911060149145092879e+01,4.900000000000000000e+01
4.490000000000000000e+02,8.079860210418701172e-01,1.911060149145092879e+01,2.100000000000000000e+01
4.500000000000000000e+02,8.108849525451660156e-01,1.911060149145092879e+01,5.000000000000000000e+01
4.510000000000000000e+02,8.115491867065429688e-01,1.911060149145092879e+01,2.100000000000000000e+01
4.520000000000000000e+02,8.125181198120117188e-01,1.911060149145092879e+01,5.000000000000000000e+01
4.530000000000000000e+02,8.140361309051513672e-01,1.911060149145092879e+01,2.100000000000000000e+01
4.540000000000000000e+02,8.152251243591308594e-01,1.911060149145092879e+01,5.000000000000000000e+01
4.550000000000000000e+02,8.204581737518310547e-01,1.911060149145092879e+01,2.200000000000000000e+01
4.560000000000000000e+02,8.242280483245849609e-01,1.911060149145092879e+01,5.100000000000000000e+01
4.570000000000000000e+02,8.251399993896484375e-01,1.911060149145092879e+01,2.200000000000000000e+01
4.580000000000000000e+02,8.258891105651855469e-01,1.911060149145092879e+01,5.100000000000000000e+01
4.590000000000000000e+02,8.265459537506103516e-01,1.911060149145092879e+01,2.200000000000000000e+01
4.600000000000000000e+02,8.341581821441650391e-01,1.911060149145092879e+01,5.200000000000000000e+01
4.610000000000000000e+02,8.350181579589843750e-01,1.911060149145092879e+01,2.200000000000000000e+01
4.620000000000000000e+02,8.361301422119140625e-01,1.911060149145092879e+01,5.200000000000000000e+01
4.630000000000000000e+02,8.417050838470458984e-01,1.911060149145092879e+01,2.300000000000000000e+01
4.640000000000000000e+02,8.437740802764892578e-01,1.911060149145092879e+01,5.300000000000000000e+01
4.650000000000000000e+02,8.443500995635986328e-01,1.911060149145092879e+01,2.300000000000000000e+01
4.660000000000000000e+02,8.456749916076660156e-01,1.911060149145092879e+01,5.300000000000000000e+01
4.670000000000000000e+02,8.462560176849365234e-01,1.911060149145092879e+01,2.300000000000000000e+01
4.680000000000000000e+02,8.475320339202880859e-01,1.911060149145092879e+01,5.300000000000000000e+01
4.690000000000000000e+02,8.484599590301513672e-01,1.911060149145092879e+01,2.300000000000000000e+01
4.700000000000000000e+02,8.491160869598388672e-01,1.911060149145092879e+01,5.300000000000000000e+01
4.710000000000000000e+02,8.497669696807861328e-01,1.911060149145092879e+01,2.300000000000000000e+01
4.720000000000000000e+02,8.571670055389404297e-01,1.911060149145092879e+01,5.400000000000000000e+01
4.730000000000000000e+02,8.579699993133544922e-01,1.911060149145092879e+01,2.300000000000000000e+01
4.740000000000000000e+02,8.594951629638671875e-01,1.911060149145092879e+01,5.400000000000000000e+01
4.750000000000000000e+02,8.602030277252197266e-01,1.911060149145092879e+01,2.300000000000000000e+01
4.760000000000000000e+02,8.614151477813720703e-01,1.911060149145092879e+01,5.400000000000000000e+01
4.770000000000000000e+02,8.647279739379882812e-01,1.911060149145092879e+01,2.400000000000000000e+01
4.780000000000000000e+02,8.654539585113525391e-01,1.911060149145092879e+01,5.400000000000000000e+01
4.790000000000000000e+02,8.659961223602294922e-01,1.911060149145092879e+01,2.400000000000000000e+01
4.800000000000000000e+02,8.672871589660644531e-01,1.911060149145092879e+01,5.400000000000000000e+01
4.810000000000000000e+02,8.680620193481445312e-01,1.911060149145092879e+01,2.400000000000000000e+01
4.820000000000000000e+02,8.687050342559814453e-01,1.911060149145092879e+01,5.400000000000000000e+01
4.830000000000000000e+02,8.696360588073730469e-01,1.911060149145092879e+01,2.400000000000000000e+01
4.840000000000000000e+02,8.707830905914306641e-01,1.911060149145092879e+01,5.400000000000000000e+01
4.850000000000000000e+02,8.714959621429443359e-01,1.911060149145092879e+01,2.400000000000000000e+01
4.860000000000000000e+02,8.722760677337646484e-01,1.911060149145092879e+01,5.400000000000000000e+01
4.870000000000000000e+02,8.729491233825683594e-01,1.911060149145092879e+01,2.400000000000000000e+01
4.880000000000000000e+02,8.740949630737304688e-01,1.911060149145092879e+01,5.400000000000000000e+01
4.890000000000000000e+02,8.747229576110839844e-01,1.911060149145092879e+01,2.400000000000000000e+01
4.900000000000000000e+02,8.754119873046875000e-01,1.911060149145092879e+01,5.400000000000000000e+01
4.910000000000000000e+02,8.764541149139404297e-01,1.911060149145092879e+01,2.400000000000000000e+01
4.920000000000000000e+02,8.770930767059326172e-01,1.911060149145092879e+01,5.400000000000000000e+01
4.930000000000000000e+02,8.780801296234130859e-01,1.911060149145092879e+01,2.400000000000000000e+01
4.940000000000000000e+02,8.796069622039794922e-01,1.911060149145092879e+01,5.400000000000000000e+01
4.950000000000000000e+02,8.805601596832275391e-01,1.911060149145092879e+01,2.400000000000000000e+01
4.960000000000000000e+02,8.871641159057617188e-01,1.911060149145092879e+01,5.500000000000000000e+01
4.970000000000000000e+02,8.879280090332031250e-01,1.911060149145092879e+01,2.400000000000000000e+01
4.980000000000000000e+02,8.890390396118164062e-01,1.911060149145092879e+01,5.500000000000000000e+01
4.990000000000000000e+02,8.899571895599365234e-01,1.911060149145092879e+01,2.400000000000000000e+01
