0.000000000000000000e+00,2.426862716674804688e-03,0.000000000000000000e+00,2.000000000000000000e+00
1.000000000000000000e+00,4.588842391967773438e-03,0.000000000000000000e+00,2.000000000000000000e+00
2.000000000000000000e+00,7.498979568481445312e-03,0.000000000000000000e+00,3.000000000000000000e+00
3.000000000000000000e+00,1.059198379516601562e-02,0.000000000000000000e+00,3.000000000000000000e+00
4.000000000000000000e+00,1.317596435546875000e-02,0.000000000000000000e+00,4.000000000000000000e+00
5.000000000000000000e+00,1.620388031005859375e-02,0.000000000000000000e+00,4.000000000000000000e+00
6.000000000000000000e+00,1.929497718811035156e-02,0.000000000000000000e+00,5.000000000000000000e+00
7.000000000000000000e+00,2.243399620056152344e-02,0.000000000000000000e+00,5.000000000000000000e+00
8.000000000000000000e+00,2.524781227111816406e-02,0.000000000000000000e+00,6.000000000000000000e+00
9.000000000000000000e+00,2.814292907714843750e-02,0.000000000000000000e+00,6.000000000000000000e+00
1.000000000000000000e+01,3.194284439086914062e-02,0.000000000000000000e+00,7.000000000000000000e+00
1.100000000000000000e+01,3.501892089843750000e-02,0.000000000000000000e+00,7.000000000000000000e+00
1.200000000000000000e+01,3.848385810852050781e-02,0.000000000000000000e+00,8.000000000000000000e+00
1.300000000000000000e+01,4.126691818237304688e-02,0.000000000000000000e+00,8.000000000000000000e+00
1.400000000000000000e+01,4.218482971191406250e-02,0.000000000000000000e+00,8.000000000000000000e+00
1.500000000000000000e+01,4.585599899291992188e-02,0.000000000000000000e+00,9.000000000000000000e+00
1.600000000000000000e+01,4.725384712219238281e-02,0.000000000000000000e+00,8.000000000000000000e+00
1.700000000000000000e+01,5.086684226989746094e-02,0.000000000000000000e+00,1.000000000000000000e+01
1.800000000000000000e+01,5.346083641052246094e-02,2.750786074467882969e+01,9.000000000000000000e+00
1.900000000000000000e+01,5.399298667907714844e-02,2.750786074467882969e+01,4.000000000000000000e+00
2.000000000000000000e+01,5.568289756774902344e-02,2.750786074467882969e+01,5.000000000000000000e+00
2.100000000000000000e+01,5.617499351501464844e-02,2.750786074467882969e+01,4.000000000000000000e+00
2.200000000000000000e+01,5.681800842285156250e-02,2.750786074467882969e+01,5.000000000000000000e+00
2.300000000000000000e+01,5.838179588317871094e-02,2.750786074467882969e+01,5.000000000000000000e+00
2.400000000000000000e+01,5.896878242492675781e-02,2.750786074467882969e+01,5.000000000000000000e+00
2.500000000000000000e+01,6.114077568054199219e-02,2.750786074467882969e+01,6.000000000000000000e+00
2.600000000000000000e+01,6.176996231079101562e-02,2.750786074467882969e+01,5.000000000000000000e+00
2.700000000000000000e+01,6.231093406677246094e-02,2.750786074467882969e+01,6.000000000000000000e+00
2.800000000000000000e+01,6.317877769470214844e-02,2.750786074467882969e+01,5.000000000000000000e+00
2.900000000000000000e+01,6.372880935668945312e-02,2.750786074467882969e+01,6.000000000000000000e+00
3.000000000000000000e+01,6.435680389404296875e-02,2.750786074467882969e+01,5.000000000000000000e+00
3.100000000000000000e+01,6.487584114074707031e-02,2.750786074467882969e+01,6.000000000000000000e+00
3.200000000000000000e+01,6.554484367370605469e-02,2.750786074467882969e+01,5.000000000000000000e+00
3.300000000000000000e+01,6.848788261413574219e-02,2.750786074467882969e+01,7.000000000000000000e+00
3.400000000000000000e+01,6.927990913391113281e-02,2.750786074467882969e+01,5.000000000000000000e+00
3.500000000000000000e+01,7.234978675842285156e-02,2.750786074467882969e+01,8.000000000000000000e+00
3.600000000000000000e+01,7.471084594726562500e-02,2.730033470622402447e+01,6.000000000000000000e+00
3.700000000000000000e+01,7.658791542053222656e-02,2.730033470622402447e+01,7.000000000000000000e+00
3.800000000000000000e+01,7.731080055236816406e-02,2.730033470622402447e+01,3.000000000000000000e+00
3.900000000000000000e+01,7.832384109497070312e-02,2.730033470622402447e+01,7.000000000000000000e+00
4.000000000000000000e+01,7.897996902465820312e-02,2.730033470622402447e+01,3.000000000000000000e+00
4.100000000000000000e+01,7.958197593688964844e-02,2.730033470622402447e+01,7.000000000000000000e+00
4.200000000000000000e+01,8.230781555175781250e-02,2.730033470622402447e+01,4.000000000000000000e+00
4.300000000000000000e+01,8.410978317260742188e-02,2.730033470622402447e+01,8.000000000000000000e+00
4.400000000000000000e+01,8.466792106628417969e-02,2.730033470622402447e+01,4.000000000000000000e+00
4.500000000000000000e+01,8.531284332275390625e-02,2.730033470622402447e+01,8.000000000000000000e+00
4.600000000000000000e+01,8.614587783813476562e-02,2.730033470622402447e+01,4.000000000000000000e+00
4.700000000000000000e+01,8.806395530700683594e-02,2.730033470622402447e+01,9.000000000000000000e+00
4.800000000000000000e+01,8.871078491210937500e-02,2.730033470622402447e+01,4.000000000000000000e+00
4.900000000000000000e+01,8.932495117187500000e-02,2.730033470622402447e+01,9.000000000000000000e+00
5.000000000000000000e+01,9.049391746520996094e-02,2.730033470622402447e+01,4.000000000000000000e+00
5.100000000000000000e+01,9.117388725280761719e-02,2.730033470622402447e+01,9.000000000000000000e+00
5.200000000000000000e+01,9.348392486572265625e-02,2.730033470622402447e+01,5.000000000000000000e+00
5.300000000000000000e+01,9.696984291076660156e-02,2.730033470622402447e+01,1.000000000000000000e+01
5.400000000000000000e+01,9.779787063598632812e-02,2.730033470622402447e+01,5.000000000000000000e+00
5.500000000000000000e+01,1.017608642578125000e-01,2.730033470622402447e+01,1.100000000000000000e+01
5.600000000000000000e+01,1.024219989776611328e-01,2.730033470622402447e+01,5.000000000000000000e+00
5.700000000000000000e+01,1.029689311981201172e-01,2.730033470622402447e+01,1.100000000000000000e+01
5.800000000000000000e+01,1.037788391113281250e-01,2.730033470622402447e+01,5.000000000000000000e+00
5.900000000000000000e+01,1.046528816223144531e-01,2.730033470622402447e+01,1.100000000000000000e+01
6.000000000000000000e+01,1.053488254547119141e-01,2.730033470622402447e+01,5.000000000000000000e+00
6.100000000000000000e+01,1.060779094696044922e-01,2.730033470622402447e+01,1.100000000000000000e+01
6.200000000000000000e+01,1.079459190368652344e-01,2.730033470622402447e+01,5.000000000000000000e+00
6.300000000000000000e+01,1.090610027313232422e-01,2.730033470622402447e+01,1.100000000000000000e+01
6.400000000000000000e+01,1.097328662872314453e-01,2.730033470622402447e+01,5.000000000000000000e+00
6.500000000000000000e+01,1.104249954223632812e-01,2.730033470622402447e+01,1.100000000000000000e+01
6.600000000000000000e+01,1.114029884338378906e-01,2.730033470622402447e+01,5.000000000000000000e+00
6.700000000000000000e+01,1.135299205780029297e-01,2.730033470622402447e+01,1.200000000000000000e+01
6.800000000000000000e+01,1.141729354858398438e-01,2.730033470622402447e+01,5.000000000000000000e+00
6.900000000000000000e+01,1.148979663848876953e-01,2.730033470622402447e+01,1.200000000000000000e+01
7.000000000000000000e+01,1.170377731323242188e-01,2.728948567911081113e+01,6.000000000000000000e+00
7.100000000000000000e+01,1.205098628997802734e-01,2.728948567911081113e+01,1.300000000000000000e+01
7.200000000000000000e+01,1.215338706970214844e-01,2.728948567911081113e+01,5.000000000000000000e+00
7.300000000000000000e+01,1.222398281097412109e-01,2.728948567911081113e+01,1.300000000000000000e+01
7.400000000000000000e+01,1.229979991912841797e-01,2.728948567911081113e+01,5.000000000000000000e+00
7.500000000000000000e+01,1.248238086700439453e-01,2.728948567911081113e+01,1.300000000000000000e+01
7.600000000000000000e+01,1.263988018035888672e-01,2.728948567911081113e+01,5.000000000000000000e+00
7.700000000000000000e+01,1.276218891143798828e-01,2.728948567911081113e+01,1.300000000000000000e+01
7.800000000000000000e+01,1.283829212188720703e-01,2.728948567911081113e+01,5.000000000000000000e+00
7.900000000000000000e+01,1.291389465332031250e-01,2.728948567911081113e+01,1.300000000000000000e+01
8.000000000000000000e+01,1.300950050354003906e-01,2.728948567911081113e+01,5.000000000000000000e+00
8.100000000000000000e+01,1.308629512786865234e-01,2.728948567911081113e+01,1.300000000000000000e+01
8.200000000000000000e+01,1.319279670715332031e-01,2.728948567911081113e+01,5.000000000000000000e+00
8.300000000000000000e+01,1.328158378601074219e-01,2.728948567911081113e+01,1.300000000000000000e+01
8.400000000000000000e+01,1.335399150848388672e-01,2.728948567911081113e+01,5.000000000000000000e+00
8.500000000000000000e+01,1.347498893737792969e-01,2.728948567911081113e+01,1.300000000000000000e+01
8.600000000000000000e+01,1.353018283843994141e-01,2.728948567911081113e+01,5.000000000000000000e+00
8.700000000000000000e+01,1.361138820648193359e-01,2.728948567911081113e+01,1.300000000000000000e+01
8.800000000000000000e+01,1.367387771606445312e-01,2.728948567911081113e+01,5.000000000000000000e+00
8.900000000000000000e+01,1.374859809875488281e-01,2.728948567911081113e+01,1.300000000000000000e+01
9.000000000000000000e+01,1.406989097595214844e-01,2.728948567911081113e+01,6.000000000000000000e+00
9.100000000000000000e+01,1.420769691467285156e-01,2.728948567911081113e+01,1.300000000000000000e+01
9.200000000000000000e+01,1.427838802337646484e-01,2.728948567911081113e+01,6.000000000000000000e+00
9.300000000000000000e+01,1.449329853057861328e-01,2.728948567911081113e+01,1.400000000000000000e+01
9.400000000000000000e+01,1.457657814025878906e-01,2.728948567911081113e+01,6.000000000000000000e+00
9.500000000000000000e+01,1.464169025421142578e-01,2.728948567911081113e+01,1.400000000000000000e+01
9.600000000000000000e+01,1.476819515228271484e-01,2.728948567911081113e+01,6.000000000000000000e+00
9.700000000000000000e+01,1.509768962860107422e-01,2.728948567911081113e+01,1.500000000000000000e+01
9.800000000000000000e+01,1.523189544677734375e-01,2.728948567911081113e+01,6.000000000000000000e+00
9.900000000000000000e+01,1.568617820739746094e-01,2.728948567911081113e+01,1.600000000000000000e+01
1.000000000000000000e+02,1.582977771759033203e-01,2.728948567911081113e+01,6.000000000000000000e+00
1.010000000000000000e+02,1.593279838562011719e-01,2.728948567911081113e+01,1.600000000000000000e+01
1.020000000000000000e+02,1.607167720794677734e-01,2.728948567911081113e+01,6.000000000000000000e+00
1.030000000000000000e+02,1.616067886352539062e-01,2.728948567911081113e+01,1.600000000000000000e+01
1.040000000000000000e+02,1.622869968414306641e-01,2.728948567911081113e+01,6.000000000000000000e+00
1.050000000000000000e+02,1.635317802429199219e-01,2.728948567911081113e+01,1.600000000000000000e+01
1.060000000000000000e+02,1.643729209899902344e-01,2.728948567911081113e+01,6.000000000000000000e+00
1.070000000000000000e+02,1.661698818206787109e-01,2.728948567911081113e+01,1.600000000000000000e+01
1.080000000000000000e+02,1.668319702148437500e-01,2.728948567911081113e+01,6.000000000000000000e+00
1.090000000000000000e+02,1.681079864501953125e-01,2.728948567911081113e+01,1.600000000000000000e+01
1.100000000000000000e+02,1.714580059051513672e-01,2.728948567911081113e+01,7.000000000000000000e+00
1.110000000000000000e+02,1.767230033874511719e-01,2.728948567911081113e+01,1.700000000000000000e+01
1.120000000000000000e+02,1.772458553314208984e-01,2.728948567911081113e+01,7.000000000000000000e+00
1.130000000000000000e+02,1.780848503112792969e-01,2.728948567911081113e+01,1.700000000000000000e+01
1.140000000000000000e+02,1.791019439697265625e-01,2.728948567911081113e+01,7.000000000000000000e+00
1.150000000000000000e+02,1.803808212280273438e-01,2.728948567911081113e+01,1.700000000000000000e+01
1.160000000000000000e+02,1.812257766723632812e-01,2.728948567911081113e+01,7.000000000000000000e+00
1.170000000000000000e+02,1.819448471069335938e-01,2.728948567911081113e+01,1.700000000000000000e+01
1.180000000000000000e+02,1.828708648681640625e-01,2.728948567911081113e+01,7.000000000000000000e+00
1.190000000000000000e+02,1.838939189910888672e-01,2.728948567911081113e+01,1.700000000000000000e+01
1.200000000000000000e+02,1.845607757568359375e-01,2.728948567911081113e+01,7.000000000000000000e+00
1.210000000000000000e+02,1.853687763214111328e-01,2.728948567911081113e+01,1.700000000000000000e+01
1.220000000000000000e+02,1.862628459930419922e-01,2.728948567911081113e+01,7.000000000000000000e+00
1.230000000000000000e+02,1.868278980255126953e-01,2.728948567911081113e+01,1.700000000000000000e+01
1.240000000000000000e+02,1.900649070739746094e-01,2.728948567911081113e+01,8.000000000000000000e+00
1.250000000000000000e+02,1.935229301452636719e-01,2.728948567911081113e+01,1.800000000000000000e+01
1.260000000000000000e+02,1.942398548126220703e-01,2.728948567911081113e+01,8.000000000000000000e+00
1.270000000000000000e+02,1.963629722595214844e-01,2.728948567911081113e+01,1.900000000000000000e+01
1.280000000000000000e+02,1.971337795257568359e-01,2.728948567911081113e+01,8.000000000000000000e+00
1.290000000000000000e+02,1.979439258575439453e-01,2.728948567911081113e+01,1.900000000000000000e+01
1.300000000000000000e+02,1.985719203948974609e-01,2.728948567911081113e+01,8.000000000000000000e+00
1.310000000000000000e+02,2.046158313751220703e-01,2.728948567911081113e+01,2.000000000000000000e+01
1.320000000000000000e+02,2.054698467254638672e-01,2.728948567911081113e+01,8.000000000000000000e+00
1.330000000000000000e+02,2.101218700408935547e-01,2.728948567911081113e+01,2.100000000000000000e+01
1.340000000000000000e+02,2.107508182525634766e-01,2.728948567911081113e+01,8.000000000000000000e+00
1.350000000000000000e+02,2.114529609680175781e-01,2.728948567911081113e+01,2.100000000000000000e+01
1.360000000000000000e+02,2.120618820190429688e-01,2.728948567911081113e+01,8.000000000000000000e+00
1.370000000000000000e+02,2.138638496398925781e-01,2.728948567911081113e+01,2.200000000000000000e+01
1.380000000000000000e+02,2.148308753967285156e-01,2.728948567911081113e+01,8.000000000000000000e+00
1.390000000000000000e+02,2.182538509368896484e-01,2.728948567911081113e+01,2.300000000000000000e+01
1.400000000000000000e+02,2.190477848052978516e-01,2.728948567911081113e+01,8.000000000000000000e+00
1.410000000000000000e+02,2.276968955993652344e-01,2.728948567911081113e+01,2.400000000000000000e+01
1.420000000000000000e+02,2.286570072174072266e-01,2.728948567911081113e+01,8.000000000000000000e+00
1.430000000000000000e+02,2.297778129577636719e-01,2.728948567911081113e+01,2.400000000000000000e+01
1.440000000000000000e+02,2.309088706970214844e-01,2.728948567911081113e+01,8.000000000000000000e+00
1.450000000000000000e+02,2.336499691009521484e-01,2.728948567911081113e+01,2.500000000000000000e+01
1.460000000000000000e+02,2.378349304199218750e-01,2.728948567911081113e+01,9.000000000000000000e+00
1.470000000000000000e+02,2.385799884796142578e-01,2.728948567911081113e+01,2.500000000000000000e+01
1.480000000000000000e+02,2.394058704376220703e-01,2.728948567911081113e+01,9.000000000000000000e+00
1.490000000000000000e+02,2.401239871978759766e-01,2.728948567911081113e+01,2.500000000000000000e+01
1.500000000000000000e+02,2.408928871154785156e-01,2.728948567911081113e+01,9.000000000000000000e+00
1.510000000000000000e+02,2.493588924407958984e-01,2.728948567911081113e+01,2.600000000000000000e+01
1.520000000000000000e+02,2.499358654022216797e-01,2.728948567911081113e+01,9.000000000000000000e+00
1.530000000000000000e+02,2.524387836456298828e-01,2.728948567911081113e+01,2.700000000000000000e+01
1.540000000000000000e+02,2.532749176025390625e-01,2.728948567911081113e+01,9.000000000000000000e+00
1.550000000000000000e+02,2.544808387756347656e-01,2.728948567911081113e+01,2.700000000000000000e+01
1.560000000000000000e+02,2.550618648529052734e-01,2.728948567911081113e+01,9.000000000000000000e+00
1.570000000000000000e+02,2.610068321228027344e-01,2.728948567911081113e+01,2.800000000000000000e+01
1.580000000000000000e+02,2.617537975311279297e-01,2.728948567911081113e+01,9.000000000000000000e+00
1.590000000000000000e+02,2.623119354248046875e-01,2.728948567911081113e+01,2.800000000000000000e+01
1.600000000000000000e+02,2.652268409729003906e-01,2.728948567911081113e+01,1.000000000000000000e+01
1.610000000000000000e+02,2.717258930206298828e-01,2.728948567911081113e+01,2.900000000000000000e+01
1.620000000000000000e+02,2.746558189392089844e-01,2.728948567911081113e+01,1.100000000000000000e+01
1.630000000000000000e+02,2.761218547821044922e-01,2.728948567911081113e+01,2.900000000000000000e+01
1.640000000000000000e+02,2.791199684143066406e-01,2.728948567911081113e+01,1.100000000000000000e+01
1.650000000000000000e+02,2.800958156585693359e-01,2.728948567911081113e+01,2.900000000000000000e+01
1.660000000000000000e+02,2.808868885040283203e-01,2.728948567911081113e+01,1.100000000000000000e+01
1.670000000000000000e+02,2.821009159088134766e-01,2.728948567911081113e+01,2.900000000000000000e+01
1.680000000000000000e+02,2.828748226165771484e-01,2.728948567911081113e+01,1.100000000000000000e+01
1.690000000000000000e+02,2.836179733276367188e-01,2.728948567911081113e+01,2.900000000000000000e+01
1.700000000000000000e+02,2.845318317413330078e-01,2.728948567911081113e+01,1.100000000000000000e+01
1.710000000000000000e+02,2.855939865112304688e-01,2.728948567911081113e+01,2.900000000000000000e+01
1.720000000000000000e+02,2.865738868713378906e-01,2.728948567911081113e+01,1.100000000000000000e+01
1.730000000000000000e+02,2.877519130706787109e-01,2.728948567911081113e+01,2.900000000000000000e+01
1.740000000000000000e+02,2.884478569030761719e-01,2.728948567911081113e+01,1.100000000000000000e+01
1.750000000000000000e+02,2.965188026428222656e-01,2.728948567911081113e+01,3.000000000000000000e+01
1.760000000000000000e+02,2.980787754058837891e-01,2.728948567911081113e+01,1.100000000000000000e+01
1.770000000000000000e+02,3.025717735290527344e-01,2.728948567911081113e+01,3.100000000000000000e+01
1.780000000000000000e+02,3.032968044281005859e-01,2.728948567911081113e+01,1.100000000000000000e+01
1.790000000000000000e+02,3.070769309997558594e-01,2.728948567911081113e+01,3.200000000000000000e+01
1.800000000000000000e+02,3.109028339385986328e-01,2.728948567911081113e+01,1.200000000000000000e+01
1.810000000000000000e+02,3.208909034729003906e-01,2.728948567911081113e+01,3.300000000000000000e+01
1.820000000000000000e+02,3.215758800506591797e-01,2.728948567911081113e+01,1.200000000000000000e+01
1.830000000000000000e+02,3.221838474273681641e-01,2.728948567911081113e+01,3.300000000000000000e+01
1.840000000000000000e+02,3.229858875274658203e-01,2.728948567911081113e+01,1.200000000000000000e+01
1.850000000000000000e+02,3.236508369445800781e-01,2.728948567911081113e+01,3.300000000000000000e+01
1.860000000000000000e+02,3.258588314056396484e-01,2.728948567911081113e+01,1.200000000000000000e+01
1.870000000000000000e+02,3.283648490905761719e-01,2.728948567911081113e+01,3.400000000000000000e+01
1.880000000000000000e+02,3.291468620300292969e-01,2.728948567911081113e+01,1.200000000000000000e+01
1.890000000000000000e+02,3.297359943389892578e-01,2.728948567911081113e+01,3.400000000000000000e+01
1.900000000000000000e+02,3.303089141845703125e-01,2.728948567911081113e+01,1.200000000000000000e+01
1.910000000000000000e+02,3.312118053436279297e-01,2.728948567911081113e+01,3.400000000000000000e+01
1.920000000000000000e+02,3.319158554077148438e-01,2.728948567911081113e+01,1.200000000000000000e+01
1.930000000000000000e+02,3.327569961547851562e-01,2.728948567911081113e+01,3.400000000000000000e+01
1.940000000000000000e+02,3.338329792022705078e-01,2.728948567911081113e+01,1.200000000000000000e+01
1.950000000000000000e+02,3.382430076599121094e-01,2.728948567911081113e+01,3.500000000000000000e+01
1.960000000000000000e+02,3.415608406066894531e-01,2.728948567911081113e+01,1.300000000000000000e+01
1.970000000000000000e+02,3.422119617462158203e-01,2.728948567911081113e+01,3.500000000000000000e+01
1.980000000000000000e+02,3.428349494934082031e-01,2.728948567911081113e+01,1.300000000000000000e+01
1.990000000000000000e+02,3.445119857788085938e-01,2.728948567911081113e+01,3.500000000000000000e+01
2.000000000000000000e+02,3.451938629150390625e-01,2.728948567911081113e+01,1.300000000000000000e+01
2.010000000000000000e+02,3.462507724761962891e-01,2.728948567911081113e+01,3.500000000000000000e+01
2.020000000000000000e+02,3.470518589019775391e-01,2.728948567911081113e+01,1.300000000000000000e+01
2.030000000000000000e+02,3.484938144683837891e-01,2.728948567911081113e+01,3.500000000000000000e+01
2.040000000000000000e+02,3.494658470153808594e-01,2.728948567911081113e+01,1.300000000000000000e+01
2.050000000000000000e+02,3.535997867584228516e-01,2.728948567911081113e+01,3.600000000000000000e+01
2.060000000000000000e+02,3.543398380279541016e-01,2.728948567911081113e+01,1.300000000000000000e+01
2.070000000000000000e+02,3.554239273071289062e-01,2.728948567911081113e+01,3.600000000000000000e+01
2.080000000000000000e+02,3.559918403625488281e-01,2.728948567911081113e+01,1.300000000000000000e+01
2.090000000000000000e+02,3.575298786163330078e-01,2.728948567911081113e+01,3.600000000000000000e+01
2.100000000000000000e+02,3.583109378814697266e-01,2.728948567911081113e+01,1.300000000000000000e+01
2.110000000000000000e+02,3.595159053802490234e-01,2.728948567911081113e+01,3.600000000000000000e+01
2.120000000000000000e+02,3.601999282836914062e-01,2.728948567911081113e+01,1.300000000000000000e+01
2.130000000000000000e+02,3.613798618316650391e-01,2.728948567911081113e+01,3.600000000000000000e+01
2.140000000000000000e+02,3.634510040283203125e-01,2.728948567911081113e+01,1.300000000000000000e+01
2.150000000000000000e+02,3.760848045349121094e-01,2.728948567911081113e+01,3.700000000000000000e+01
2.160000000000000000e+02,3.768417835235595703e-01,2.728948567911081113e+01,1.300000000000000000e+01
2.170000000000000000e+02,3.778197765350341797e-01,2.728948567911081113e+01,3.700000000000000000e+01
2.180000000000000000e+02,3.786609172821044922e-01,2.728948567911081113e+01,1.300000000000000000e+01
2.190000000000000000e+02,3.801620006561279297e-01,2.728948567911081113e+01,3.700000000000000000e+01
2.200000000000000000e+02,3.839747905731201172e-01,2.728948567911081113e+01,1.400000000000000000e+01
2.210000000000000000e+02,3.857398033142089844e-01,2.728948567911081113e+01,3.700000000000000000e+01
2.220000000000000000e+02,3.863558769226074219e-01,2.728948567911081113e+01,1.400000000000000000e+01
2.230000000000000000e+02,3.908798694610595703e-01,2.728948567911081113e+01,3.800000000000000000e+01
2.240000000000000000e+02,3.917868137359619141e-01,2.728948567911081113e+01,1.400000000000000000e+01
2.250000000000000000e+02,3.924448490142822266e-01,2.728948567911081113e+01,3.800000000000000000e+01
2.260000000000000000e+02,3.931388854980468750e-01,2.728948567911081113e+01,1.400000000000000000e+01
2.270000000000000000e+02,3.941979408264160156e-01,2.728948567911081113e+01,3.800000000000000000e+01
2.280000000000000000e+02,3.948359489440917969e-01,2.728948567911081113e+01,1.400000000000000000e+01
2.290000000000000000e+02,3.982579708099365234e-01,2.728948567911081113e+01,3.900000000000000000e+01
2.300000000000000000e+02,4.011199474334716797e-01,2.728948567911081113e+01,1.500000000000000000e+01
2.310000000000000000e+02,4.044318199157714844e-01,2.728948567911081113e+01,4.000000000000000000e+01
2.320000000000000000e+02,4.093658924102783203e-01,2.709629453360845730e+01,1.600000000000000000e+01
2.330000000000000000e+02,4.111759662628173828e-01,2.709629453360845730e+01,3.500000000000000000e+01
2.340000000000000000e+02,4.117507934570312500e-01,2.709629453360845730e+01,1.200000000000000000e+01
2.350000000000000000e+02,4.129369258880615234e-01,2.709629453360845730e+01,3.500000000000000000e+01
2.360000000000000000e+02,4.138958454132080078e-01,2.709629453360845730e+01,1.200000000000000000e+01
2.370000000000000000e+02,4.253199100494384766e-01,2.709629453360845730e+01,3.600000000000000000e+01
2.380000000000000000e+02,4.282579421997070312e-01,2.709629453360845730e+01,1.300000000000000000e+01
2.390000000000000000e+02,4.321718215942382812e-01,2.709629453360845730e+01,3.700000000000000000e+01
2.400000000000000000e+02,4.327569007873535156e-01,2.709629453360845730e+01,1.300000000000000000e+01
2.410000000000000000e+02,4.338948726654052734e-01,2.709629453360845730e+01,3.700000000000000000e+01
2.420000000000000000e+02,4.346158504486083984e-01,2.709629453360845730e+01,1.300000000000000000e+01
2.430000000000000000e+02,4.368288516998291016e-01,2.709629453360845730e+01,3.800000000000000000e+01
2.440000000000000000e+02,4.380359649658203125e-01,2.709629453360845730e+01,1.300000000000000000e+01
2.450000000000000000e+02,4.504358768463134766e-01,2.709629453360845730e+01,3.900000000000000000e+01
2.460000000000000000e+02,4.532239437103271484e-01,2.709629453360845730e+01,1.400000000000000000e+01
2.470000000000000000e+02,4.540770053863525391e-01,2.709629453360845730e+01,3.900000000000000000e+01
2.480000000000000000e+02,4.547078609466552734e-01,2.709629453360845730e+01,1.400000000000000000e+01
2.490000000000000000e+02,4.597198963165283203e-01,2.709629453360845730e+01,4.000000000000000000e+01
2.500000000000000000e+02,4.603438377380371094e-01,2.709629453360845730e+01,1.400000000000000000e+01
2.510000000000000000e+02,4.617769718170166016e-01,2.709629453360845730e+01,4.000000000000000000e+01
2.520000000000000000e+02,4.667959213256835938e-01,2.709629453360845730e+01,1.500000000000000000e+01
2.530000000000000000e+02,4.675219058990478516e-01,2.709629453360845730e+01,4.000000000000000000e+01
2.540000000000000000e+02,4.685189723968505859e-01,2.709629453360845730e+01,1.500000000000000000e+01
2.550000000000000000e+02,4.699959754943847656e-01,2.709629453360845730e+01,4.000000000000000000e+01
2.560000000000000000e+02,4.709868431091308594e-01,2.709629453360845730e+01,1.500000000000000000e+01
2.570000000000000000e+02,4.717619419097900391e-01,2.709629453360845730e+01,4.000000000000000000e+01
2.580000000000000000e+02,4.725139141082763672e-01,2.709629453360845730e+01,1.500000000000000000e+01
2.590000000000000000e+02,4.738638401031494141e-01,2.709629453360845730e+01,4.000000000000000000e+01
2.600000000000000000e+02,4.748299121856689453e-01,2.709629453360845730e+01,1.500000000000000000e+01
2.610000000000000000e+02,4.760220050811767578e-01,2.709629453360845730e+01,4.000000000000000000e+01
2.620000000000000000e+02,4.766178131103515625e-01,2.709629453360845730e+01,1.500000000000000000e+01
2.630000000000000000e+02,4.786570072174072266e-01,2.709629453360845730e+01,4.000000000000000000e+01
2.640000000000000000e+02,4.793508052825927734e-01,2.709629453360845730e+01,1.500000000000000000e+01
2.650000000000000000e+02,4.817948341369628906e-01,2.709629453360845730e+01,4.000000000000000000e+01
2.660000000000000000e+02,4.826128482818603516e-01,2.709629453360845730e+01,1.500000000000000000e+01
2.670000000000000000e+02,4.836499691009521484e-01,2.709629453360845730e+01,4.000000000000000000e+01
2.680000000000000000e+02,4.842050075531005859e-01,2.709629453360845730e+01,1.500000000000000000e+01
2.690000000000000000e+02,4.887928962707519531e-01,2.709629453360845730e+01,4.100000000000000000e+01
2.700000000000000000e+02,4.902169704437255859e-01,2.709629453360845730e+01,1.500000000000000000e+01
2.710000000000000000e+02,4.953458309173583984e-01,2.709629453360845730e+01,4.200000000000000000e+01
2.720000000000000000e+02,4.963049888610839844e-01,2.709629453360845730e+01,1.500000000000000000e+01
2.730000000000000000e+02,4.977509975433349609e-01,2.709629453360845730e+01,4.200000000000000000e+01
2.740000000000000000e+02,4.983298778533935547e-01,2.709629453360845730e+01,1.500000000000000000e+01
2.750000000000000000e+02,4.997889995574951172e-01,2.709629453360845730e+01,4.200000000000000000e+01
2.760000000000000000e+02,5.004580020904541016e-01,2.709629453360845730e+01,1.500000000000000000e+01
2.770000000000000000e+02,5.031969547271728516e-01,2.709629453360845730e+01,4.200000000000000000e+01
2.780000000000000000e+02,5.084569454193115234e-01,2.709629453360845730e+01,1.600000000000000000e+01
2.790000000000000000e+02,5.136978626251220703e-01,2.709629453360845730e+01,4.300000000000000000e+01
2.800000000000000000e+02,5.168828964233398438e-01,2.709629453360845730e+01,1.700000000000000000e+01
2.810000000000000000e+02,5.221898555755615234e-01,2.709629453360845730e+01,4.400000000000000000e+01
2.820000000000000000e+02,5.233619213104248047e-01,2.709629453360845730e+01,1.700000000000000000e+01
2.830000000000000000e+02,5.250468254089355469e-01,2.709629453360845730e+01,4.400000000000000000e+01
2.840000000000000000e+02,5.262458324432373047e-01,2.709629453360845730e+01,1.700000000000000000e+01
2.850000000000000000e+02,5.281357765197753906e-01,2.709629453360845730e+01,4.400000000000000000e+01
2.860000000000000000e+02,5.291769504547119141e-01,2.709629453360845730e+01,1.700000000000000000e+01
2.870000000000000000e+02,5.304617881774902344e-01,2.709629453360845730e+01,4.400000000000000000e+01
2.880000000000000000e+02,5.329058170318603516e-01,2.709629453360845730e+01,1.800000000000000000e+01
2.890000000000000000e+02,5.340998172760009766e-01,2.709629453360845730e+01,4.400000000000000000e+01
2.900000000000000000e+02,5.349309444427490234e-01,2.709629453360845730e+01,1.800000000000000000e+01
2.910000000000000000e+02,5.359318256378173828e-01,2.709629453360845730e+01,4.400000000000000000e+01
2.920000000000000000e+02,5.367507934570312500e-01,2.709629453360845730e+01,1.800000000000000000e+01
2.930000000000000000e+02,5.374619960784912109e-01,2.709629453360845730e+01,4.400000000000000000e+01
2.940000000000000000e+02,5.384249687194824219e-01,2.709629453360845730e+01,1.800000000000000000e+01
2.950000000000000000e+02,5.418667793273925781e-01,2.709629453360845730e+01,4.500000000000000000e+01
2.960000000000000000e+02,5.428409576416015625e-01,2.709629453360845730e+01,1.800000000000000000e+01
2.970000000000000000e+02,5.447528362274169922e-01,2.709629453360845730e+01,4.500000000000000000e+01
2.980000000000000000e+02,5.457489490509033203e-01,2.709629453360845730e+01,1.800000000000000000e+01
2.990000000000000000e+02,5.517339706420898438e-01,2.709629453360845730e+01,4.600000000000000000e+01
3.000000000000000000e+02,5.554769039154052734e-01,2.709629453360845730e+01,1.900000000000000000e+01
3.010000000000000000e+02,5.675017833709716797e-01,2.709629453360845730e+01,4.700000000000000000e+01
3.020000000000000000e+02,5.685467720031738281e-01,2.709629453360845730e+01,1.900000000000000000e+01
3.030000000000000000e+02,5.762188434600830078e-01,2.709629453360845730e+01,4.800000000000000000e+01
3.040000000000000000e+02,5.774250030517578125e-01,2.709629453360845730e+01,1.900000000000000000e+01
3.050000000000000000e+02,5.786828994750976562e-01,2.709629453360845730e+01,4.800000000000000000e+01
3.060000000000000000e+02,5.801689624786376953e-01,2.709629453360845730e+01,1.900000000000000000e+01
3.070000000000000000e+02,5.818917751312255859e-01,2.709629453360845730e+01,4.800000000000000000e+01
3.080000000000000000e+02,5.825719833374023438e-01,2.709629453360845730e+01,1.900000000000000000e+01
3.090000000000000000e+02,5.835349559783935547e-01,2.709629453360845730e+01,4.800000000000000000e+01
3.100000000000000000e+02,5.843629837036132812e-01,2.709629453360845730e+01,1.900000000000000000e+01
3.110000000000000000e+02,5.886039733886718750e-01,2.709629453360845730e+01,4.800000000000000000e+01
3.120000000000000000e+02,5.899639129638671875e-01,2.709629453360845730e+01,1.900000000000000000e+01
3.130000000000000000e+02,5.911169052124023438e-01,2.709629453360845730e+01,4.800000000000000000e+01
3.140000000000000000e+02,5.924417972564697266e-01,2.709629453360845730e+01,1.900000000000000000e+01
3.150000000000000000e+02,5.936398506164550781e-01,2.709629453360845730e+01,4.800000000000000000e+01
3.160000000000000000e+02,5.947318077087402344e-01,2.709629453360845730e+01,1.900000000000000000e+01
3.170000000000000000e+02,5.956909656524658203e-01,2.709629453360845730e+01,4.800000000000000000e+01
3.180000000000000000e+02,5.968279838562011719e-01,2.709629453360845730e+01,1.900000000000000000e+01
3.190000000000000000e+02,5.979650020599365234e-01,2.709629453360845730e+01,4.800000000000000000e+01
3.200000000000000000e+02,5.992310047149658203e-01,2.709629453360845730e+01,1.900000000000000000e+01
3.210000000000000000e+02,6.009979248046875000e-01,2.709629453360845730e+01,4.800000000000000000e+01
3.220000000000000000e+02,6.038448810577392578e-01,2.709629453360845730e+01,2.000000000000000000e+01
3.230000000000000000e+02,6.045389175415039062e-01,2.709629453360845730e+01,4.800000000000000000e+01
3.240000000000000000e+02,6.055378913879394531e-01,2.709629453360845730e+01,2.000000000000000000e+01
3.250000000000000000e+02,6.073789596557617188e-01,2.709629453360845730e+01,4.800000000000000000e+01
3.260000000000000000e+02,6.085038185119628906e-01,2.709629453360845730e+01,2.000000000000000000e+01
3.270000000000000000e+02,6.102809906005859375e-01,2.709629453360845730e+01,4.800000000000000000e+01
3.280000000000000000e+02,6.109738349914550781e-01,2.709629453360845730e+01,2.000000000000000000e+01
3.290000000000000000e+02,6.208078861236572266e-01,2.709629453360845730e+01,4.900000000000000000e+01
3.300000000000000000e+02,6.218628883361816406e-01,2.709629453360845730e+01,2.000000000000000000e+01
3.310000000000000000e+02,6.324918270111083984e-01,2.709629453360845730e+01,5.000000000000000000e+01
3.320000000000000000e+02,6.332747936248779297e-01,2.709629453360845730e+01,2.000000000000000000e+01
3.330000000000000000e+02,6.543688774108886719e-01,2.709629453360845730e+01,5.100000000000000000e+01
3.340000000000000000e+02,6.553299427032470703e-01,2.709629453360845730e+01,2.000000000000000000e+01
3.350000000000000000e+02,6.568880081176757812e-01,2.709629453360845730e+01,5.100000000000000000e+01
3.360000000000000000e+02,6.614148616790771484e-01,2.709629453360845730e+01,2.100000000000000000e+01
3.370000000000000000e+02,6.630988121032714844e-01,2.709629453360845730e+01,5.100000000000000000e+01
3.380000000000000000e+02,6.640470027923583984e-01,2.709629453360845730e+01,2.100000000000000000e+01
3.390000000000000000e+02,6.657018661499023438e-01,2.709629453360845730e+01,5.100000000000000000e+01
3.400000000000000000e+02,6.673758029937744141e-01,2.709629453360845730e+01,2.100000000000000000e+01
3.410000000000000000e+02,6.703538894653320312e-01,2.709629453360845730e+01,5.200000000000000000e+01
3.420000000000000000e+02,6.725828647613525391e-01,2.709629453360845730e+01,2.100000000000000000e+01
3.430000000000000000e+02,6.743438243865966797e-01,2.709629453360845730e+01,5.200000000000000000e+01
3.440000000000000000e+02,6.754028797149658203e-01,2.709629453360845730e+01,2.100000000000000000e+01
3.450000000000000000e+02,6.773178577423095703e-01,2.709629453360845730e+01,5.200000000000000000e+01
3.460000000000000000e+02,6.784348487854003906e-01,2.709629453360845730e+01,2.100000000000000000e+01
3.470000000000000000e+02,6.859138011932373047e-01,2.709629453360845730e+01,5.300000000000000000e+01
3.480000000000000000e+02,6.865267753601074219e-01,2.709629453360845730e+01,2.100000000000000000e+01
3.490000000000000000e+02,6.924219131469726562e-01,2.708519035349932835e+01,5.400000000000000000e+01
3.500000000000000000e+02,6.966319084167480469e-01,2.708519035349932835e+01,2.200000000000000000e+01
3.510000000000000000e+02,7.010209560394287109e-01,2.708519035349932835e+01,5.500000000000000000e+01
3.520000000000000000e+02,7.018048763275146484e-01,2.708519035349932835e+01,2.200000000000000000e+01
3.530000000000000000e+02,7.156867980957031250e-01,2.708519035349932835e+01,5.600000000000000000e+01
3.540000000000000000e+02,7.173418998718261719e-01,2.708519035349932835e+01,2.200000000000000000e+01
3.550000000000000000e+02,7.188940048217773438e-01,2.708519035349932835e+01,5.600000000000000000e+01
3.560000000000000000e+02,7.276279926300048828e-01,2.708519035349932835e+01,2.300000000000000000e+01
3.570000000000000000e+02,7.290649414062500000e-01,2.708519035349932835e+01,5.600000000000000000e+01
3.580000000000000000e+02,7.298929691314697266e-01,2.708519035349932835e+01,2.300000000000000000e+01
3.590000000000000000e+02,7.313029766082763672e-01,2.708519035349932835e+01,5.600000000000000000e+01
3.600000000000000000e+02,7.319378852844238281e-01,2.708519035349932835e+01,2.300000000000000000e+01
3.610000000000000000e+02,7.358949184417724609e-01,2.708519035349932835e+01,5.700000000000000000e+01
3.620000000000000000e+02,7.365849018096923828e-01,2.708519035349932835e+01,2.300000000000000000e+01
3.630000000000000000e+02,7.405819892883300781e-01,2.708519035349932835e+01,5.800000000000000000e+01
3.640000000000000000e+02,7.415778636932373047e-01,2.708519035349932835e+01,2.300000000000000000e+01
3.650000000000000000e+02,7.604379653930664062e-01,2.708519035349932835e+01,5.900000000000000000e+01
3.660000000000000000e+02,7.614150047302246094e-01,2.708519035349932835e+01,2.300000000000000000e+01
3.670000000000000000e+02,7.645709514617919922e-01,2.708519035349932835e+01,6.000000000000000000e+01
3.680000000000000000e+02,7.653729915618896484e-01,2.708519035349932835e+01,2.300000000000000000e+01
3.690000000000000000e+02,7.668268680572509766e-01,2.708519035349932835e+01,6.000000000000000000e+01
3.700000000000000000e+02,7.674739360809326172e-01,2.708519035349932835e+01,2.300000000000000000e+01
3.710000000000000000e+02,7.682189941406250000e-01,2.708519035349932835e+01,6.000000000000000000e+01
3.720000000000000000e+02,7.690398693084716797e-01,2.708519035349932835e+01,2.300000000000000000e+01
3.730000000000000000e+02,7.703948020935058594e-01,2.708519035349932835e+01,6.000000000000000000e+01
3.740000000000000000e+02,7.712249755859375000e-01,2.708519035349932835e+01,2.300000000000000000e+01
3.750000000000000000e+02,7.725679874420166016e-01,2.708519035349932835e+01,6.000000000000000000e+01
3.760000000000000000e+02,7.735288143157958984e-01,2.708519035349932835e+01,2.300000000000000000e+01
3.770000000000000000e+02,7.754719257354736328e-01,2.708519035349932835e+01,6.000000000000000000e+01
3.780000000000000000e+02,7.762699127197265625e-01,2.708519035349932835e+01,2.300000000000000000e+01
3.790000000000000000e+02,7.832188606262207031e-01,2.708519035349932835e+01,6.100000000000000000e+01
3.800000000000000000e+02,7.842469215393066406e-01,2.708519035349932835e+01,2.300000000000000000e+01
3.810000000000000000e+02,7.880737781524658203e-01,2.708519035349932835e+01,6.200000000000000000e+01
3.820000000000000000e+02,7.888879776000976562e-01,2.708519035349932835e+01,2.300000000000000000e+01
3.830000000000000000e+02,7.904739379882812500e-01,2.708519035349932835e+01,6.200000000000000000e+01
3.840000000000000000e+02,7.916948795318603516e-01,2.708519035349932835e+01,2.300000000000000000e+01
3.850000000000000000e+02,7.993009090423583984e-01,2.708519035349932835e+01,6.300000000000000000e+01
3.860000000000000000e+02,7.999379634857177734e-01,2.708519035349932835e+01,2.300000000000000000e+01
3.870000000000000000e+02,8.012228012084960938e-01,2.708519035349932835e+01,6.300000000000000000e+01
3.880000000000000000e+02,8.021109104156494141e-01,2.708519035349932835e+01,2.300000000000000000e+01
3.890000000000000000e+02,8.040299415588378906e-01,2.708519035349932835e+01,6.300000000000000000e+01
3.900000000000000000e+02,8.049819469451904297e-01,2.708519035349932835e+01,2.300000000000000000e+01
3.910000000000000000e+02,8.064739704132080078e-01,2.708519035349932835e+01,6.300000000000000000e+01
3.920000000000000000e+02,8.072938919067382812e-01,2.708519035349932835e+01,2.300000000000000000e+01
3.930000000000000000e+02,8.082039356231689453e-01,2.708519035349932835e+01,6.300000000000000000e+01
3.940000000000000000e+02,8.088409900665283203e-01,2.708519035349932835e+01,2.300000000000000000e+01
3.950000000000000000e+02,8.103308677673339844e-01,2.708519035349932835e+01,6.300000000000000000e+01
3.960000000000000000e+02,8.111808300018310547e-01,2.708519035349932835e+01,2.300000000000000000e+01
3.970000000000000000e+02,8.122878074645996094e-01,2.708519035349932835e+01,6.300000000000000000e+01
3.980000000000000000e+02,8.133289813995361328e-01,2.708519035349932835e+01,2.300000000000000000e+01
3.990000000000000000e+02,8.298909664154052734e-01,2.708519035349932835e+01,6.400000000000000000e+01
4.000000000000000000e+02,8.305678367614746094e-01,2.708519035349932835e+01,2.300000000000000000e+01
4.010000000000000000e+02,8.317699432373046875e-01,2.708519035349932835e+01,6.400000000000000000e+01
4.020000000000000000e+02,8.326299190521240234e-01,2.708519035349932835e+01,2.300000000000000000e+01
4.030000000000000000e+02,8.477997779846191406e-01,2.708519035349932835e+01,6.500000000000000000e+01
4.040000000000000000e+02,8.485398292541503906e-01,2.708519035349932835e+01,2.300000000000000000e+01
4.050000000000000000e+02,8.673908710479736328e-01,2.708519035349932835e+01,6.600000000000000000e+01
4.060000000000000000e+02,8.680419921875000000e-01,2.708519035349932835e+01,2.300000000000000000e+01
4.070000000000000000e+02,8.696668148040771484e-01,2.708519035349932835e+01,6.600000000000000000e+01
4.080000000000000000e+02,8.703608512878417969e-01,2.708519035349932835e+01,2.300000000000000000e+01
4.090000000000000000e+02,8.906939029693603516e-01,2.708519035349932835e+01,6.700000000000000000e+01
4.100000000000000000e+02,8.918538093566894531e-01,2.708519035349932835e+01,2.300000000000000000e+01
4.110000000000000000e+02,8.929798603057861328e-01,2.708519035349932835e+01,6.700000000000000000e+01
4.120000000000000000e+02,9.009599685668945312e-01,2.708519035349932835e+01,2.400000000000000000e+01
4.130000000000000000e+02,9.112839698791503906e-01,2.708519035349932835e+01,6.800000000000000000e+01
4.140000000000000000e+02,9.123117923736572266e-01,2.708519035349932835e+01,2.400000000000000000e+01
4.150000000000000000e+02,9.135138988494873047e-01,2.708519035349932835e+01,6.800000000000000000e+01
4.160000000000000000e+02,9.146118164062500000e-01,2.708519035349932835e+01,2.400000000000000000e+01
4.170000000000000000e+02,9.154398441314697266e-01,2.708519035349932835e+01,6.800000000000000000e+01
4.180000000000000000e+02,9.167118072509765625e-01,2.708519035349932835e+01,2.400000000000000000e+01
4.190000000000000000e+02,9.182269573211669922e-01,2.708519035349932835e+01,6.800000000000000000e+01
4.200000000000000000e+02,9.195408821105957031e-01,2.708519035349932835e+01,2.400000000000000000e+01
4.210000000000000000e+02,9.220049381256103516e-01,2.708519035349932835e+01,6.800000000000000000e+01
4.220000000000000000e+02,9.231128692626953125e-01,2.708519035349932835e+01,2.400000000000000000e+01
4.230000000000000000e+02,9.249768257141113281e-01,2.708519035349932835e+01,6.800000000000000000e+01
4.240000000000000000e+02,9.256219863891601562e-01,2.708519035349932835e+01,2.400000000000000000e+01
4.250000000000000000e+02,9.480879306793212891e-01,2.708519035349932835e+01,6.900000000000000000e+01
4.260000000000000000e+02,9.490540027618408203e-01,2.708519035349932835e+01,2.400000000000000000e+01
4.270000000000000000e+02,9.503989219665527344e-01,2.708519035349932835e+01,6.900000000000000000e+01
4.280000000000000000e+02,9.511418342590332031e-01,2.708519035349932835e+01,2.400000000000000000e+01
4.290000000000000000e+02,9.520778656005859375e-01,2.708519035349932835e+01,6.900000000000000000e+01
4.300000000000000000e+02,9.529399871826171875e-01,2.708519035349932835e+01,2.400000000000000000e+01
4.310000000000000000e+02,9.541368484497070312e-01,2.708519035349932835e+01,6.900000000000000000e+01
4.320000000000000000e+02,9.589238166809082031e-01,2.708519035349932835e+01,2.500000000000000000e+01
4.330000000000000000e+02,9.605028629302978516e-01,2.708519035349932835e+01,6.900000000000000000e+01
4.340000000000000000e+02,9.611678123474121094e-01,2.708519035349932835e+01,2.500000000000000000e+01
4.350000000000000000e+02,9.628598690032958984e-01,2.708519035349932835e+01,6.900000000000000000e+01
4.360000000000000000e+02,9.639058113098144531e-01,2.708519035349932835e+01,2.500000000000000000e+01
4.370000000000000000e+02,9.665579795837402344e-01,2.708519035349932835e+01,7.000000000000000000e+01
4.380000000000000000e+02,9.675807952880859375e-01,2.708519035349932835e+01,2.500000000000000000e+01
4.390000000000000000e+02,9.691438674926757812e-01,2.708519035349932835e+01,7.000000000000000000e+01
4.400000000000000000e+02,9.702188968658447266e-01,2.708519035349932835e+01,2.500000000000000000e+01
4.410000000000000000e+02,9.723339080810546875e-01,2.708519035349932835e+01,7.000000000000000000e+01
4.420000000000000000e+02,9.731049537658691406e-01,2.708519035349932835e+01,2.500000000000000000e+01
4.430000000000000000e+02,9.839398860931396484e-01,2.708519035349932835e+01,7.100000000000000000e+01
4.440000000000000000e+02,9.850378036499023438e-01,2.708519035349932835e+01,2.500000000000000000e+01
4.450000000000000000e+02,9.880769252777099609e-01,2.708519035349932835e+01,7.200000000000000000e+01
4.460000000000000000e+02,9.892590045928955078e-01,2.708519035349932835e+01,2.500000000000000000e+01
4.470000000000000000e+02,9.991919994354248047e-01,2.708519035349932835e+01,7.300000000000000000e+01
4.480000000000000000e+02,1.001852989196777344e+00,2.708519035349932835e+01,2.600000000000000000e+01
4.490000000000000000e+02,1.003664970397949219e+00,2.708519035349932835e+01,7.300000000000000000e+01
4.500000000000000000e+02,1.012216806411743164e+00,2.708519035349932835e+01,2.700000000000000000e+01
4.510000000000000000e+02,1.013240814208984375e+00,2.708519035349932835e+01,7.300000000000000000e+01
4.520000000000000000e+02,1.014252901077270508e+00,2.708519035349932835e+01,2.700000000000000000e+01
4.530000000000000000e+02,1.016889810562133789e+00,2.708519035349932835e+01,7.400000000000000000e+01
4.540000000000000000e+02,1.019650936126708984e+00,2.708519035349932835e+01,2.800000000000000000e+01
4.550000000000000000e+02,1.020727872848510742e+00,2.708519035349932835e+01,7.400000000000000000e+01
4.560000000000000000e+02,1.021427869796752930e+00,2.708519035349932835e+01,2.800000000000000000e+01
4.570000000000000000e+02,1.022180795669555664e+00,2.708519035349932835e+01,7.400000000000000000e+01
4.580000000000000000e+02,1.023133993148803711e+00,2.708519035349932835e+01,2.800000000000000000e+01
4.590000000000000000e+02,1.024182796478271484e+00,2.708519035349932835e+01,7.400000000000000000e+01
4.600000000000000000e+02,1.025344848632812500e+00,2.708519035349932835e+01,2.800000000000000000e+01
4.610000000000000000e+02,1.026916980743408203e+00,2.708519035349932835e+01,7.400000000000000000e+01
4.620000000000000000e+02,1.027907848358154297e+00,2.708519035349932835e+01,2.800000000000000000e+01
4.630000000000000000e+02,1.030435800552368164e+00,2.708519035349932835e+01,7.500000000000000000e+01
4.640000000000000000e+02,1.031482934951782227e+00,2.708519035349932835e+01,2.800000000000000000e+01
4.650000000000000000e+02,1.033132791519165039e+00,2.708519035349932835e+01,7.500000000000000000e+01
4.660000000000000000e+02,1.034112930297851562e+00,2.708519035349932835e+01,2.800000000000000000e+01
4.670000000000000000e+02,1.036485910415649414e+00,2.708519035349932835e+01,7.500000000000000000e+01
4.680000000000000000e+02,1.037524938583374023e+00,2.708519035349932835e+01,2.800000000000000000e+01
4.690000000000000000e+02,1.040932893753051758e+00,2.708519035349932835e+01,7.600000000000000000e+01
4.700000000000000000e+02,1.041844844818115234e+00,2.708519035349932835e+01,2.800000000000000000e+01
4.710000000000000000e+02,1.043390989303588867e+00,2.708519035349932835e+01,7.600000000000000000e+01
4.720000000000000000e+02,1.044399976730346680e+00,2.708519035349932835e+01,2.800000000000000000e+01
4.730000000000000000e+02,1.045526981353759766e+00,2.708519035349932835e+01,7.600000000000000000e+01
4.740000000000000000e+02,1.046355009078979492e+00,2.708519035349932835e+01,2.800000000000000000e+01
4.750000000000000000e+02,1.048510789871215820e+00,2.708519035349932835e+01,7.600000000000000000e+01
4.760000000000000000e+02,1.049532890319824219e+00,2.708519035349932835e+01,2.800000000000000000e+01
4.770000000000000000e+02,1.050547838211059570e+00,2.708519035349932835e+01,7.600000000000000000e+01
4.780000000000000000e+02,1.051356792449951172e+00,2.708519035349932835e+01,2.800000000000000000e+01
4.790000000000000000e+02,1.053289890289306641e+00,2.708519035349932835e+01,7.600000000000000000e+01
4.800000000000000000e+02,1.054417848587036133e+00,2.708519035349932835e+01,2.800000000000000000e+01
4.810000000000000000e+02,1.056221008300781250e+00,2.708519035349932835e+01,7.600000000000000000e+01
4.820000000000000000e+02,1.057250976562500000e+00,2.708519035349932835e+01,2.800000000000000000e+01
4.830000000000000000e+02,1.079757928848266602e+00,2.708519035349932835e+01,7.700000000000000000e+01
4.840000000000000000e+02,1.081014871597290039e+00,2.708519035349932835e+01,2.800000000000000000e+01
4.850000000000000000e+02,1.085387945175170898e+00,2.708519035349932835e+01,7.800000000000000000e+01
4.860000000000000000e+02,1.086349964141845703e+00,2.708519035349932835e+01,2.800000000000000000e+01
4.870000000000000000e+02,1.087920904159545898e+00,2.708519035349932835e+01,7.800000000000000000e+01
4.880000000000000000e+02,1.088624000549316406e+00,2.708519035349932835e+01,2.800000000000000000e+01
4.890000000000000000e+02,1.089828968048095703e+00,2.708519035349932835e+01,7.800000000000000000e+01
4.900000000000000000e+02,1.091231822967529297e+00,2.708519035349932835e+01,2.800000000000000000e+01
4.910000000000000000e+02,1.092328786849975586e+00,2.708519035349932835e+01,7.800000000000000000e+01
4.920000000000000000e+02,1.093241930007934570e+00,2.708519035349932835e+01,2.800000000000000000e+01
4.930000000000000000e+02,1.094910860061645508e+00,2.708519035349932835e+01,7.800000000000000000e+01
4.940000000000000000e+02,1.095963001251220703e+00,2.708519035349932835e+01,2.800000000000000000e+01
4.950000000000000000e+02,1.098809003829956055e+00,2.708519035349932835e+01,7.900000000000000000e+01
4.960000000000000000e+02,1.099788904190063477e+00,2.708519035349932835e+01,2.800000000000000000e+01
4.970000000000000000e+02,1.101579904556274414e+00,2.708519035349932835e+01,7.900000000000000000e+01
4.980000000000000000e+02,1.102891921997070312e+00,2.708519035349932835e+01,2.800000000000000000e+01
4.990000000000000000e+02,1.103823900222778320e+00,2.708519035349932835e+01,7.900000000000000000e+01
