0.000000000000000000e+00,1.112937927246093750e-03,0.000000000000000000e+00,1.000000000000000000e+00
1.000000000000000000e+00,3.116130828857421875e-03,0.000000000000000000e+00,2.000000000000000000e+00
2.000000000000000000e+00,4.204988479614257812e-03,0.000000000000000000e+00,1.000000000000000000e+00
3.000000000000000000e+00,6.443977355957031250e-03,0.000000000000000000e+00,3.000000000000000000e+00
4.000000000000000000e+00,7.419109344482421875e-03,0.000000000000000000e+00,1.000000000000000000e+00
5.000000000000000000e+00,1.075601577758789062e-02,0.000000000000000000e+00,4.000000000000000000e+00
6.000000000000000000e+00,1.320004463195800781e-02,0.000000000000000000e+00,2.000000000000000000e+00
7.000000000000000000e+00,1.538896560668945312e-02,0.000000000000000000e+00,5.000000000000000000e+00
8.000000000000000000e+00,1.742506027221679688e-02,0.000000000000000000e+00,3.000000000000000000e+00
9.000000000000000000e+00,1.933813095092773438e-02,0.000000000000000000e+00,6.000000000000000000e+00
1.000000000000000000e+01,2.130293846130371094e-02,3.043957619374872792e+01,4.000000000000000000e+00
1.100000000000000000e+01,2.335309982299804688e-02,3.043957619374872792e+01,7.000000000000000000e+00
1.200000000000000000e+01,2.562403678894042969e-02,3.043957619374872792e+01,5.000000000000000000e+00
1.300000000000000000e+01,2.792596817016601562e-02,3.043957619374872792e+01,8.000000000000000000e+00
1.400000000000000000e+01,2.861309051513671875e-02,3.043957619374872792e+01,5.000000000000000000e+00
1.500000000000000000e+01,3.281903266906738281e-02,3.043957619374872792e+01,9.000000000000000000e+00
1.600000000000000000e+01,3.388094902038574219e-02,3.043957619374872792e+01,5.000000000000000000e+00
1.700000000000000000e+01,3.687500953674316406e-02,3.043957619374872792e+01,1.000000000000000000e+01
1.800000000000000000e+01,4.025793075561523438e-02,3.043957619374872792e+01,6.000000000000000000e+00
1.900000000000000000e+01,4.306793212890625000e-02,3.043957619374872792e+01,1.100000000000000000e+01
2.000000000000000000e+01,4.373311996459960938e-02,3.043957619374872792e+01,6.000000000000000000e+00
2.100000000000000000e+01,4.831504821777343750e-02,3.043957619374872792e+01,1.200000000000000000e+01
2.200000000000000000e+01,4.889607429504394531e-02,3.043957619374872792e+01,6.000000000000000000e+00
2.300000000000000000e+01,5.336809158325195312e-02,3.043957619374872792e+01,1.300000000000000000e+01
2.400000000000000000e+01,5.431914329528808594e-02,3.043957619374872792e+01,6.000000000000000000e+00
2.500000000000000000e+01,5.846214294433593750e-02,3.043957619374872792e+01,1.400000000000000000e+01
2.600000000000000000e+01,5.912494659423828125e-02,3.043957619374872792e+01,6.000000000000000000e+00
2.700000000000000000e+01,6.171011924743652344e-02,3.043957619374872792e+01,1.500000000000000000e+01
2.800000000000000000e+01,6.472897529602050781e-02,3.043957619374872792e+01,7.000000000000000000e+00
2.900000000000000000e+01,6.915998458862304688e-02,3.043957619374872792e+01,1.600000000000000000e+01
3.000000000000000000e+01,7.244205474853515625e-02,3.043957619374872792e+01,8.000000000000000000e+00
3.100000000000000000e+01,7.635116577148437500e-02,3.043957619374872792e+01,1.700000000000000000e+01
3.200000000000000000e+01,7.703614234924316406e-02,3.043957619374872792e+01,8.000000000000000000e+00
3.300000000000000000e+01,7.970714569091796875e-02,3.043957619374872792e+01,1.800000000000000000e+01
3.400000000000000000e+01,8.047008514404296875e-02,3.043957619374872792e+01,8.000000000000000000e+00
3.500000000000000000e+01,8.233499526977539062e-02,3.043957619374872792e+01,1.900000000000000000e+01
3.600000000000000000e+01,8.294796943664550781e-02,3.043957619374872792e+01,8.000000000000000000e+00
3.700000000000000000e+01,8.580398559570312500e-02,3.043957619374872792e+01,2.000000000000000000e+01
3.800000000000000000e+01,9.038996696472167969e-02,3.043957619374872792e+01,9.000000000000000000e+00
3.900000000000000000e+01,9.626698493957519531e-02,3.043957619374872792e+01,2.100000000000000000e+01
4.000000000000000000e+01,9.866809844970703125e-02,2.833848169575399822e+01,1.000000000000000000e+01
4.100000000000000000e+01,1.046550273895263672e-01,2.833848169575399822e+01,2.200000000000000000e+01
4.200000000000000000e+01,1.058449745178222656e-01,2.833848169575399822e+01,7.000000000000000000e+00
4.300000000000000000e+01,1.078910827636718750e-01,2.833848169575399822e+01,2.300000000000000000e+01
4.400000000000000000e+01,1.087200641632080078e-01,2.833848169575399822e+01,7.000000000000000000e+00
4.500000000000000000e+01,1.139640808105468750e-01,2.833848169575399822e+01,2.400000000000000000e+01
4.600000000000000000e+01,1.146330833435058594e-01,2.833848169575399822e+01,7.000000000000000000e+00
4.700000000000000000e+01,1.160211563110351562e-01,2.833848169575399822e+01,2.400000000000000000e+01
4.800000000000000000e+01,1.190900802612304688e-01,2.833848169575399822e+01,8.000000000000000000e+00
4.900000000000000000e+01,1.238739490509033203e-01,2.833848169575399822e+01,2.500000000000000000e+01
5.000000000000000000e+01,1.270339488983154297e-01,2.833848169575399822e+01,9.000000000000000000e+00
5.100000000000000000e+01,1.290769577026367188e-01,2.833848169575399822e+01,2.500000000000000000e+01
5.200000000000000000e+01,1.297149658203125000e-01,2.833848169575399822e+01,9.000000000000000000e+00
5.300000000000000000e+01,1.353580951690673828e-01,2.833848169575399822e+01,2.600000000000000000e+01
5.400000000000000000e+01,1.360139846801757812e-01,2.833848169575399822e+01,9.000000000000000000e+00
5.500000000000000000e+01,1.425559520721435547e-01,2.833848169575399822e+01,2.700000000000000000e+01
5.600000000000000000e+01,1.433820724487304688e-01,2.833848169575399822e+01,9.000000000000000000e+00
5.700000000000000000e+01,1.471509933471679688e-01,2.833848169575399822e+01,2.800000000000000000e+01
5.800000000000000000e+01,1.486389636993408203e-01,2.833848169575399822e+01,9.000000000000000000e+00
5.900000000000000000e+01,1.519711017608642578e-01,2.833848169575399822e+01,2.900000000000000000e+01
6.000000000000000000e+01,1.527979373931884766e-01,2.833848169575399822e+01,9.000000000000000000e+00
6.100000000000000000e+01,1.552159786224365234e-01,2.833848169575399822e+01,3.000000000000000000e+01
6.200000000000000000e+01,1.559729576110839844e-01,2.833848169575399822e+01,9.000000000000000000e+00
6.300000000000000000e+01,1.587140560150146484e-01,2.833848169575399822e+01,3.100000000000000000e+01
6.400000000000000000e+01,1.593980789184570312e-01,2.833848169575399822e+01,9.000000000000000000e+00
6.500000000000000000e+01,1.662180423736572266e-01,2.833848169575399822e+01,3.200000000000000000e+01
6.600000000000000000e+01,1.668610572814941406e-01,2.833848169575399822e+01,9.000000000000000000e+00
6.700000000000000000e+01,1.754739284515380859e-01,2.833848169575399822e+01,3.300000000000000000e+01
6.800000000000000000e+01,1.775569915771484375e-01,2.822384891928093253e+01,1.000000000000000000e+01
6.900000000000000000e+01,1.789350509643554688e-01,2.822384891928093253e+01,3.300000000000000000e+01
7.000000000000000000e+01,1.794779300689697266e-01,2.822384891928093253e+01,9.000000000000000000e+00
7.100000000000000000e+01,1.819269657135009766e-01,2.822384891928093253e+01,3.400000000000000000e+01
7.200000000000000000e+01,1.842470169067382812e-01,2.607792722163204502e+01,1.000000000000000000e+01
7.300000000000000000e+01,1.868910789489746094e-01,2.607792722163204502e+01,3.500000000000000000e+01
7.400000000000000000e+01,1.877069473266601562e-01,2.607792722163204502e+01,6.000000000000000000e+00
7.500000000000000000e+01,1.899020671844482422e-01,2.607792722163204502e+01,3.600000000000000000e+01
7.600000000000000000e+01,1.906161308288574219e-01,2.607792722163204502e+01,6.000000000000000000e+00
7.700000000000000000e+01,1.938130855560302734e-01,2.607792722163204502e+01,3.700000000000000000e+01
7.800000000000000000e+01,1.944301128387451172e-01,2.607792722163204502e+01,6.000000000000000000e+00
7.900000000000000000e+01,2.007889747619628906e-01,2.607792722163204502e+01,3.800000000000000000e+01
8.000000000000000000e+01,2.013010978698730469e-01,2.607792722163204502e+01,6.000000000000000000e+00
8.100000000000000000e+01,2.051229476928710938e-01,2.607792722163204502e+01,3.900000000000000000e+01
8.200000000000000000e+01,2.056269645690917969e-01,2.607792722163204502e+01,6.000000000000000000e+00
8.300000000000000000e+01,2.084491252899169922e-01,2.607792722163204502e+01,4.000000000000000000e+01
8.400000000000000000e+01,2.091860771179199219e-01,2.607792722163204502e+01,6.000000000000000000e+00
8.500000000000000000e+01,2.201530933380126953e-01,2.607792722163204502e+01,4.100000000000000000e+01
8.600000000000000000e+01,2.207920551300048828e-01,2.607792722163204502e+01,6.000000000000000000e+00
8.700000000000000000e+01,2.218680381774902344e-01,2.607792722163204502e+01,4.100000000000000000e+01
8.800000000000000000e+01,2.224960327148437500e-01,2.607792722163204502e+01,6.000000000000000000e+00
8.900000000000000000e+01,2.253811359405517578e-01,2.607792722163204502e+01,4.200000000000000000e+01
9.000000000000000000e+01,2.261610031127929688e-01,2.607792722163204502e+01,6.000000000000000000e+00
9.100000000000000000e+01,2.287061214447021484e-01,2.607792722163204502e+01,4.300000000000000000e+01
9.200000000000000000e+01,2.294819355010986328e-01,2.607792722163204502e+01,6.000000000000000000e+00
9.300000000000000000e+01,2.415809631347656250e-01,2.607792722163204502e+01,4.400000000000000000e+01
9.400000000000000000e+01,2.422220706939697266e-01,2.607792722163204502e+01,6.000000000000000000e+00
9.500000000000000000e+01,2.449150085449218750e-01,2.607792722163204502e+01,4.500000000000000000e+01
9.600000000000000000e+01,2.471311092376708984e-01,2.607792722163204502e+01,7.000000000000000000e+00
9.700000000000000000e+01,2.509751319885253906e-01,2.607792722163204502e+01,4.600000000000000000e+01
9.800000000000000000e+01,2.516460418701171875e-01,2.607792722163204502e+01,7.000000000000000000e+00
9.900000000000000000e+01,2.540481090545654297e-01,2.607792722163204502e+01,4.700000000000000000e+01
1.000000000000000000e+02,2.547891139984130859e-01,2.607792722163204502e+01,7.000000000000000000e+00
1.010000000000000000e+02,2.674720287322998047e-01,2.607792722163204502e+01,4.800000000000000000e+01
1.020000000000000000e+02,2.680630683898925781e-01,2.607792722163204502e+01,7.000000000000000000e+00
1.030000000000000000e+02,2.725961208343505859e-01,2.607792722163204502e+01,4.900000000000000000e+01
1.040000000000000000e+02,2.731771469116210938e-01,2.607792722163204502e+01,7.000000000000000000e+00
1.050000000000000000e+02,2.822711467742919922e-01,2.607792722163204502e+01,5.000000000000000000e+01
1.060000000000000000e+02,2.831790447235107422e-01,2.607792722163204502e+01,7.000000000000000000e+00
1.070000000000000000e+02,2.862961292266845703e-01,2.607792722163204502e+01,5.100000000000000000e+01
1.080000000000000000e+02,2.870349884033203125e-01,2.607792722163204502e+01,7.000000000000000000e+00
1.090000000000000000e+02,2.896420955657958984e-01,2.607792722163204502e+01,5.200000000000000000e+01
1.100000000000000000e+02,2.904441356658935547e-01,2.607792722163204502e+01,7.000000000000000000e+00
1.110000000000000000e+02,2.966370582580566406e-01,2.607792722163204502e+01,5.300000000000000000e+01
1.120000000000000000e+02,2.973091602325439453e-01,2.607792722163204502e+01,7.000000000000000000e+00
1.130000000000000000e+02,3.003120422363281250e-01,2.607792722163204502e+01,5.400000000000000000e+01
1.140000000000000000e+02,3.009700775146484375e-01,2.607792722163204502e+01,7.000000000000000000e+00
1.150000000000000000e+02,3.023879528045654297e-01,2.607792722163204502e+01,5.400000000000000000e+01
1.160000000000000000e+02,3.031871318817138672e-01,2.607792722163204502e+01,7.000000000000000000e+00
1.170000000000000000e+02,3.064501285552978516e-01,2.607792722163204502e+01,5.500000000000000000e+01
1.180000000000000000e+02,3.071300983428955078e-01,2.607792722163204502e+01,7.000000000000000000e+00
1.190000000000000000e+02,3.102409839630126953e-01,2.607792722163204502e+01,5.600000000000000000e+01
1.200000000000000000e+02,3.109560012817382812e-01,2.607792722163204502e+01,7.000000000000000000e+00
1.210000000000000000e+02,3.229949474334716797e-01,2.607792722163204502e+01,5.700000000000000000e+01
1.220000000000000000e+02,3.238050937652587891e-01,2.607792722163204502e+01,7.000000000000000000e+00
1.230000000000000000e+02,3.270571231842041016e-01,2.607792722163204502e+01,5.800000000000000000e+01
1.240000000000000000e+02,3.275771141052246094e-01,2.607792722163204502e+01,7.000000000000000000e+00
1.250000000000000000e+02,3.362741470336914062e-01,2.607792722163204502e+01,5.900000000000000000e+01
1.260000000000000000e+02,3.367869853973388672e-01,2.607792722163204502e+01,7.000000000000000000e+00
1.270000000000000000e+02,3.480679988861083984e-01,2.607792722163204502e+01,6.000000000000000000e+01
1.280000000000000000e+02,3.486361503601074219e-01,2.607792722163204502e+01,7.000000000000000000e+00
1.290000000000000000e+02,3.525509834289550781e-01,2.607792722163204502e+01,6.100000000000000000e+01
1.300000000000000000e+02,3.533790111541748047e-01,2.607792722163204502e+01,7.000000000000000000e+00
1.310000000000000000e+02,3.599870204925537109e-01,2.607792722163204502e+01,6.200000000000000000e+01
1.320000000000000000e+02,3.606679439544677734e-01,2.607792722163204502e+01,7.000000000000000000e+00
1.330000000000000000e+02,3.637230396270751953e-01,2.607792722163204502e+01,6.300000000000000000e+01
1.340000000000000000e+02,3.642749786376953125e-01,2.607792722163204502e+01,7.000000000000000000e+00
1.350000000000000000e+02,3.738050460815429688e-01,2.607792722163204502e+01,6.400000000000000000e+01
1.360000000000000000e+02,3.744130134582519531e-01,2.607792722163204502e+01,7.000000000000000000e+00
1.370000000000000000e+02,3.776681423187255859e-01,2.607792722163204502e+01,6.500000000000000000e+01
1.380000000000000000e+02,3.782241344451904297e-01,2.607792722163204502e+01,7.000000000000000000e+00
1.390000000000000000e+02,3.825759887695312500e-01,2.607792722163204502e+01,6.600000000000000000e+01
1.400000000000000000e+02,3.831050395965576172e-01,2.607792722163204502e+01,7.000000000000000000e+00
1.410000000000000000e+02,3.973419666290283203e-01,2.607792722163204502e+01,6.700000000000000000e+01
1.420000000000000000e+02,3.979060649871826172e-01,2.607792722163204502e+01,7.000000000000000000e+00
1.430000000000000000e+02,3.991169929504394531e-01,2.607792722163204502e+01,6.700000000000000000e+01
1.440000000000000000e+02,4.025170803070068359e-01,2.607792722163204502e+01,8.000000000000000000e+00
1.450000000000000000e+02,4.056639671325683594e-01,2.607792722163204502e+01,6.800000000000000000e+01
1.460000000000000000e+02,4.095330238342285156e-01,2.607792722163204502e+01,9.000000000000000000e+00
1.470000000000000000e+02,4.279050827026367188e-01,2.607792722163204502e+01,6.900000000000000000e+01
1.480000000000000000e+02,4.286561012268066406e-01,2.607792722163204502e+01,9.000000000000000000e+00
1.490000000000000000e+02,4.372429847717285156e-01,2.607792722163204502e+01,7.000000000000000000e+01
1.500000000000000000e+02,4.378120899200439453e-01,2.607792722163204502e+01,9.000000000000000000e+00
1.510000000000000000e+02,4.544291496276855469e-01,2.607792722163204502e+01,7.100000000000000000e+01
1.520000000000000000e+02,4.550981521606445312e-01,2.607792722163204502e+01,9.000000000000000000e+00
1.530000000000000000e+02,4.576649665832519531e-01,2.607792722163204502e+01,7.200000000000000000e+01
1.540000000000000000e+02,4.582791328430175781e-01,2.607792722163204502e+01,9.000000000000000000e+00
1.550000000000000000e+02,4.649701118469238281e-01,2.607792722163204502e+01,7.300000000000000000e+01
1.560000000000000000e+02,4.658119678497314453e-01,2.607792722163204502e+01,9.000000000000000000e+00
1.570000000000000000e+02,4.702439308166503906e-01,2.607792722163204502e+01,7.400000000000000000e+01
1.580000000000000000e+02,4.710350036621093750e-01,2.607792722163204502e+01,9.000000000000000000e+00
1.590000000000000000e+02,4.727690219879150391e-01,2.607792722163204502e+01,7.400000000000000000e+01
1.600000000000000000e+02,4.732949733734130859e-01,2.607792722163204502e+01,9.000000000000000000e+00
1.610000000000000000e+02,4.759769439697265625e-01,2.607792722163204502e+01,7.500000000000000000e+01
1.620000000000000000e+02,4.804201126098632812e-01,2.607792722163204502e+01,1.000000000000000000e+01
1.630000000000000000e+02,4.842450618743896484e-01,2.607792722163204502e+01,7.600000000000000000e+01
1.640000000000000000e+02,4.849910736083984375e-01,2.607792722163204502e+01,1.000000000000000000e+01
1.650000000000000000e+02,4.879341125488281250e-01,2.607792722163204502e+01,7.700000000000000000e+01
1.660000000000000000e+02,4.885020256042480469e-01,2.607792722163204502e+01,1.000000000000000000e+01
1.670000000000000000e+02,4.915549755096435547e-01,2.607792722163204502e+01,7.800000000000000000e+01
1.680000000000000000e+02,4.921360015869140625e-01,2.607792722163204502e+01,1.000000000000000000e+01
1.690000000000000000e+02,4.952471256256103516e-01,2.607792722163204502e+01,7.900000000000000000e+01
1.700000000000000000e+02,4.960670471191406250e-01,2.607792722163204502e+01,1.000000000000000000e+01
1.710000000000000000e+02,5.014369487762451172e-01,2.607792722163204502e+01,8.000000000000000000e+01
1.720000000000000000e+02,5.020051002502441406e-01,2.607792722163204502e+01,1.000000000000000000e+01
1.730000000000000000e+02,5.193879604339599609e-01,2.607792722163204502e+01,8.100000000000000000e+01
1.740000000000000000e+02,5.200901031494140625e-01,2.607792722163204502e+01,1.000000000000000000e+01
1.750000000000000000e+02,5.392980575561523438e-01,2.607792722163204502e+01,8.200000000000000000e+01
1.760000000000000000e+02,5.398809909820556641e-01,2.607792722163204502e+01,1.000000000000000000e+01
1.770000000000000000e+02,5.469059944152832031e-01,2.607792722163204502e+01,8.300000000000000000e+01
1.780000000000000000e+02,5.491709709167480469e-01,2.607792722163204502e+01,1.100000000000000000e+01
1.790000000000000000e+02,5.519180297851562500e-01,2.607792722163204502e+01,8.400000000000000000e+01
1.800000000000000000e+02,5.547831058502197266e-01,2.607792722163204502e+01,1.200000000000000000e+01
1.810000000000000000e+02,5.794320106506347656e-01,2.607792722163204502e+01,8.500000000000000000e+01
1.820000000000000000e+02,5.807659626007080078e-01,2.607792722163204502e+01,1.200000000000000000e+01
1.830000000000000000e+02,5.851809978485107422e-01,2.607792722163204502e+01,8.600000000000000000e+01
1.840000000000000000e+02,5.870449542999267578e-01,2.607792722163204502e+01,1.200000000000000000e+01
1.850000000000000000e+02,5.950710773468017578e-01,2.607792722163204502e+01,8.700000000000000000e+01
1.860000000000000000e+02,5.957679748535156250e-01,2.607792722163204502e+01,1.200000000000000000e+01
1.870000000000000000e+02,6.055181026458740234e-01,2.607792722163204502e+01,8.800000000000000000e+01
1.880000000000000000e+02,6.060919761657714844e-01,2.607792722163204502e+01,1.200000000000000000e+01
1.890000000000000000e+02,6.160750389099121094e-01,2.607792722163204502e+01,8.900000000000000000e+01
1.900000000000000000e+02,6.166291236877441406e-01,2.607792722163204502e+01,1.200000000000000000e+01
1.910000000000000000e+02,6.387879848480224609e-01,2.607792722163204502e+01,9.000000000000000000e+01
1.920000000000000000e+02,6.395890712738037109e-01,2.607792722163204502e+01,1.200000000000000000e+01
1.930000000000000000e+02,6.556730270385742188e-01,2.607792722163204502e+01,9.100000000000000000e+01
1.940000000000000000e+02,6.562190055847167969e-01,2.607792722163204502e+01,1.200000000000000000e+01
1.950000000000000000e+02,6.618180274963378906e-01,2.607792722163204502e+01,9.200000000000000000e+01
1.960000000000000000e+02,6.623570919036865234e-01,2.607792722163204502e+01,1.200000000000000000e+01
1.970000000000000000e+02,6.915180683135986328e-01,2.607792722163204502e+01,9.300000000000000000e+01
1.980000000000000000e+02,6.922349929809570312e-01,2.607792722163204502e+01,1.200000000000000000e+01
1.990000000000000000e+02,6.973071098327636719e-01,2.607792722163204502e+01,9.400000000000000000e+01
2.000000000000000000e+02,6.982901096343994141e-01,2.607792722163204502e+01,1.200000000000000000e+01
2.010000000000000000e+02,7.124199867248535156e-01,2.607792722163204502e+01,9.500000000000000000e+01
2.020000000000000000e+02,7.158629894256591797e-01,2.607792722163204502e+01,1.300000000000000000e+01
2.030000000000000000e+02,7.334740161895751953e-01,2.607792722163204502e+01,9.600000000000000000e+01
2.040000000000000000e+02,7.340500354766845703e-01,2.607792722163204502e+01,1.300000000000000000e+01
2.050000000000000000e+02,7.357859611511230469e-01,2.607792722163204502e+01,9.600000000000000000e+01
2.060000000000000000e+02,7.365629673004150391e-01,2.607792722163204502e+01,1.300000000000000000e+01
2.070000000000000000e+02,7.453141212463378906e-01,2.607792722163204502e+01,9.700000000000000000e+01
2.080000000000000000e+02,7.462570667266845703e-01,2.607792722163204502e+01,1.300000000000000000e+01
2.090000000000000000e+02,7.491531372070312500e-01,2.607792722163204502e+01,9.800000000000000000e+01
2.100000000000000000e+02,7.498950958251953125e-01,2.607792722163204502e+01,1.300000000000000000e+01
2.110000000000000000e+02,7.593951225280761719e-01,2.607792722163204502e+01,9.900000000000000000e+01
2.120000000000000000e+02,7.601709365844726562e-01,2.607792722163204502e+01,1.300000000000000000e+01
2.130000000000000000e+02,7.660000324249267578e-01,2.607792722163204502e+01,1.000000000000000000e+02
2.140000000000000000e+02,7.666289806365966797e-01,2.607792722163204502e+01,1.300000000000000000e+01
2.150000000000000000e+02,7.844979763031005859e-01,2.607792722163204502e+01,1.010000000000000000e+02
2.160000000000000000e+02,7.850720882415771484e-01,2.607792722163204502e+01,1.300000000000000000e+01
2.170000000000000000e+02,7.872209548950195312e-01,2.607792722163204502e+01,1.010000000000000000e+02
2.180000000000000000e+02,7.879230976104736328e-01,2.607792722163204502e+01,1.300000000000000000e+01
2.190000000000000000e+02,8.048870563507080078e-01,2.607792722163204502e+01,1.020000000000000000e+02
2.200000000000000000e+02,8.059270381927490234e-01,2.607792722163204502e+01,1.300000000000000000e+01
2.210000000000000000e+02,8.114719390869140625e-01,2.607792722163204502e+01,1.030000000000000000e+02
2.220000000000000000e+02,8.121089935302734375e-01,2.607792722163204502e+01,1.300000000000000000e+01
2.230000000000000000e+02,8.309710025787353516e-01,2.607792722163204502e+01,1.040000000000000000e+02
2.240000000000000000e+02,8.316049575805664062e-01,2.607792722163204502e+01,1.300000000000000000e+01
2.250000000000000000e+02,8.555331230163574219e-01,2.607792722163204502e+01,1.050000000000000000e+02
2.260000000000000000e+02,8.563611507415771484e-01,2.607792722163204502e+01,1.300000000000000000e+01
2.270000000000000000e+02,8.574759960174560547e-01,2.607792722163204502e+01,1.050000000000000000e+02
2.280000000000000000e+02,8.584480285644531250e-01,2.607792722163204502e+01,1.300000000000000000e+01
2.290000000000000000e+02,8.698279857635498047e-01,2.607792722163204502e+01,1.060000000000000000e+02
2.300000000000000000e+02,8.705079555511474609e-01,2.607792722163204502e+01,1.300000000000000000e+01
2.310000000000000000e+02,8.789451122283935547e-01,2.607792722163204502e+01,1.070000000000000000e+02
2.320000000000000000e+02,8.796679973602294922e-01,2.607792722163204502e+01,1.300000000000000000e+01
2.330000000000000000e+02,8.997211456298828125e-01,2.607792722163204502e+01,1.080000000000000000e+02
2.340000000000000000e+02,9.004371166229248047e-01,2.607792722163204502e+01,1.300000000000000000e+01
2.350000000000000000e+02,9.128510951995849609e-01,2.607792722163204502e+01,1.090000000000000000e+02
2.360000000000000000e+02,9.137091636657714844e-01,2.607792722163204502e+01,1.300000000000000000e+01
2.370000000000000000e+02,9.343171119689941406e-01,2.607792722163204502e+01,1.100000000000000000e+02
2.380000000000000000e+02,9.351689815521240234e-01,2.607792722163204502e+01,1.300000000000000000e+01
2.390000000000000000e+02,9.559490680694580078e-01,2.607792722163204502e+01,1.110000000000000000e+02
2.400000000000000000e+02,9.568121433258056641e-01,2.607792722163204502e+01,1.300000000000000000e+01
2.410000000000000000e+02,9.825990200042724609e-01,2.607792722163204502e+01,1.120000000000000000e+02
2.420000000000000000e+02,9.831769466400146484e-01,2.607792722163204502e+01,1.300000000000000000e+01
2.430000000000000000e+02,9.925529956817626953e-01,2.607792722163204502e+01,1.130000000000000000e+02
2.440000000000000000e+02,9.932579994201660156e-01,2.607792722163204502e+01,1.300000000000000000e+01
2.450000000000000000e+02,1.002170085906982422e+00,2.607792722163204502e+01,1.140000000000000000e+02
2.460000000000000000e+02,1.002849102020263672e+00,2.607792722163204502e+01,1.300000000000000000e+01
2.470000000000000000e+02,1.033139944076538086e+00,2.607792722163204502e+01,1.150000000000000000e+02
2.480000000000000000e+02,1.033719062805175781e+00,2.607792722163204502e+01,1.300000000000000000e+01
2.490000000000000000e+02,1.061190128326416016e+00,2.607792722163204502e+01,1.160000000000000000e+02
2.500000000000000000e+02,1.062093019485473633e+00,2.607792722163204502e+01,1.300000000000000000e+01
2.510000000000000000e+02,1.089115142822265625e+00,2.607792722163204502e+01,1.170000000000000000e+02
2.520000000000000000e+02,1.089884042739868164e+00,2.607792722163204502e+01,1.300000000000000000e+01
2.530000000000000000e+02,1.111490011215209961e+00,2.607792722163204502e+01,1.180000000000000000e+02
2.540000000000000000e+02,1.112079143524169922e+00,2.607792722163204502e+01,1.300000000000000000e+01
2.550000000000000000e+02,1.136367082595825195e+00,2.607792722163204502e+01,1.190000000000000000e+02
2.560000000000000000e+02,1.137073040008544922e+00,2.607792722163204502e+01,1.300000000000000000e+01
2.570000000000000000e+02,1.141659021377563477e+00,2.607792722163204502e+01,1.200000000000000000e+02
2.580000000000000000e+02,1.142522096633911133e+00,2.607792722163204502e+01,1.300000000000000000e+01
2.590000000000000000e+02,1.149403095245361328e+00,2.607792722163204502e+01,1.210000000000000000e+02
2.600000000000000000e+02,1.150892972946166992e+00,2.607792722163204502e+01,1.300000000000000000e+01
2.610000000000000000e+02,1.158015012741088867e+00,2.607792722163204502e+01,1.220000000000000000e+02
2.620000000000000000e+02,1.158735036849975586e+00,2.607792722163204502e+01,1.300000000000000000e+01
2.630000000000000000e+02,1.163056135177612305e+00,2.607792722163204502e+01,1.230000000000000000e+02
2.640000000000000000e+02,1.163797140121459961e+00,2.607792722163204502e+01,1.300000000000000000e+01
2.650000000000000000e+02,1.185811996459960938e+00,2.607792722163204502e+01,1.240000000000000000e+02
2.660000000000000000e+02,1.187335968017578125e+00,2.607792722163204502e+01,1.300000000000000000e+01
2.670000000000000000e+02,1.208178043365478516e+00,2.607792722163204502e+01,1.250000000000000000e+02
2.680000000000000000e+02,1.209004163742065430e+00,2.607792722163204502e+01,1.300000000000000000e+01
2.690000000000000000e+02,1.212121009826660156e+00,2.607792722163204502e+01,1.260000000000000000e+02
2.700000000000000000e+02,1.212821960449218750e+00,2.607792722163204502e+01,1.300000000000000000e+01
2.710000000000000000e+02,1.236699104309082031e+00,2.607792722163204502e+01,1.270000000000000000e+02
2.720000000000000000e+02,1.237456083297729492e+00,2.607792722163204502e+01,1.300000000000000000e+01
2.730000000000000000e+02,1.259104013442993164e+00,2.607792722163204502e+01,1.280000000000000000e+02
2.740000000000000000e+02,1.259701013565063477e+00,2.607792722163204502e+01,1.300000000000000000e+01
2.750000000000000000e+02,1.266320943832397461e+00,2.607792722163204502e+01,1.290000000000000000e+02
2.760000000000000000e+02,1.267632961273193359e+00,2.607792722163204502e+01,1.300000000000000000e+01
2.770000000000000000e+02,1.295030117034912109e+00,2.607792722163204502e+01,1.300000000000000000e+02
2.780000000000000000e+02,1.295727968215942383e+00,2.607792722163204502e+01,1.300000000000000000e+01
2.790000000000000000e+02,1.297927141189575195e+00,2.607792722163204502e+01,1.300000000000000000e+02
2.800000000000000000e+02,1.298521041870117188e+00,2.607792722163204502e+01,1.300000000000000000e+01
2.810000000000000000e+02,1.304120063781738281e+00,2.607792722163204502e+01,1.310000000000000000e+02
2.820000000000000000e+02,1.304674148559570312e+00,2.607792722163204502e+01,1.300000000000000000e+01
2.830000000000000000e+02,1.307922124862670898e+00,2.607792722163204502e+01,1.320000000000000000e+02
2.840000000000000000e+02,1.308943033218383789e+00,2.607792722163204502e+01,1.300000000000000000e+01
2.850000000000000000e+02,1.340517044067382812e+00,2.607792722163204502e+01,1.330000000000000000e+02
2.860000000000000000e+02,1.341212987899780273e+00,2.607792722163204502e+01,1.300000000000000000e+01
2.870000000000000000e+02,1.367687940597534180e+00,2.607792722163204502e+01,1.340000000000000000e+02
2.880000000000000000e+02,1.368458032608032227e+00,2.607792722163204502e+01,1.300000000000000000e+01
2.890000000000000000e+02,1.370929002761840820e+00,2.607792722163204502e+01,1.340000000000000000e+02
2.900000000000000000e+02,1.371758937835693359e+00,2.607792722163204502e+01,1.300000000000000000e+01
2.910000000000000000e+02,1.394711017608642578e+00,2.607792722163204502e+01,1.350000000000000000e+02
2.920000000000000000e+02,1.396492004394531250e+00,2.607792722163204502e+01,1.300000000000000000e+01
2.930000000000000000e+02,1.405817031860351562e+00,2.607792722163204502e+01,1.360000000000000000e+02
2.940000000000000000e+02,1.407061100006103516e+00,2.607792722163204502e+01,1.300000000000000000e+01
2.950000000000000000e+02,1.414772987365722656e+00,2.607792722163204502e+01,1.370000000000000000e+02
2.960000000000000000e+02,1.415454149246215820e+00,2.607792722163204502e+01,1.300000000000000000e+01
2.970000000000000000e+02,1.435405969619750977e+00,2.607792722163204502e+01,1.380000000000000000e+02
2.980000000000000000e+02,1.436691999435424805e+00,2.607792722163204502e+01,1.300000000000000000e+01
2.990000000000000000e+02,1.473798036575317383e+00,2.607792722163204502e+01,1.390000000000000000e+02
3.000000000000000000e+02,1.474512100219726562e+00,2.607792722163204502e+01,1.300000000000000000e+01
3.010000000000000000e+02,1.511849164962768555e+00,2.607792722163204502e+01,1.400000000000000000e+02
3.020000000000000000e+02,1.512566089630126953e+00,2.607792722163204502e+01,1.300000000000000000e+01
3.030000000000000000e+02,1.519163131713867188e+00,2.607792722163204502e+01,1.410000000000000000e+02
3.040000000000000000e+02,1.520261049270629883e+00,2.607792722163204502e+01,1.300000000000000000e+01
3.050000000000000000e+02,1.531724929809570312e+00,2.607792722163204502e+01,1.420000000000000000e+02
3.060000000000000000e+02,1.532516002655029297e+00,2.607792722163204502e+01,1.300000000000000000e+01
3.070000000000000000e+02,1.566429138183593750e+00,2.607792722163204502e+01,1.430000000000000000e+02
3.080000000000000000e+02,1.567336082458496094e+00,2.607792722163204502e+01,1.300000000000000000e+01
3.090000000000000000e+02,1.585301160812377930e+00,2.607792722163204502e+01,1.440000000000000000e+02
3.100000000000000000e+02,1.586034059524536133e+00,2.607792722163204502e+01,1.300000000000000000e+01
3.110000000000000000e+02,1.601019144058227539e+00,2.607792722163204502e+01,1.450000000000000000e+02
3.120000000000000000e+02,1.601591110229492188e+00,2.607792722163204502e+01,1.300000000000000000e+01
3.130000000000000000e+02,1.621694087982177734e+00,2.607792722163204502e+01,1.460000000000000000e+02
3.140000000000000000e+02,1.622635126113891602e+00,2.607792722163204502e+01,1.300000000000000000e+01
3.150000000000000000e+02,1.626697063446044922e+00,2.607792722163204502e+01,1.470000000000000000e+02
3.160000000000000000e+02,1.627440929412841797e+00,2.607792722163204502e+01,1.300000000000000000e+01
3.170000000000000000e+02,1.643299102783203125e+00,2.607792722163204502e+01,1.480000000000000000e+02
3.180000000000000000e+02,1.643854141235351562e+00,2.607792722163204502e+01,1.300000000000000000e+01
3.190000000000000000e+02,1.662981986999511719e+00,2.607792722163204502e+01,1.490000000000000000e+02
3.200000000000000000e+02,1.663588047027587891e+00,2.607792722163204502e+01,1.300000000000000000e+01
3.210000000000000000e+02,1.694194078445434570e+00,2.607792722163204502e+01,1.500000000000000000e+02
3.220000000000000000e+02,1.694952964782714844e+00,2.607792722163204502e+01,1.300000000000000000e+01
3.230000000000000000e+02,1.707973957061767578e+00,2.607792722163204502e+01,1.510000000000000000e+02
3.240000000000000000e+02,1.708672046661376953e+00,2.607792722163204502e+01,1.300000000000000000e+01
3.250000000000000000e+02,1.718815088272094727e+00,2.607792722163204502e+01,1.520000000000000000e+02
3.260000000000000000e+02,1.719594001770019531e+00,2.607792722163204502e+01,1.300000000000000000e+01
3.270000000000000000e+02,1.732128143310546875e+00,2.607792722163204502e+01,1.530000000000000000e+02
3.280000000000000000e+02,1.733294010162353516e+00,2.607792722163204502e+01,1.300000000000000000e+01
3.290000000000000000e+02,1.766874074935913086e+00,2.607792722163204502e+01,1.540000000000000000e+02
3.300000000000000000e+02,1.769988059997558594e+00,2.607792722163204502e+01,1.400000000000000000e+01
3.310000000000000000e+02,1.791238069534301758e+00,2.607792722163204502e+01,1.550000000000000000e+02
3.320000000000000000e+02,1.791933059692382812e+00,2.607792722163204502e+01,1.400000000000000000e+01
3.330000000000000000e+02,1.794801950454711914e+00,2.607792722163204502e+01,1.550000000000000000e+02
3.340000000000000000e+02,1.795489072799682617e+00,2.607792722163204502e+01,1.400000000000000000e+01
3.350000000000000000e+02,1.823287010192871094e+00,2.607792722163204502e+01,1.560000000000000000e+02
3.360000000000000000e+02,1.824166059494018555e+00,2.607792722163204502e+01,1.400000000000000000e+01
3.370000000000000000e+02,1.853085994720458984e+00,2.607792722163204502e+01,1.570000000000000000e+02
3.380000000000000000e+02,1.854357004165649414e+00,2.607792722163204502e+01,1.400000000000000000e+01
3.390000000000000000e+02,1.856910943984985352e+00,2.607792722163204502e+01,1.570000000000000000e+02
3.400000000000000000e+02,1.862651109695434570e+00,2.607792722163204502e+01,1.500000000000000000e+01
3.410000000000000000e+02,1.887617111206054688e+00,2.607792722163204502e+01,1.580000000000000000e+02
3.420000000000000000e+02,1.888390064239501953e+00,2.607792722163204502e+01,1.500000000000000000e+01
3.430000000000000000e+02,1.891067028045654297e+00,2.607792722163204502e+01,1.580000000000000000e+02
3.440000000000000000e+02,1.891844987869262695e+00,2.607792722163204502e+01,1.500000000000000000e+01
3.450000000000000000e+02,1.895292043685913086e+00,2.607792722163204502e+01,1.590000000000000000e+02
3.460000000000000000e+02,1.896064996719360352e+00,2.607792722163204502e+01,1.500000000000000000e+01
3.470000000000000000e+02,1.911559104919433594e+00,2.607792722163204502e+01,1.600000000000000000e+02
3.480000000000000000e+02,1.912183046340942383e+00,2.607792722163204502e+01,1.500000000000000000e+01
3.490000000000000000e+02,1.933263063430786133e+00,2.607792722163204502e+01,1.610000000000000000e+02
3.500000000000000000e+02,1.933917045593261719e+00,2.607792722163204502e+01,1.500000000000000000e+01
3.510000000000000000e+02,1.939821958541870117e+00,2.607792722163204502e+01,1.620000000000000000e+02
3.520000000000000000e+02,1.940562009811401367e+00,2.607792722163204502e+01,1.500000000000000000e+01
3.530000000000000000e+02,1.943263053894042969e+00,2.607792722163204502e+01,1.620000000000000000e+02
3.540000000000000000e+02,1.943830013275146484e+00,2.607792722163204502e+01,1.500000000000000000e+01
3.550000000000000000e+02,1.966401100158691406e+00,2.607792722163204502e+01,1.630000000000000000e+02
3.560000000000000000e+02,1.967170953750610352e+00,2.607792722163204502e+01,1.500000000000000000e+01
3.570000000000000000e+02,1.969802141189575195e+00,2.607792722163204502e+01,1.630000000000000000e+02
3.580000000000000000e+02,1.975692987442016602e+00,2.607792722163204502e+01,1.600000000000000000e+01
3.590000000000000000e+02,1.978377103805541992e+00,2.607792722163204502e+01,1.630000000000000000e+02
3.600000000000000000e+02,1.979104995727539062e+00,2.607792722163204502e+01,1.600000000000000000e+01
3.610000000000000000e+02,2.005671024322509766e+00,2.607792722163204502e+01,1.640000000000000000e+02
3.620000000000000000e+02,2.006583929061889648e+00,2.607792722163204502e+01,1.600000000000000000e+01
3.630000000000000000e+02,2.035514116287231445e+00,2.607792722163204502e+01,1.650000000000000000e+02
3.640000000000000000e+02,2.036376953125000000e+00,2.607792722163204502e+01,1.600000000000000000e+01
3.650000000000000000e+02,2.060902118682861328e+00,2.607792722163204502e+01,1.660000000000000000e+02
3.660000000000000000e+02,2.061697006225585938e+00,2.607792722163204502e+01,1.600000000000000000e+01
3.670000000000000000e+02,2.074721097946166992e+00,2.607792722163204502e+01,1.670000000000000000e+02
3.680000000000000000e+02,2.075850009918212891e+00,2.607792722163204502e+01,1.600000000000000000e+01
3.690000000000000000e+02,2.088382959365844727e+00,2.607792722163204502e+01,1.680000000000000000e+02
3.700000000000000000e+02,2.089087963104248047e+00,2.607792722163204502e+01,1.600000000000000000e+01
3.710000000000000000e+02,2.101746082305908203e+00,2.607792722163204502e+01,1.690000000000000000e+02
3.720000000000000000e+02,2.108057975769042969e+00,2.607792722163204502e+01,1.700000000000000000e+01
3.730000000000000000e+02,2.120139122009277344e+00,2.607792722163204502e+01,1.700000000000000000e+02
3.740000000000000000e+02,2.120690107345581055e+00,2.607792722163204502e+01,1.700000000000000000e+01
3.750000000000000000e+02,2.139832973480224609e+00,2.607792722163204502e+01,1.710000000000000000e+02
3.760000000000000000e+02,2.140810012817382812e+00,2.607792722163204502e+01,1.700000000000000000e+01
3.770000000000000000e+02,2.161489963531494141e+00,2.607792722163204502e+01,1.720000000000000000e+02
3.780000000000000000e+02,2.162452936172485352e+00,2.607792722163204502e+01,1.700000000000000000e+01
3.790000000000000000e+02,2.186886072158813477e+00,2.607792722163204502e+01,1.730000000000000000e+02
3.800000000000000000e+02,2.187778949737548828e+00,2.607792722163204502e+01,1.700000000000000000e+01
3.810000000000000000e+02,2.195117950439453125e+00,2.461209912266673783e+01,1.740000000000000000e+02
3.820000000000000000e+02,2.195863962173461914e+00,2.461209912266673783e+01,7.000000000000000000e+00
3.830000000000000000e+02,2.205193042755126953e+00,2.461209912266673783e+01,1.700000000000000000e+02
3.840000000000000000e+02,2.206009149551391602e+00,2.461209912266673783e+01,7.000000000000000000e+00
3.850000000000000000e+02,2.217676162719726562e+00,2.461209912266673783e+01,1.710000000000000000e+02
3.860000000000000000e+02,2.218312025070190430e+00,2.461209912266673783e+01,7.000000000000000000e+00
3.870000000000000000e+02,2.234195947647094727e+00,2.461209912266673783e+01,1.720000000000000000e+02
3.880000000000000000e+02,2.234779119491577148e+00,2.461209912266673783e+01,7.000000000000000000e+00
3.890000000000000000e+02,2.238512039184570312e+00,2.461209912266673783e+01,1.730000000000000000e+02
3.900000000000000000e+02,2.239107131958007812e+00,2.461209912266673783e+01,7.000000000000000000e+00
3.910000000000000000e+02,2.278373956680297852e+00,2.461209912266673783e+01,1.740000000000000000e+02
3.920000000000000000e+02,2.279036045074462891e+00,2.461209912266673783e+01,7.000000000000000000e+00
3.930000000000000000e+02,2.302397966384887695e+00,2.461209912266673783e+01,1.750000000000000000e+02
3.940000000000000000e+02,2.302955150604248047e+00,2.461209912266673783e+01,7.000000000000000000e+00
3.950000000000000000e+02,2.322689056396484375e+00,2.461209912266673783e+01,1.760000000000000000e+02
3.960000000000000000e+02,2.323224067687988281e+00,2.461209912266673783e+01,7.000000000000000000e+00
3.970000000000000000e+02,2.373533964157104492e+00,2.461209912266673783e+01,1.770000000000000000e+02
3.980000000000000000e+02,2.374448060989379883e+00,2.461209912266673783e+01,7.000000000000000000e+00
3.990000000000000000e+02,2.375761032104492188e+00,2.461209912266673783e+01,1.770000000000000000e+02
4.000000000000000000e+02,2.376350164413452148e+00,2.461209912266673783e+01,7.000000000000000000e+00
4.010000000000000000e+02,2.406363010406494141e+00,2.461209912266673783e+01,1.780000000000000000e+02
4.020000000000000000e+02,2.407042980194091797e+00,2.461209912266673783e+01,7.000000000000000000e+00
4.030000000000000000e+02,2.430236101150512695e+00,2.461209912266673783e+01,1.790000000000000000e+02
4.040000000000000000e+02,2.430781126022338867e+00,2.461209912266673783e+01,7.000000000000000000e+00
4.050000000000000000e+02,2.455565929412841797e+00,2.461209912266673783e+01,1.800000000000000000e+02
4.060000000000000000e+02,2.456198930740356445e+00,2.461209912266673783e+01,7.000000000000000000e+00
4.070000000000000000e+02,2.462598085403442383e+00,2.461209912266673783e+01,1.810000000000000000e+02
4.080000000000000000e+02,2.463461160659790039e+00,2.461209912266673783e+01,7.000000000000000000e+00
4.090000000000000000e+02,2.493394136428833008e+00,2.461209912266673783e+01,1.820000000000000000e+02
4.100000000000000000e+02,2.493952989578247070e+00,2.461209912266673783e+01,7.000000000000000000e+00
4.110000000000000000e+02,2.497137069702148438e+00,2.461209912266673783e+01,1.820000000000000000e+02
4.120000000000000000e+02,2.498090982437133789e+00,2.461209912266673783e+01,7.000000000000000000e+00
4.130000000000000000e+02,2.513280153274536133e+00,2.461209912266673783e+01,1.830000000000000000e+02
4.140000000000000000e+02,2.513957977294921875e+00,2.461209912266673783e+01,7.000000000000000000e+00
4.150000000000000000e+02,2.516858100891113281e+00,2.461209912266673783e+01,1.830000000000000000e+02
4.160000000000000000e+02,2.517970085144042969e+00,2.461209912266673783e+01,7.000000000000000000e+00
4.170000000000000000e+02,2.543113946914672852e+00,2.461209912266673783e+01,1.840000000000000000e+02
4.180000000000000000e+02,2.543725013732910156e+00,2.461209912266673783e+01,7.000000000000000000e+00
4.190000000000000000e+02,2.546826124191284180e+00,2.461209912266673783e+01,1.840000000000000000e+02
4.200000000000000000e+02,2.547374963760375977e+00,2.461209912266673783e+01,7.000000000000000000e+00
4.210000000000000000e+02,2.552648067474365234e+00,2.461209912266673783e+01,1.850000000000000000e+02
4.220000000000000000e+02,2.553436994552612305e+00,2.461209912266673783e+01,7.000000000000000000e+00
4.230000000000000000e+02,2.590894937515258789e+00,2.461209912266673783e+01,1.860000000000000000e+02
4.240000000000000000e+02,2.592373132705688477e+00,2.461209912266673783e+01,7.000000000000000000e+00
4.250000000000000000e+02,2.607681989669799805e+00,2.461209912266673783e+01,1.870000000000000000e+02
4.260000000000000000e+02,2.608335971832275391e+00,2.461209912266673783e+01,7.000000000000000000e+00
4.270000000000000000e+02,2.659965038299560547e+00,2.461209912266673783e+01,1.880000000000000000e+02
4.280000000000000000e+02,2.664571046829223633e+00,2.461209912266673783e+01,8.000000000000000000e+00
4.290000000000000000e+02,2.667458057403564453e+00,2.461209912266673783e+01,1.880000000000000000e+02
4.300000000000000000e+02,2.668157100677490234e+00,2.461209912266673783e+01,8.000000000000000000e+00
4.310000000000000000e+02,2.679024934768676758e+00,2.461209912266673783e+01,1.890000000000000000e+02
4.320000000000000000e+02,2.679619073867797852e+00,2.461209912266673783e+01,8.000000000000000000e+00
4.330000000000000000e+02,2.697982072830200195e+00,2.461209912266673783e+01,1.900000000000000000e+02
4.340000000000000000e+02,2.699063062667846680e+00,2.461209912266673783e+01,8.000000000000000000e+00
4.350000000000000000e+02,2.702134132385253906e+00,2.461209912266673783e+01,1.900000000000000000e+02
4.360000000000000000e+02,2.702770948410034180e+00,2.461209912266673783e+01,8.000000000000000000e+00
4.370000000000000000e+02,2.720983028411865234e+00,2.461209912266673783e+01,1.910000000000000000e+02
4.380000000000000000e+02,2.721568107604980469e+00,2.461209912266673783e+01,8.000000000000000000e+00
4.390000000000000000e+02,2.735501050949096680e+00,2.461209912266673783e+01,1.920000000000000000e+02
4.400000000000000000e+02,2.736467123031616211e+00,2.461209912266673783e+01,8.000000000000000000e+00
4.410000000000000000e+02,2.737985134124755859e+00,2.461209912266673783e+01,1.920000000000000000e+02
4.420000000000000000e+02,2.738554954528808594e+00,2.461209912266673783e+01,8.000000000000000000e+00
4.430000000000000000e+02,2.746644020080566406e+00,2.461209912266673783e+01,1.930000000000000000e+02
4.440000000000000000e+02,2.747372150421142578e+00,2.461209912266673783e+01,8.000000000000000000e+00
4.450000000000000000e+02,2.769562005996704102e+00,2.461209912266673783e+01,1.940000000000000000e+02
4.460000000000000000e+02,2.770395994186401367e+00,2.461209912266673783e+01,8.000000000000000000e+00
4.470000000000000000e+02,2.773478031158447266e+00,2.461209912266673783e+01,1.940000000000000000e+02
4.480000000000000000e+02,2.774121999740600586e+00,2.461209912266673783e+01,8.000000000000000000e+00
4.490000000000000000e+02,2.777259111404418945e+00,2.461209912266673783e+01,1.940000000000000000e+02
4.500000000000000000e+02,2.777955055236816406e+00,2.461209912266673783e+01,8.000000000000000000e+00
4.510000000000000000e+02,2.779603004455566406e+00,2.461209912266673783e+01,1.940000000000000000e+02
4.520000000000000000e+02,2.780249118804931641e+00,2.461209912266673783e+01,8.000000000000000000e+00
4.530000000000000000e+02,2.791579008102416992e+00,2.461209912266673783e+01,1.950000000000000000e+02
4.540000000000000000e+02,2.792220115661621094e+00,2.461209912266673783e+01,8.000000000000000000e+00
4.550000000000000000e+02,2.795155048370361328e+00,2.461209912266673783e+01,1.950000000000000000e+02
4.560000000000000000e+02,2.795813083648681641e+00,2.461209912266673783e+01,8.000000000000000000e+00
4.570000000000000000e+02,2.836961984634399414e+00,2.461209912266673783e+01,1.960000000000000000e+02
4.580000000000000000e+02,2.837820053100585938e+00,2.461209912266673783e+01,8.000000000000000000e+00
4.590000000000000000e+02,2.866466045379638672e+00,2.461209912266673783e+01,1.970000000000000000e+02
4.600000000000000000e+02,2.867175102233886719e+00,2.461209912266673783e+01,8.000000000000000000e+00
4.610000000000000000e+02,2.890799999237060547e+00,2.461209912266673783e+01,1.980000000000000000e+02
4.620000000000000000e+02,2.891359090805053711e+00,2.461209912266673783e+01,8.000000000000000000e+00
4.630000000000000000e+02,2.919312953948974609e+00,2.461209912266673783e+01,1.990000000000000000e+02
4.640000000000000000e+02,2.920072078704833984e+00,2.461209912266673783e+01,8.000000000000000000e+00
4.650000000000000000e+02,2.921489953994750977e+00,2.461209912266673783e+01,1.990000000000000000e+02
4.660000000000000000e+02,2.925182104110717773e+00,2.461209912266673783e+01,9.000000000000000000e+00
4.670000000000000000e+02,2.933829069137573242e+00,2.461209912266673783e+01,2.000000000000000000e+02
4.680000000000000000e+02,2.934525966644287109e+00,2.461209912266673783e+01,9.000000000000000000e+00
4.690000000000000000e+02,2.952147006988525391e+00,2.461209912266673783e+01,2.010000000000000000e+02
4.700000000000000000e+02,2.952862977981567383e+00,2.461209912266673783e+01,9.000000000000000000e+00
4.710000000000000000e+02,2.957525014877319336e+00,2.461209912266673783e+01,2.020000000000000000e+02
4.720000000000000000e+02,2.958400011062622070e+00,2.461209912266673783e+01,9.000000000000000000e+00
4.730000000000000000e+02,3.011098146438598633e+00,2.461209912266673783e+01,2.030000000000000000e+02
4.740000000000000000e+02,3.011850118637084961e+00,2.461209912266673783e+01,9.000000000000000000e+00
4.750000000000000000e+02,3.016142129898071289e+00,2.461209912266673783e+01,2.040000000000000000e+02
4.760000000000000000e+02,3.016834974288940430e+00,2.461209912266673783e+01,9.000000000000000000e+00
4.770000000000000000e+02,3.020843029022216797e+00,2.461209912266673783e+01,2.040000000000000000e+02
4.780000000000000000e+02,3.021487951278686523e+00,2.461209912266673783e+01,9.000000000000000000e+00
4.790000000000000000e+02,3.027423143386840820e+00,2.461209912266673783e+01,2.050000000000000000e+02
4.800000000000000000e+02,3.028120994567871094e+00,2.461209912266673783e+01,9.000000000000000000e+00
4.810000000000000000e+02,3.031131029129028320e+00,2.461209912266673783e+01,2.050000000000000000e+02
4.820000000000000000e+02,3.031832933425903320e+00,2.461209912266673783e+01,9.000000000000000000e+00
4.830000000000000000e+02,3.055037021636962891e+00,2.461209912266673783e+01,2.060000000000000000e+02
4.840000000000000000e+02,3.055951118469238281e+00,2.461209912266673783e+01,9.000000000000000000e+00
4.850000000000000000e+02,3.061480998992919922e+00,2.461209912266673783e+01,2.070000000000000000e+02
4.860000000000000000e+02,3.062458992004394531e+00,2.461209912266673783e+01,9.000000000000000000e+00
4.870000000000000000e+02,3.068556070327758789e+00,2.461209912266673783e+01,2.080000000000000000e+02
4.880000000000000000e+02,3.069312095642089844e+00,2.461209912266673783e+01,9.000000000000000000e+00
4.890000000000000000e+02,3.083920955657958984e+00,2.461209912266673783e+01,2.090000000000000000e+02
4.900000000000000000e+02,3.084638118743896484e+00,2.461209912266673783e+01,9.000000000000000000e+00
4.910000000000000000e+02,3.117856979370117188e+00,2.461209912266673783e+01,2.100000000000000000e+02
4.920000000000000000e+02,3.118821144104003906e+00,2.461209912266673783e+01,9.000000000000000000e+00
4.930000000000000000e+02,3.126084089279174805e+00,2.461209912266673783e+01,2.110000000000000000e+02
4.940000000000000000e+02,3.126697063446044922e+00,2.461209912266673783e+01,9.000000000000000000e+00
4.950000000000000000e+02,3.137676000595092773e+00,2.461209912266673783e+01,2.120000000000000000e+02
4.960000000000000000e+02,3.138376951217651367e+00,2.461209912266673783e+01,9.000000000000000000e+00
4.970000000000000000e+02,3.142434120178222656e+00,2.461209912266673783e+01,2.130000000000000000e+02
4.980000000000000000e+02,3.143365144729614258e+00,2.461209912266673783e+01,9.000000000000000000e+00
4.990000000000000000e+02,3.162697076797485352e+00,2.461209912266673783e+01,2.140000000000000000e+02
