0.000000000000000000e+00,7.491111755371093750e-04,0.000000000000000000e+00,1.000000000000000000e+00
1.000000000000000000e+00,2.465963363647460938e-03,0.000000000000000000e+00,2.000000000000000000e+00
2.000000000000000000e+00,3.497123718261718750e-03,0.000000000000000000e+00,1.000000000000000000e+00
3.000000000000000000e+00,5.274057388305664062e-03,0.000000000000000000e+00,3.000000000000000000e+00
4.000000000000000000e+00,6.254911422729492188e-03,0.000000000000000000e+00,1.000000000000000000e+00
5.000000000000000000e+00,8.413076400756835938e-03,0.000000000000000000e+00,4.000000000000000000e+00
6.000000000000000000e+00,9.427070617675781250e-03,0.000000000000000000e+00,1.000000000000000000e+00
7.000000000000000000e+00,1.155996322631835938e-02,0.000000000000000000e+00,5.000000000000000000e+00
8.000000000000000000e+00,1.274204254150390625e-02,0.000000000000000000e+00,1.000000000000000000e+00
9.000000000000000000e+00,1.490211486816406250e-02,0.000000000000000000e+00,6.000000000000000000e+00
1.000000000000000000e+01,1.613903045654296875e-02,0.000000000000000000e+00,1.000000000000000000e+00
1.100000000000000000e+01,1.887392997741699219e-02,0.000000000000000000e+00,7.000000000000000000e+00
1.200000000000000000e+01,1.977491378784179688e-02,0.000000000000000000e+00,1.000000000000000000e+00
1.300000000000000000e+01,2.235889434814453125e-02,0.000000000000000000e+00,8.000000000000000000e+00
1.400000000000000000e+01,2.379798889160156250e-02,0.000000000000000000e+00,1.000000000000000000e+00
1.500000000000000000e+01,2.576303482055664062e-02,0.000000000000000000e+00,9.000000000000000000e+00
1.600000000000000000e+01,2.670812606811523438e-02,0.000000000000000000e+00,1.000000000000000000e+00
1.700000000000000000e+01,2.915692329406738281e-02,0.000000000000000000e+00,1.000000000000000000e+01
1.800000000000000000e+01,3.001213073730468750e-02,0.000000000000000000e+00,1.000000000000000000e+00
1.900000000000000000e+01,3.183293342590332031e-02,0.000000000000000000e+00,1.100000000000000000e+01
2.000000000000000000e+01,3.275394439697265625e-02,0.000000000000000000e+00,1.000000000000000000e+00
2.100000000000000000e+01,3.611493110656738281e-02,0.000000000000000000e+00,1.200000000000000000e+01
2.200000000000000000e+01,3.680491447448730469e-02,0.000000000000000000e+00,1.000000000000000000e+00
2.300000000000000000e+01,3.903412818908691406e-02,0.000000000000000000e+00,1.300000000000000000e+01
2.400000000000000000e+01,4.092097282409667969e-02,1.977496317163088690e+01,2.000000000000000000e+00
2.500000000000000000e+01,4.165911674499511719e-02,1.977496317163088690e+01,1.200000000000000000e+01
2.600000000000000000e+01,4.226994514465332031e-02,1.977496317163088690e+01,2.000000000000000000e+00
2.700000000000000000e+01,4.287505149841308594e-02,1.977496317163088690e+01,1.200000000000000000e+01
2.800000000000000000e+01,4.355812072753906250e-02,1.977496317163088690e+01,2.000000000000000000e+00
2.900000000000000000e+01,4.540109634399414062e-02,1.973781794865450223e+01,1.300000000000000000e+01
3.000000000000000000e+01,4.622697830200195312e-02,1.973781794865450223e+01,2.000000000000000000e+00
3.100000000000000000e+01,4.827308654785156250e-02,1.973781794865450223e+01,1.400000000000000000e+01
3.200000000000000000e+01,4.885292053222656250e-02,1.973781794865450223e+01,2.000000000000000000e+00
3.300000000000000000e+01,5.039811134338378906e-02,1.973781794865450223e+01,1.500000000000000000e+01
3.400000000000000000e+01,5.100107192993164062e-02,1.973781794865450223e+01,2.000000000000000000e+00
3.500000000000000000e+01,5.537390708923339844e-02,1.973781794865450223e+01,1.600000000000000000e+01
3.600000000000000000e+01,5.609297752380371094e-02,1.973781794865450223e+01,2.000000000000000000e+00
3.700000000000000000e+01,5.669212341308593750e-02,1.973781794865450223e+01,1.600000000000000000e+01
3.800000000000000000e+01,5.739808082580566406e-02,1.973781794865450223e+01,2.000000000000000000e+00
3.900000000000000000e+01,6.265711784362792969e-02,1.973781794865450223e+01,1.700000000000000000e+01
4.000000000000000000e+01,6.339406967163085938e-02,1.973781794865450223e+01,2.000000000000000000e+00
4.100000000000000000e+01,6.405210494995117188e-02,1.973781794865450223e+01,1.700000000000000000e+01
4.200000000000000000e+01,6.471610069274902344e-02,1.973781794865450223e+01,2.000000000000000000e+00
4.300000000000000000e+01,6.708312034606933594e-02,1.973781794865450223e+01,1.800000000000000000e+01
4.400000000000000000e+01,6.764793395996093750e-02,1.973781794865450223e+01,2.000000000000000000e+00
4.500000000000000000e+01,7.006692886352539062e-02,1.973781794865450223e+01,1.900000000000000000e+01
4.600000000000000000e+01,7.247495651245117188e-02,1.956218173317753894e+01,3.000000000000000000e+00
4.700000000000000000e+01,7.559800148010253906e-02,1.956218173317753894e+01,1.900000000000000000e+01
4.800000000000000000e+01,7.613205909729003906e-02,1.956218173317753894e+01,2.000000000000000000e+00
4.900000000000000000e+01,7.881593704223632812e-02,1.956218173317753894e+01,2.000000000000000000e+01
5.000000000000000000e+01,7.937812805175781250e-02,1.956218173317753894e+01,2.000000000000000000e+00
5.100000000000000000e+01,8.086991310119628906e-02,1.956218173317753894e+01,2.100000000000000000e+01
5.200000000000000000e+01,8.150601387023925781e-02,1.956218173317753894e+01,2.000000000000000000e+00
5.300000000000000000e+01,8.676409721374511719e-02,1.956218173317753894e+01,2.200000000000000000e+01
5.400000000000000000e+01,8.738803863525390625e-02,1.956218173317753894e+01,2.000000000000000000e+00
5.500000000000000000e+01,8.941292762756347656e-02,1.956218173317753894e+01,2.300000000000000000e+01
5.600000000000000000e+01,8.992695808410644531e-02,1.956218173317753894e+01,2.000000000000000000e+00
5.700000000000000000e+01,9.588909149169921875e-02,1.956218173317753894e+01,2.400000000000000000e+01
5.800000000000000000e+01,9.807610511779785156e-02,1.956218173317753894e+01,3.000000000000000000e+00
5.900000000000000000e+01,1.015229225158691406e-01,1.956218173317753894e+01,2.500000000000000000e+01
6.000000000000000000e+01,1.020560264587402344e-01,1.956218173317753894e+01,3.000000000000000000e+00
6.100000000000000000e+01,1.101799011230468750e-01,1.956218173317753894e+01,2.600000000000000000e+01
6.200000000000000000e+01,1.117100715637207031e-01,1.956218173317753894e+01,4.000000000000000000e+00
6.300000000000000000e+01,1.189239025115966797e-01,1.956218173317753894e+01,2.700000000000000000e+01
6.400000000000000000e+01,1.195080280303955078e-01,1.956218173317753894e+01,4.000000000000000000e+00
6.500000000000000000e+01,1.249639987945556641e-01,1.956218173317753894e+01,2.800000000000000000e+01
6.600000000000000000e+01,1.255760192871093750e-01,1.956218173317753894e+01,4.000000000000000000e+00
6.700000000000000000e+01,1.273739337921142578e-01,1.956218173317753894e+01,2.900000000000000000e+01
6.800000000000000000e+01,1.285200119018554688e-01,1.956218173317753894e+01,4.000000000000000000e+00
6.900000000000000000e+01,1.309649944305419922e-01,1.956218173317753894e+01,3.000000000000000000e+01
7.000000000000000000e+01,1.316990852355957031e-01,1.956218173317753894e+01,4.000000000000000000e+00
7.100000000000000000e+01,1.323161125183105469e-01,1.956218173317753894e+01,3.000000000000000000e+01
7.200000000000000000e+01,1.328890323638916016e-01,1.956218173317753894e+01,4.000000000000000000e+00
7.300000000000000000e+01,1.344189643859863281e-01,1.956218173317753894e+01,3.100000000000000000e+01
7.400000000000000000e+01,1.364960670471191406e-01,1.956218173317753894e+01,5.000000000000000000e+00
7.500000000000000000e+01,1.429889202117919922e-01,1.956218173317753894e+01,3.200000000000000000e+01
7.600000000000000000e+01,1.435320377349853516e-01,1.956218173317753894e+01,5.000000000000000000e+00
7.700000000000000000e+01,1.445538997650146484e-01,1.956218173317753894e+01,3.200000000000000000e+01
7.800000000000000000e+01,1.451919078826904297e-01,1.956218173317753894e+01,5.000000000000000000e+00
7.900000000000000000e+01,1.459050178527832031e-01,1.956218173317753894e+01,3.200000000000000000e+01
8.000000000000000000e+01,1.465609073638916016e-01,1.956218173317753894e+01,5.000000000000000000e+00
8.100000000000000000e+01,1.505260467529296875e-01,1.956218173317753894e+01,3.300000000000000000e+01
8.200000000000000000e+01,1.511459350585937500e-01,1.956218173317753894e+01,5.000000000000000000e+00
8.300000000000000000e+01,1.552660465240478516e-01,1.956218173317753894e+01,3.400000000000000000e+01
8.400000000000000000e+01,1.558840274810791016e-01,1.956218173317753894e+01,5.000000000000000000e+00
8.500000000000000000e+01,1.659801006317138672e-01,1.956218173317753894e+01,3.500000000000000000e+01
8.600000000000000000e+01,1.671249866485595703e-01,1.956218173317753894e+01,5.000000000000000000e+00
8.700000000000000000e+01,1.720199584960937500e-01,1.956218173317753894e+01,3.600000000000000000e+01
8.800000000000000000e+01,1.726341247558593750e-01,1.956218173317753894e+01,5.000000000000000000e+00
8.900000000000000000e+01,1.733410358428955078e-01,1.956218173317753894e+01,3.600000000000000000e+01
9.000000000000000000e+01,1.741909980773925781e-01,1.956218173317753894e+01,5.000000000000000000e+00
9.100000000000000000e+01,1.797471046447753906e-01,1.956218173317753894e+01,3.700000000000000000e+01
9.200000000000000000e+01,1.803479194641113281e-01,1.956218173317753894e+01,5.000000000000000000e+00
9.300000000000000000e+01,1.852760314941406250e-01,1.956218173317753894e+01,3.800000000000000000e+01
9.400000000000000000e+01,1.859579086303710938e-01,1.956218173317753894e+01,5.000000000000000000e+00
9.500000000000000000e+01,1.886179447174072266e-01,1.956218173317753894e+01,3.900000000000000000e+01
9.600000000000000000e+01,1.891369819641113281e-01,1.956218173317753894e+01,5.000000000000000000e+00
9.700000000000000000e+01,1.914050579071044922e-01,1.956218173317753894e+01,4.000000000000000000e+01
9.800000000000000000e+01,1.923229694366455078e-01,1.956218173317753894e+01,5.000000000000000000e+00
9.900000000000000000e+01,1.932449340820312500e-01,1.956218173317753894e+01,4.000000000000000000e+01
1.000000000000000000e+02,1.938309669494628906e-01,1.956218173317753894e+01,5.000000000000000000e+00
1.010000000000000000e+02,1.966490745544433594e-01,1.956218173317753894e+01,4.100000000000000000e+01
1.020000000000000000e+02,1.974320411682128906e-01,1.956218173317753894e+01,5.000000000000000000e+00
1.030000000000000000e+02,2.026579380035400391e-01,1.956218173317753894e+01,4.200000000000000000e+01
1.040000000000000000e+02,2.032480239868164062e-01,1.956218173317753894e+01,5.000000000000000000e+00
1.050000000000000000e+02,2.141699790954589844e-01,1.956218173317753894e+01,4.300000000000000000e+01
1.060000000000000000e+02,2.147619724273681641e-01,1.956218173317753894e+01,5.000000000000000000e+00
1.070000000000000000e+02,2.154860496520996094e-01,1.956218173317753894e+01,4.300000000000000000e+01
1.080000000000000000e+02,2.162220478057861328e-01,1.956218173317753894e+01,5.000000000000000000e+00
1.090000000000000000e+02,2.272078990936279297e-01,1.956218173317753894e+01,4.400000000000000000e+01
1.100000000000000000e+02,2.278640270233154297e-01,1.956218173317753894e+01,5.000000000000000000e+00
1.110000000000000000e+02,2.320060729980468750e-01,1.956218173317753894e+01,4.500000000000000000e+01
1.120000000000000000e+02,2.329039573669433594e-01,1.956218173317753894e+01,5.000000000000000000e+00
1.130000000000000000e+02,2.336239814758300781e-01,1.956218173317753894e+01,4.500000000000000000e+01
1.140000000000000000e+02,2.367260456085205078e-01,1.956218173317753894e+01,6.000000000000000000e+00
1.150000000000000000e+02,2.374680042266845703e-01,1.956218173317753894e+01,4.500000000000000000e+01
1.160000000000000000e+02,2.382440567016601562e-01,1.956218173317753894e+01,6.000000000000000000e+00
1.170000000000000000e+02,2.420990467071533203e-01,1.956218173317753894e+01,4.600000000000000000e+01
1.180000000000000000e+02,2.428250312805175781e-01,1.956218173317753894e+01,6.000000000000000000e+00
1.190000000000000000e+02,2.436339855194091797e-01,1.956218173317753894e+01,4.600000000000000000e+01
1.200000000000000000e+02,2.442281246185302734e-01,1.956218173317753894e+01,6.000000000000000000e+00
1.210000000000000000e+02,2.449450492858886719e-01,1.956218173317753894e+01,4.600000000000000000e+01
1.220000000000000000e+02,2.455060482025146484e-01,1.956218173317753894e+01,6.000000000000000000e+00
1.230000000000000000e+02,2.520370483398437500e-01,1.956218173317753894e+01,4.700000000000000000e+01
1.240000000000000000e+02,2.528150081634521484e-01,1.956218173317753894e+01,6.000000000000000000e+00
1.250000000000000000e+02,2.570509910583496094e-01,1.956218173317753894e+01,4.800000000000000000e+01
1.260000000000000000e+02,2.576990127563476562e-01,1.956218173317753894e+01,6.000000000000000000e+00
1.270000000000000000e+02,2.698860168457031250e-01,1.956218173317753894e+01,4.900000000000000000e+01
1.280000000000000000e+02,2.716341018676757812e-01,1.956218173317753894e+01,7.000000000000000000e+00
1.290000000000000000e+02,2.809340953826904297e-01,1.956218173317753894e+01,5.000000000000000000e+01
1.300000000000000000e+02,2.815649509429931641e-01,1.956218173317753894e+01,7.000000000000000000e+00
1.310000000000000000e+02,2.933881282806396484e-01,1.956218173317753894e+01,5.100000000000000000e+01
1.320000000000000000e+02,2.939500808715820312e-01,1.956218173317753894e+01,7.000000000000000000e+00
1.330000000000000000e+02,2.950489521026611328e-01,1.956218173317753894e+01,5.100000000000000000e+01
1.340000000000000000e+02,2.957410812377929688e-01,1.956218173317753894e+01,7.000000000000000000e+00
1.350000000000000000e+02,2.981281280517578125e-01,1.956218173317753894e+01,5.200000000000000000e+01
1.360000000000000000e+02,2.989139556884765625e-01,1.956218173317753894e+01,7.000000000000000000e+00
1.370000000000000000e+02,2.996470928192138672e-01,1.956218173317753894e+01,5.200000000000000000e+01
1.380000000000000000e+02,3.037071228027343750e-01,1.956218173317753894e+01,8.000000000000000000e+00
1.390000000000000000e+02,3.150689601898193359e-01,1.956218173317753894e+01,5.300000000000000000e+01
1.400000000000000000e+02,3.158359527587890625e-01,1.956218173317753894e+01,8.000000000000000000e+00
1.410000000000000000e+02,3.172199726104736328e-01,1.956218173317753894e+01,5.300000000000000000e+01
1.420000000000000000e+02,3.177599906921386719e-01,1.956218173317753894e+01,8.000000000000000000e+00
1.430000000000000000e+02,3.184649944305419922e-01,1.956218173317753894e+01,5.300000000000000000e+01
1.440000000000000000e+02,3.190689086914062500e-01,1.956218173317753894e+01,8.000000000000000000e+00
1.450000000000000000e+02,3.230130672454833984e-01,1.956218173317753894e+01,5.400000000000000000e+01
1.460000000000000000e+02,3.236610889434814453e-01,1.956218173317753894e+01,8.000000000000000000e+00
1.470000000000000000e+02,3.366250991821289062e-01,1.956218173317753894e+01,5.500000000000000000e+01
1.480000000000000000e+02,3.373239040374755859e-01,1.956218173317753894e+01,8.000000000000000000e+00
1.490000000000000000e+02,3.380670547485351562e-01,1.956218173317753894e+01,5.500000000000000000e+01
1.500000000000000000e+02,3.397829532623291016e-01,1.956218173317753894e+01,8.000000000000000000e+00
1.510000000000000000e+02,3.410830497741699219e-01,1.956218173317753894e+01,5.500000000000000000e+01
1.520000000000000000e+02,3.418240547180175781e-01,1.956218173317753894e+01,8.000000000000000000e+00
1.530000000000000000e+02,3.425049781799316406e-01,1.956218173317753894e+01,5.500000000000000000e+01
1.540000000000000000e+02,3.433151245117187500e-01,1.956218173317753894e+01,8.000000000000000000e+00
1.550000000000000000e+02,3.563199043273925781e-01,1.956218173317753894e+01,5.600000000000000000e+01
1.560000000000000000e+02,3.588700294494628906e-01,1.956218173317753894e+01,9.000000000000000000e+00
1.570000000000000000e+02,3.596260547637939453e-01,1.956218173317753894e+01,5.600000000000000000e+01
1.580000000000000000e+02,3.622839450836181641e-01,1.956218173317753894e+01,1.000000000000000000e+01
1.590000000000000000e+02,3.678839206695556641e-01,1.956218173317753894e+01,5.700000000000000000e+01
1.600000000000000000e+02,3.685140609741210938e-01,1.956218173317753894e+01,1.000000000000000000e+01
1.610000000000000000e+02,3.692300319671630859e-01,1.956218173317753894e+01,5.700000000000000000e+01
1.620000000000000000e+02,3.699660301208496094e-01,1.956218173317753894e+01,1.000000000000000000e+01
1.630000000000000000e+02,3.708069324493408203e-01,1.956218173317753894e+01,5.700000000000000000e+01
1.640000000000000000e+02,3.713779449462890625e-01,1.956218173317753894e+01,1.000000000000000000e+01
1.650000000000000000e+02,3.885490894317626953e-01,1.956218173317753894e+01,5.800000000000000000e+01
1.660000000000000000e+02,3.892099857330322266e-01,1.956218173317753894e+01,1.000000000000000000e+01
1.670000000000000000e+02,4.025568962097167969e-01,1.956218173317753894e+01,5.900000000000000000e+01
1.680000000000000000e+02,4.040589332580566406e-01,1.956218173317753894e+01,1.000000000000000000e+01
1.690000000000000000e+02,4.128930568695068359e-01,1.956218173317753894e+01,6.000000000000000000e+01
1.700000000000000000e+02,4.136810302734375000e-01,1.956218173317753894e+01,1.000000000000000000e+01
1.710000000000000000e+02,4.276080131530761719e-01,1.956218173317753894e+01,6.100000000000000000e+01
1.720000000000000000e+02,4.283080101013183594e-01,1.956218173317753894e+01,1.000000000000000000e+01
1.730000000000000000e+02,4.335689544677734375e-01,1.956218173317753894e+01,6.200000000000000000e+01
1.740000000000000000e+02,4.341390132904052734e-01,1.956218173317753894e+01,1.000000000000000000e+01
1.750000000000000000e+02,4.349761009216308594e-01,1.956218173317753894e+01,6.200000000000000000e+01
1.760000000000000000e+02,4.355359077453613281e-01,1.956218173317753894e+01,1.000000000000000000e+01
1.770000000000000000e+02,4.363710880279541016e-01,1.956218173317753894e+01,6.200000000000000000e+01
1.780000000000000000e+02,4.371340274810791016e-01,1.956218173317753894e+01,1.000000000000000000e+01
1.790000000000000000e+02,4.432771205902099609e-01,1.956218173317753894e+01,6.300000000000000000e+01
1.800000000000000000e+02,4.456880092620849609e-01,1.956218173317753894e+01,1.100000000000000000e+01
1.810000000000000000e+02,4.595661163330078125e-01,1.956218173317753894e+01,6.400000000000000000e+01
1.820000000000000000e+02,4.603049755096435547e-01,1.956218173317753894e+01,1.100000000000000000e+01
1.830000000000000000e+02,4.610419273376464844e-01,1.956218173317753894e+01,6.400000000000000000e+01
1.840000000000000000e+02,4.618120193481445312e-01,1.956218173317753894e+01,1.100000000000000000e+01
1.850000000000000000e+02,4.759969711303710938e-01,1.956218173317753894e+01,6.500000000000000000e+01
1.860000000000000000e+02,4.766321182250976562e-01,1.956218173317753894e+01,1.100000000000000000e+01
1.870000000000000000e+02,4.808568954467773438e-01,1.956218173317753894e+01,6.600000000000000000e+01
1.880000000000000000e+02,4.815700054168701172e-01,1.956218173317753894e+01,1.100000000000000000e+01
1.890000000000000000e+02,4.911789894104003906e-01,1.956218173317753894e+01,6.700000000000000000e+01
1.900000000000000000e+02,4.919230937957763672e-01,1.956218173317753894e+01,1.100000000000000000e+01
1.910000000000000000e+02,5.095279216766357422e-01,1.956218173317753894e+01,6.800000000000000000e+01
1.920000000000000000e+02,5.103960037231445312e-01,1.956218173317753894e+01,1.100000000000000000e+01
1.930000000000000000e+02,5.213589668273925781e-01,1.956218173317753894e+01,6.900000000000000000e+01
1.940000000000000000e+02,5.219810009002685547e-01,1.956218173317753894e+01,1.100000000000000000e+01
1.950000000000000000e+02,5.229260921478271484e-01,1.956218173317753894e+01,6.900000000000000000e+01
1.960000000000000000e+02,5.251019001007080078e-01,1.956218173317753894e+01,1.200000000000000000e+01
1.970000000000000000e+02,5.398850440979003906e-01,1.956218173317753894e+01,7.000000000000000000e+01
1.980000000000000000e+02,5.430269241333007812e-01,1.956218173317753894e+01,1.300000000000000000e+01
1.990000000000000000e+02,5.531439781188964844e-01,1.956218173317753894e+01,7.100000000000000000e+01
2.000000000000000000e+02,5.540199279785156250e-01,1.956218173317753894e+01,1.300000000000000000e+01
2.010000000000000000e+02,5.670480728149414062e-01,1.956218173317753894e+01,7.200000000000000000e+01
2.020000000000000000e+02,5.679640769958496094e-01,1.956218173317753894e+01,1.300000000000000000e+01
2.030000000000000000e+02,5.813329219818115234e-01,1.956218173317753894e+01,7.300000000000000000e+01
2.040000000000000000e+02,5.824489593505859375e-01,1.956218173317753894e+01,1.300000000000000000e+01
2.050000000000000000e+02,5.885739326477050781e-01,1.956218173317753894e+01,7.400000000000000000e+01
2.060000000000000000e+02,5.895290374755859375e-01,1.956218173317753894e+01,1.300000000000000000e+01
2.070000000000000000e+02,5.953049659729003906e-01,1.956218173317753894e+01,7.500000000000000000e+01
2.080000000000000000e+02,5.960299968719482422e-01,1.956218173317753894e+01,1.300000000000000000e+01
2.090000000000000000e+02,6.101469993591308594e-01,1.956218173317753894e+01,7.600000000000000000e+01
2.100000000000000000e+02,6.107859611511230469e-01,1.956218173317753894e+01,1.300000000000000000e+01
2.110000000000000000e+02,6.115639209747314453e-01,1.956218173317753894e+01,7.600000000000000000e+01
2.120000000000000000e+02,6.124820709228515625e-01,1.956218173317753894e+01,1.300000000000000000e+01
2.130000000000000000e+02,6.272630691528320312e-01,1.956218173317753894e+01,7.700000000000000000e+01
2.140000000000000000e+02,6.280350685119628906e-01,1.956218173317753894e+01,1.300000000000000000e+01
2.150000000000000000e+02,6.439480781555175781e-01,1.956218173317753894e+01,7.800000000000000000e+01
2.160000000000000000e+02,6.450750827789306641e-01,1.956218173317753894e+01,1.300000000000000000e+01
2.170000000000000000e+02,6.463289260864257812e-01,1.956218173317753894e+01,7.800000000000000000e+01
2.180000000000000000e+02,6.471710205078125000e-01,1.956218173317753894e+01,1.300000000000000000e+01
2.190000000000000000e+02,6.588280200958251953e-01,1.956218173317753894e+01,7.900000000000000000e+01
2.200000000000000000e+02,6.594610214233398438e-01,1.956218173317753894e+01,1.300000000000000000e+01
2.210000000000000000e+02,6.617109775543212891e-01,1.956218173317753894e+01,8.000000000000000000e+01
2.220000000000000000e+02,6.623630523681640625e-01,1.956218173317753894e+01,1.300000000000000000e+01
2.230000000000000000e+02,6.685349941253662109e-01,1.956218173317753894e+01,8.100000000000000000e+01
2.240000000000000000e+02,6.693079471588134766e-01,1.956218173317753894e+01,1.300000000000000000e+01
2.250000000000000000e+02,6.868350505828857422e-01,1.956218173317753894e+01,8.200000000000000000e+01
2.260000000000000000e+02,6.875600814819335938e-01,1.956218173317753894e+01,1.300000000000000000e+01
2.270000000000000000e+02,6.884250640869140625e-01,1.956218173317753894e+01,8.200000000000000000e+01
2.280000000000000000e+02,6.891651153564453125e-01,1.956218173317753894e+01,1.300000000000000000e+01
2.290000000000000000e+02,7.048809528350830078e-01,1.956218173317753894e+01,8.300000000000000000e+01
2.300000000000000000e+02,7.054760456085205078e-01,1.956218173317753894e+01,1.300000000000000000e+01
2.310000000000000000e+02,7.150850296020507812e-01,1.956218173317753894e+01,8.400000000000000000e+01
2.320000000000000000e+02,7.163031101226806641e-01,1.956218173317753894e+01,1.300000000000000000e+01
2.330000000000000000e+02,7.171339988708496094e-01,1.956218173317753894e+01,8.400000000000000000e+01
2.340000000000000000e+02,7.179589271545410156e-01,1.956218173317753894e+01,1.300000000000000000e+01
2.350000000000000000e+02,7.190921306610107422e-01,1.956218173317753894e+01,8.400000000000000000e+01
2.360000000000000000e+02,7.198109626770019531e-01,1.956218173317753894e+01,1.300000000000000000e+01
2.370000000000000000e+02,7.207760810852050781e-01,1.956218173317753894e+01,8.400000000000000000e+01
2.380000000000000000e+02,7.214961051940917969e-01,1.956218173317753894e+01,1.300000000000000000e+01
2.390000000000000000e+02,7.329859733581542969e-01,1.956218173317753894e+01,8.500000000000000000e+01
2.400000000000000000e+02,7.349200248718261719e-01,1.956218173317753894e+01,1.300000000000000000e+01
2.410000000000000000e+02,7.541589736938476562e-01,1.956218173317753894e+01,8.600000000000000000e+01
2.420000000000000000e+02,7.548239231109619141e-01,1.956218173317753894e+01,1.300000000000000000e+01
2.430000000000000000e+02,7.557320594787597656e-01,1.956218173317753894e+01,8.600000000000000000e+01
2.440000000000000000e+02,7.566049098968505859e-01,1.956218173317753894e+01,1.300000000000000000e+01
2.450000000000000000e+02,7.584369182586669922e-01,1.873392294085022414e+01,8.700000000000000000e+01
2.460000000000000000e+02,7.590560913085937500e-01,1.873392294085022414e+01,6.000000000000000000e+00
2.470000000000000000e+02,7.598950862884521484e-01,1.873392294085022414e+01,7.900000000000000000e+01
2.480000000000000000e+02,7.605850696563720703e-01,1.873392294085022414e+01,6.000000000000000000e+00
2.490000000000000000e+02,7.621219158172607422e-01,1.873392294085022414e+01,7.900000000000000000e+01
2.500000000000000000e+02,7.626860141754150391e-01,1.873392294085022414e+01,6.000000000000000000e+00
2.510000000000000000e+02,7.759881019592285156e-01,1.873392294085022414e+01,8.000000000000000000e+01
2.520000000000000000e+02,7.767081260681152344e-01,1.873392294085022414e+01,6.000000000000000000e+00
2.530000000000000000e+02,7.889399528503417969e-01,1.873392294085022414e+01,8.100000000000000000e+01
2.540000000000000000e+02,7.895209789276123047e-01,1.873392294085022414e+01,6.000000000000000000e+00
2.550000000000000000e+02,8.017060756683349609e-01,1.873392294085022414e+01,8.200000000000000000e+01
2.560000000000000000e+02,8.023331165313720703e-01,1.873392294085022414e+01,6.000000000000000000e+00
2.570000000000000000e+02,8.031849861145019531e-01,1.873392294085022414e+01,8.200000000000000000e+01
2.580000000000000000e+02,8.038790225982666016e-01,1.873392294085022414e+01,6.000000000000000000e+00
2.590000000000000000e+02,8.046929836273193359e-01,1.873392294085022414e+01,8.200000000000000000e+01
2.600000000000000000e+02,8.052279949188232422e-01,1.873392294085022414e+01,6.000000000000000000e+00
2.610000000000000000e+02,8.060231208801269531e-01,1.873392294085022414e+01,8.200000000000000000e+01
2.620000000000000000e+02,8.066120147705078125e-01,1.873392294085022414e+01,6.000000000000000000e+00
2.630000000000000000e+02,8.082098960876464844e-01,1.873392294085022414e+01,8.200000000000000000e+01
2.640000000000000000e+02,8.111629486083984375e-01,1.873392294085022414e+01,7.000000000000000000e+00
2.650000000000000000e+02,8.166880607604980469e-01,1.688389057513320779e+01,8.300000000000000000e+01
2.660000000000000000e+02,8.175899982452392578e-01,1.688389057513320779e+01,3.000000000000000000e+00
2.670000000000000000e+02,8.265991210937500000e-01,1.688389057513320779e+01,4.700000000000000000e+01
2.680000000000000000e+02,8.272330760955810547e-01,1.688389057513320779e+01,3.000000000000000000e+00
2.690000000000000000e+02,8.311150074005126953e-01,1.688389057513320779e+01,4.800000000000000000e+01
2.700000000000000000e+02,8.317220211029052734e-01,1.688389057513320779e+01,3.000000000000000000e+00
2.710000000000000000e+02,8.378019332885742188e-01,1.688389057513320779e+01,4.900000000000000000e+01
2.720000000000000000e+02,8.383641242980957031e-01,1.688389057513320779e+01,3.000000000000000000e+00
2.730000000000000000e+02,8.401460647583007812e-01,1.568439072456741101e+01,5.000000000000000000e+01
2.740000000000000000e+02,8.406839370727539062e-01,1.568439072456741101e+01,1.000000000000000000e+00
2.750000000000000000e+02,8.442211151123046875e-01,1.568439072456741101e+01,3.400000000000000000e+01
2.760000000000000000e+02,8.449571132659912109e-01,1.568439072456741101e+01,1.000000000000000000e+00
2.770000000000000000e+02,8.455529212951660156e-01,1.568439072456741101e+01,3.400000000000000000e+01
2.780000000000000000e+02,8.460679054260253906e-01,1.568439072456741101e+01,1.000000000000000000e+00
2.790000000000000000e+02,8.494319915771484375e-01,1.568439072456741101e+01,3.500000000000000000e+01
2.800000000000000000e+02,8.499710559844970703e-01,1.568439072456741101e+01,1.000000000000000000e+00
2.810000000000000000e+02,8.505890369415283203e-01,1.568439072456741101e+01,3.500000000000000000e+01
2.820000000000000000e+02,8.512480258941650391e-01,1.568439072456741101e+01,1.000000000000000000e+00
2.830000000000000000e+02,8.519430160522460938e-01,1.568439072456741101e+01,3.500000000000000000e+01
2.840000000000000000e+02,8.526270389556884766e-01,1.568439072456741101e+01,1.000000000000000000e+00
2.850000000000000000e+02,8.609399795532226562e-01,1.568439072456741101e+01,3.600000000000000000e+01
2.860000000000000000e+02,8.614399433135986328e-01,1.568439072456741101e+01,1.000000000000000000e+00
2.870000000000000000e+02,8.706080913543701172e-01,1.568439072456741101e+01,3.700000000000000000e+01
2.880000000000000000e+02,8.714520931243896484e-01,1.568439072456741101e+01,1.000000000000000000e+00
2.890000000000000000e+02,8.722400665283203125e-01,1.568439072456741101e+01,3.700000000000000000e+01
2.900000000000000000e+02,8.727569580078125000e-01,1.568439072456741101e+01,1.000000000000000000e+00
2.910000000000000000e+02,8.734829425811767578e-01,1.568439072456741101e+01,3.700000000000000000e+01
2.920000000000000000e+02,8.739349842071533203e-01,1.568439072456741101e+01,1.000000000000000000e+00
2.930000000000000000e+02,8.801751136779785156e-01,1.568439072456741101e+01,3.800000000000000000e+01
2.940000000000000000e+02,8.816089630126953125e-01,1.568439072456741101e+01,2.000000000000000000e+00
2.950000000000000000e+02,8.827569484710693359e-01,1.568439072456741101e+01,3.800000000000000000e+01
2.960000000000000000e+02,8.836281299591064453e-01,1.568439072456741101e+01,2.000000000000000000e+00
2.970000000000000000e+02,8.842658996582031250e-01,1.568439072456741101e+01,3.800000000000000000e+01
2.980000000000000000e+02,8.848390579223632812e-01,1.568439072456741101e+01,2.000000000000000000e+00
2.990000000000000000e+02,8.869221210479736328e-01,1.568439072456741101e+01,3.900000000000000000e+01
3.000000000000000000e+02,8.889849185943603516e-01,1.568439072456741101e+01,2.000000000000000000e+00
3.010000000000000000e+02,8.895959854125976562e-01,1.568439072456741101e+01,3.900000000000000000e+01
3.020000000000000000e+02,8.903601169586181641e-01,1.568439072456741101e+01,2.000000000000000000e+00
3.030000000000000000e+02,8.913810253143310547e-01,1.568439072456741101e+01,3.900000000000000000e+01
3.040000000000000000e+02,8.919489383697509766e-01,1.568439072456741101e+01,2.000000000000000000e+00
3.050000000000000000e+02,8.953640460968017578e-01,1.568439072456741101e+01,4.000000000000000000e+01
3.060000000000000000e+02,8.961338996887207031e-01,1.568439072456741101e+01,2.000000000000000000e+00
3.070000000000000000e+02,8.968191146850585938e-01,1.568439072456741101e+01,4.000000000000000000e+01
3.080000000000000000e+02,8.976259231567382812e-01,1.568439072456741101e+01,2.000000000000000000e+00
3.090000000000000000e+02,8.982651233673095703e-01,1.568439072456741101e+01,4.000000000000000000e+01
3.100000000000000000e+02,8.988239765167236328e-01,1.568439072456741101e+01,2.000000000000000000e+00
3.110000000000000000e+02,9.038400650024414062e-01,1.568439072456741101e+01,4.100000000000000000e+01
3.120000000000000000e+02,9.050381183624267578e-01,1.568439072456741101e+01,2.000000000000000000e+00
3.130000000000000000e+02,9.058101177215576172e-01,1.568439072456741101e+01,4.100000000000000000e+01
3.140000000000000000e+02,9.063880443572998047e-01,1.568439072456741101e+01,2.000000000000000000e+00
3.150000000000000000e+02,9.072070121765136719e-01,1.568439072456741101e+01,4.100000000000000000e+01
3.160000000000000000e+02,9.079840183258056641e-01,1.568439072456741101e+01,2.000000000000000000e+00
3.170000000000000000e+02,9.175269603729248047e-01,1.568439072456741101e+01,4.200000000000000000e+01
3.180000000000000000e+02,9.181070327758789062e-01,1.568439072456741101e+01,2.000000000000000000e+00
3.190000000000000000e+02,9.187369346618652344e-01,1.568439072456741101e+01,4.200000000000000000e+01
3.200000000000000000e+02,9.194591045379638672e-01,1.568439072456741101e+01,2.000000000000000000e+00
3.210000000000000000e+02,9.204149246215820312e-01,1.568439072456741101e+01,4.200000000000000000e+01
3.220000000000000000e+02,9.209649562835693359e-01,1.568439072456741101e+01,2.000000000000000000e+00
3.230000000000000000e+02,9.216539859771728516e-01,1.568439072456741101e+01,4.200000000000000000e+01
3.240000000000000000e+02,9.226210117340087891e-01,1.568439072456741101e+01,2.000000000000000000e+00
3.250000000000000000e+02,9.232790470123291016e-01,1.568439072456741101e+01,4.200000000000000000e+01
3.260000000000000000e+02,9.240260124206542969e-01,1.568439072456741101e+01,2.000000000000000000e+00
3.270000000000000000e+02,9.249289035797119141e-01,1.568439072456741101e+01,4.200000000000000000e+01
3.280000000000000000e+02,9.261300563812255859e-01,1.568439072456741101e+01,2.000000000000000000e+00
3.290000000000000000e+02,9.272730350494384766e-01,1.568439072456741101e+01,4.200000000000000000e+01
3.300000000000000000e+02,9.278059005737304688e-01,1.568439072456741101e+01,2.000000000000000000e+00
3.310000000000000000e+02,9.286110401153564453e-01,1.568439072456741101e+01,4.200000000000000000e+01
3.320000000000000000e+02,9.291889667510986328e-01,1.568439072456741101e+01,2.000000000000000000e+00
3.330000000000000000e+02,9.311029911041259766e-01,1.568439072456741101e+01,4.300000000000000000e+01
3.340000000000000000e+02,9.319100379943847656e-01,1.568439072456741101e+01,2.000000000000000000e+00
3.350000000000000000e+02,9.325411319732666016e-01,1.568439072456741101e+01,4.300000000000000000e+01
3.360000000000000000e+02,9.334709644317626953e-01,1.568439072456741101e+01,2.000000000000000000e+00
3.370000000000000000e+02,9.341020584106445312e-01,1.568439072456741101e+01,4.300000000000000000e+01
3.380000000000000000e+02,9.349241256713867188e-01,1.568439072456741101e+01,2.000000000000000000e+00
3.390000000000000000e+02,9.355740547180175781e-01,1.568439072456741101e+01,4.300000000000000000e+01
3.400000000000000000e+02,9.361019134521484375e-01,1.568439072456741101e+01,2.000000000000000000e+00
3.410000000000000000e+02,9.443209171295166016e-01,1.568439072456741101e+01,4.400000000000000000e+01
3.420000000000000000e+02,9.451239109039306641e-01,1.568439072456741101e+01,2.000000000000000000e+00
3.430000000000000000e+02,9.463500976562500000e-01,1.568439072456741101e+01,4.400000000000000000e+01
3.440000000000000000e+02,9.470279216766357422e-01,1.568439072456741101e+01,2.000000000000000000e+00
3.450000000000000000e+02,9.477031230926513672e-01,1.568439072456741101e+01,4.400000000000000000e+01
3.460000000000000000e+02,9.481799602508544922e-01,1.568439072456741101e+01,2.000000000000000000e+00
3.470000000000000000e+02,9.499669075012207031e-01,1.568439072456741101e+01,4.400000000000000000e+01
3.480000000000000000e+02,9.504439830780029297e-01,1.568439072456741101e+01,2.000000000000000000e+00
3.490000000000000000e+02,9.515740871429443359e-01,1.568439072456741101e+01,4.400000000000000000e+01
3.500000000000000000e+02,9.523100852966308594e-01,1.568439072456741101e+01,2.000000000000000000e+00
3.510000000000000000e+02,9.530549049377441406e-01,1.568439072456741101e+01,4.400000000000000000e+01
3.520000000000000000e+02,9.536490440368652344e-01,1.568439072456741101e+01,2.000000000000000000e+00
3.530000000000000000e+02,9.542489051818847656e-01,1.568439072456741101e+01,4.400000000000000000e+01
3.540000000000000000e+02,9.550209045410156250e-01,1.568439072456741101e+01,2.000000000000000000e+00
3.550000000000000000e+02,9.558379650115966797e-01,1.568439072456741101e+01,4.400000000000000000e+01
3.560000000000000000e+02,9.564559459686279297e-01,1.568439072456741101e+01,2.000000000000000000e+00
3.570000000000000000e+02,9.571011066436767578e-01,1.568439072456741101e+01,4.400000000000000000e+01
3.580000000000000000e+02,9.577898979187011719e-01,1.568439072456741101e+01,2.000000000000000000e+00
3.590000000000000000e+02,9.585280418395996094e-01,1.568439072456741101e+01,4.400000000000000000e+01
3.600000000000000000e+02,9.592211246490478516e-01,1.568439072456741101e+01,2.000000000000000000e+00
3.610000000000000000e+02,9.600610733032226562e-01,1.568439072456741101e+01,4.400000000000000000e+01
3.620000000000000000e+02,9.606690406799316406e-01,1.568439072456741101e+01,2.000000000000000000e+00
3.630000000000000000e+02,9.613749980926513672e-01,1.568439072456741101e+01,4.400000000000000000e+01
3.640000000000000000e+02,9.624500274658203125e-01,1.568439072456741101e+01,2.000000000000000000e+00
3.650000000000000000e+02,9.632520675659179688e-01,1.568439072456741101e+01,4.400000000000000000e+01
3.660000000000000000e+02,9.638381004333496094e-01,1.568439072456741101e+01,2.000000000000000000e+00
3.670000000000000000e+02,9.646930694580078125e-01,1.568439072456741101e+01,4.400000000000000000e+01
3.680000000000000000e+02,9.653151035308837891e-01,1.568439072456741101e+01,2.000000000000000000e+00
3.690000000000000000e+02,9.660239219665527344e-01,1.568439072456741101e+01,4.400000000000000000e+01
3.700000000000000000e+02,9.666769504547119141e-01,1.568439072456741101e+01,2.000000000000000000e+00
3.710000000000000000e+02,9.705269336700439453e-01,1.568439072456741101e+01,4.500000000000000000e+01
3.720000000000000000e+02,9.711399078369140625e-01,1.568439072456741101e+01,2.000000000000000000e+00
3.730000000000000000e+02,9.721009731292724609e-01,1.568439072456741101e+01,4.500000000000000000e+01
3.740000000000000000e+02,9.730379581451416016e-01,1.568439072456741101e+01,2.000000000000000000e+00
3.750000000000000000e+02,9.772150516510009766e-01,1.568439072456741101e+01,4.600000000000000000e+01
3.760000000000000000e+02,9.776949882507324219e-01,1.568439072456741101e+01,2.000000000000000000e+00
3.770000000000000000e+02,9.812710285186767578e-01,1.568439072456741101e+01,4.700000000000000000e+01
3.780000000000000000e+02,9.820101261138916016e-01,1.568439072456741101e+01,2.000000000000000000e+00
3.790000000000000000e+02,9.832041263580322266e-01,1.568439072456741101e+01,4.700000000000000000e+01
3.800000000000000000e+02,9.839138984680175781e-01,1.568439072456741101e+01,2.000000000000000000e+00
3.810000000000000000e+02,9.849710464477539062e-01,1.568439072456741101e+01,4.700000000000000000e+01
3.820000000000000000e+02,9.856460094451904297e-01,1.568439072456741101e+01,2.000000000000000000e+00
3.830000000000000000e+02,9.971599578857421875e-01,1.568439072456741101e+01,4.800000000000000000e+01
3.840000000000000000e+02,9.980690479278564453e-01,1.568439072456741101e+01,2.000000000000000000e+00
3.850000000000000000e+02,9.988930225372314453e-01,1.568439072456741101e+01,4.800000000000000000e+01
3.860000000000000000e+02,9.998040199279785156e-01,1.568439072456741101e+01,2.000000000000000000e+00
3.870000000000000000e+02,1.010128974914550781e+00,1.568439072456741101e+01,4.900000000000000000e+01
3.880000000000000000e+02,1.010731935501098633e+00,1.568439072456741101e+01,2.000000000000000000e+00
3.890000000000000000e+02,1.011424064636230469e+00,1.568439072456741101e+01,4.900000000000000000e+01
3.900000000000000000e+02,1.012043952941894531e+00,1.568439072456741101e+01,2.000000000000000000e+00
3.910000000000000000e+02,1.015002965927124023e+00,1.568439072456741101e+01,5.000000000000000000e+01
3.920000000000000000e+02,1.016433954238891602e+00,1.568439072456741101e+01,2.000000000000000000e+00
3.930000000000000000e+02,1.020395994186401367e+00,1.568439072456741101e+01,5.100000000000000000e+01
3.940000000000000000e+02,1.021245956420898438e+00,1.568439072456741101e+01,2.000000000000000000e+00
3.950000000000000000e+02,1.022362947463989258e+00,1.568439072456741101e+01,5.100000000000000000e+01
3.960000000000000000e+02,1.022887945175170898e+00,1.568439072456741101e+01,2.000000000000000000e+00
3.970000000000000000e+02,1.023476123809814453e+00,1.568439072456741101e+01,5.100000000000000000e+01
3.980000000000000000e+02,1.024253129959106445e+00,1.568439072456741101e+01,2.000000000000000000e+00
3.990000000000000000e+02,1.025548934936523438e+00,1.568439072456741101e+01,5.100000000000000000e+01
4.000000000000000000e+02,1.026047945022583008e+00,1.568439072456741101e+01,2.000000000000000000e+00
4.010000000000000000e+02,1.031980037689208984e+00,1.568439072456741101e+01,5.200000000000000000e+01
4.020000000000000000e+02,1.032602071762084961e+00,1.568439072456741101e+01,2.000000000000000000e+00
4.030000000000000000e+02,1.033301115036010742e+00,1.568439072456741101e+01,5.200000000000000000e+01
4.040000000000000000e+02,1.033993005752563477e+00,1.568439072456741101e+01,2.000000000000000000e+00
4.050000000000000000e+02,1.034670114517211914e+00,1.568439072456741101e+01,5.200000000000000000e+01
4.060000000000000000e+02,1.035288095474243164e+00,1.568439072456741101e+01,2.000000000000000000e+00
4.070000000000000000e+02,1.035995960235595703e+00,1.568439072456741101e+01,5.200000000000000000e+01
4.080000000000000000e+02,1.036504030227661133e+00,1.568439072456741101e+01,2.000000000000000000e+00
4.090000000000000000e+02,1.037178039550781250e+00,1.568439072456741101e+01,5.200000000000000000e+01
4.100000000000000000e+02,1.038043022155761719e+00,1.568439072456741101e+01,2.000000000000000000e+00
4.110000000000000000e+02,1.038882017135620117e+00,1.568439072456741101e+01,5.200000000000000000e+01
4.120000000000000000e+02,1.039350032806396484e+00,1.568439072456741101e+01,2.000000000000000000e+00
4.130000000000000000e+02,1.040169000625610352e+00,1.568439072456741101e+01,5.200000000000000000e+01
4.140000000000000000e+02,1.040729999542236328e+00,1.568439072456741101e+01,2.000000000000000000e+00
4.150000000000000000e+02,1.041465044021606445e+00,1.568439072456741101e+01,5.200000000000000000e+01
4.160000000000000000e+02,1.042041063308715820e+00,1.568439072456741101e+01,2.000000000000000000e+00
4.170000000000000000e+02,1.054011106491088867e+00,1.568439072456741101e+01,5.300000000000000000e+01
4.180000000000000000e+02,1.054647922515869141e+00,1.568439072456741101e+01,2.000000000000000000e+00
4.190000000000000000e+02,1.066905975341796875e+00,1.568439072456741101e+01,5.400000000000000000e+01
4.200000000000000000e+02,1.067559957504272461e+00,1.568439072456741101e+01,2.000000000000000000e+00
4.210000000000000000e+02,1.068228960037231445e+00,1.568439072456741101e+01,5.400000000000000000e+01
4.220000000000000000e+02,1.068804025650024414e+00,1.568439072456741101e+01,2.000000000000000000e+00
4.230000000000000000e+02,1.077367067337036133e+00,1.568439072456741101e+01,5.500000000000000000e+01
4.240000000000000000e+02,1.077903985977172852e+00,1.568439072456741101e+01,2.000000000000000000e+00
4.250000000000000000e+02,1.079071998596191406e+00,1.568439072456741101e+01,5.500000000000000000e+01
4.260000000000000000e+02,1.079790115356445312e+00,1.568439072456741101e+01,2.000000000000000000e+00
4.270000000000000000e+02,1.080437898635864258e+00,1.568439072456741101e+01,5.500000000000000000e+01
4.280000000000000000e+02,1.081020116806030273e+00,1.568439072456741101e+01,2.000000000000000000e+00
4.290000000000000000e+02,1.090832948684692383e+00,1.568439072456741101e+01,5.600000000000000000e+01
4.300000000000000000e+02,1.091468095779418945e+00,1.568439072456741101e+01,2.000000000000000000e+00
4.310000000000000000e+02,1.092632055282592773e+00,1.568439072456741101e+01,5.600000000000000000e+01
4.320000000000000000e+02,1.093502998352050781e+00,1.568439072456741101e+01,2.000000000000000000e+00
4.330000000000000000e+02,1.096507072448730469e+00,1.568439072456741101e+01,5.700000000000000000e+01
4.340000000000000000e+02,1.097064971923828125e+00,1.568439072456741101e+01,2.000000000000000000e+00
4.350000000000000000e+02,1.097800970077514648e+00,1.568439072456741101e+01,5.700000000000000000e+01
4.360000000000000000e+02,1.098356962203979492e+00,1.568439072456741101e+01,2.000000000000000000e+00
4.370000000000000000e+02,1.099270105361938477e+00,1.568439072456741101e+01,5.700000000000000000e+01
4.380000000000000000e+02,1.099971055984497070e+00,1.568439072456741101e+01,2.000000000000000000e+00
4.390000000000000000e+02,1.104728937149047852e+00,1.568439072456741101e+01,5.800000000000000000e+01
4.400000000000000000e+02,1.105381011962890625e+00,1.568439072456741101e+01,2.000000000000000000e+00
4.410000000000000000e+02,1.106117010116577148e+00,1.568439072456741101e+01,5.800000000000000000e+01
4.420000000000000000e+02,1.106687068939208984e+00,1.568439072456741101e+01,2.000000000000000000e+00
4.430000000000000000e+02,1.107415914535522461e+00,1.568439072456741101e+01,5.800000000000000000e+01
4.440000000000000000e+02,1.107985973358154297e+00,1.568439072456741101e+01,2.000000000000000000e+00
4.450000000000000000e+02,1.109190940856933594e+00,1.568439072456741101e+01,5.800000000000000000e+01
4.460000000000000000e+02,1.109937906265258789e+00,1.568439072456741101e+01,2.000000000000000000e+00
4.470000000000000000e+02,1.120754957199096680e+00,1.568439072456741101e+01,5.900000000000000000e+01
4.480000000000000000e+02,1.121542930603027344e+00,1.568439072456741101e+01,2.000000000000000000e+00
4.490000000000000000e+02,1.122766971588134766e+00,1.568439072456741101e+01,5.900000000000000000e+01
4.500000000000000000e+02,1.123536109924316406e+00,1.568439072456741101e+01,2.000000000000000000e+00
4.510000000000000000e+02,1.124747037887573242e+00,1.568439072456741101e+01,5.900000000000000000e+01
4.520000000000000000e+02,1.125253915786743164e+00,1.568439072456741101e+01,2.000000000000000000e+00
4.530000000000000000e+02,1.126410961151123047e+00,1.568439072456741101e+01,5.900000000000000000e+01
4.540000000000000000e+02,1.126985073089599609e+00,1.568439072456741101e+01,2.000000000000000000e+00
4.550000000000000000e+02,1.127687931060791016e+00,1.568439072456741101e+01,5.900000000000000000e+01
4.560000000000000000e+02,1.128253936767578125e+00,1.568439072456741101e+01,2.000000000000000000e+00
4.570000000000000000e+02,1.130069971084594727e+00,1.568439072456741101e+01,6.000000000000000000e+01
4.580000000000000000e+02,1.130599021911621094e+00,1.568439072456741101e+01,2.000000000000000000e+00
4.590000000000000000e+02,1.132210016250610352e+00,1.568439072456741101e+01,6.000000000000000000e+01
4.600000000000000000e+02,1.133140087127685547e+00,1.568439072456741101e+01,2.000000000000000000e+00
4.610000000000000000e+02,1.133863925933837891e+00,1.568439072456741101e+01,6.000000000000000000e+01
4.620000000000000000e+02,1.134414911270141602e+00,1.568439072456741101e+01,2.000000000000000000e+00
4.630000000000000000e+02,1.144356966018676758e+00,1.568439072456741101e+01,6.100000000000000000e+01
4.640000000000000000e+02,1.145190954208374023e+00,1.568439072456741101e+01,2.000000000000000000e+00
4.650000000000000000e+02,1.146279096603393555e+00,1.568439072456741101e+01,6.100000000000000000e+01
4.660000000000000000e+02,1.146995067596435547e+00,1.568439072456741101e+01,2.000000000000000000e+00
4.670000000000000000e+02,1.148313045501708984e+00,1.568439072456741101e+01,6.100000000000000000e+01
4.680000000000000000e+02,1.148981094360351562e+00,1.568439072456741101e+01,2.000000000000000000e+00
4.690000000000000000e+02,1.149810075759887695e+00,1.568439072456741101e+01,6.100000000000000000e+01
4.700000000000000000e+02,1.150346994400024414e+00,1.568439072456741101e+01,2.000000000000000000e+00
4.710000000000000000e+02,1.151112079620361328e+00,1.568439072456741101e+01,6.100000000000000000e+01
4.720000000000000000e+02,1.151694059371948242e+00,1.568439072456741101e+01,2.000000000000000000e+00
4.730000000000000000e+02,1.152403116226196289e+00,1.568439072456741101e+01,6.100000000000000000e+01
4.740000000000000000e+02,1.153476953506469727e+00,1.568439072456741101e+01,2.000000000000000000e+00
4.750000000000000000e+02,1.157432079315185547e+00,1.568439072456741101e+01,6.200000000000000000e+01
4.760000000000000000e+02,1.157974004745483398e+00,1.568439072456741101e+01,2.000000000000000000e+00
4.770000000000000000e+02,1.159202098846435547e+00,1.568439072456741101e+01,6.200000000000000000e+01
4.780000000000000000e+02,1.159773111343383789e+00,1.568439072456741101e+01,2.000000000000000000e+00
4.790000000000000000e+02,1.160542964935302734e+00,1.568439072456741101e+01,6.200000000000000000e+01
4.800000000000000000e+02,1.161168098449707031e+00,1.568439072456741101e+01,2.000000000000000000e+00
4.810000000000000000e+02,1.162271976470947266e+00,1.568439072456741101e+01,6.200000000000000000e+01
4.820000000000000000e+02,1.163006067276000977e+00,1.568439072456741101e+01,2.000000000000000000e+00
4.830000000000000000e+02,1.164145946502685547e+00,1.568439072456741101e+01,6.200000000000000000e+01
4.840000000000000000e+02,1.164643049240112305e+00,1.568439072456741101e+01,2.000000000000000000e+00
4.850000000000000000e+02,1.165766954421997070e+00,1.568439072456741101e+01,6.200000000000000000e+01
4.860000000000000000e+02,1.166264057159423828e+00,1.568439072456741101e+01,2.000000000000000000e+00
4.870000000000000000e+02,1.175058126449584961e+00,1.568439072456741101e+01,6.300000000000000000e+01
4.880000000000000000e+02,1.175684928894042969e+00,1.568439072456741101e+01,2.000000000000000000e+00
4.890000000000000000e+02,1.176422119140625000e+00,1.568439072456741101e+01,6.300000000000000000e+01
4.900000000000000000e+02,1.176943063735961914e+00,1.568439072456741101e+01,2.000000000000000000e+00
4.910000000000000000e+02,1.177630901336669922e+00,1.568439072456741101e+01,6.300000000000000000e+01
4.920000000000000000e+02,1.178308963775634766e+00,1.568439072456741101e+01,2.000000000000000000e+00
4.930000000000000000e+02,1.179837942123413086e+00,1.568439072456741101e+01,6.300000000000000000e+01
4.940000000000000000e+02,1.180485963821411133e+00,1.568439072456741101e+01,2.000000000000000000e+00
4.950000000000000000e+02,1.181483030319213867e+00,1.568439072456741101e+01,6.300000000000000000e+01
4.960000000000000000e+02,1.182086944580078125e+00,1.568439072456741101e+01,2.000000000000000000e+00
4.970000000000000000e+02,1.198261022567749023e+00,1.568439072456741101e+01,6.400000000000000000e+01
4.980000000000000000e+02,1.198770046234130859e+00,1.568439072456741101e+01,2.000000000000000000e+00
4.990000000000000000e+02,1.199548006057739258e+00,1.568439072456741101e+01,6.400000000000000000e+01
