0.000000000000000000e+00,1.076936721801757812e-03,0.000000000000000000e+00,1.000000000000000000e+00
1.000000000000000000e+00,2.940893173217773438e-03,0.000000000000000000e+00,2.000000000000000000e+00
2.000000000000000000e+00,4.549980163574218750e-03,0.000000000000000000e+00,2.000000000000000000e+00
3.000000000000000000e+00,6.624937057495117188e-03,0.000000000000000000e+00,2.000000000000000000e+00
4.000000000000000000e+00,8.018970489501953125e-03,0.000000000000000000e+00,2.000000000000000000e+00
5.000000000000000000e+00,1.116394996643066406e-02,0.000000000000000000e+00,3.000000000000000000e+00
6.000000000000000000e+00,1.306295394897460938e-02,0.000000000000000000e+00,3.000000000000000000e+00
7.000000000000000000e+00,1.375079154968261719e-02,0.000000000000000000e+00,3.000000000000000000e+00
8.000000000000000000e+00,1.556777954101562500e-02,0.000000000000000000e+00,4.000000000000000000e+00
9.000000000000000000e+00,1.634979248046875000e-02,0.000000000000000000e+00,3.000000000000000000e+00
1.000000000000000000e+01,1.841378211975097656e-02,0.000000000000000000e+00,5.000000000000000000e+00
1.100000000000000000e+01,2.086186408996582031e-02,0.000000000000000000e+00,4.000000000000000000e+00
1.200000000000000000e+01,2.313995361328125000e-02,0.000000000000000000e+00,6.000000000000000000e+00
1.300000000000000000e+01,2.516078948974609375e-02,0.000000000000000000e+00,5.000000000000000000e+00
1.400000000000000000e+01,2.746987342834472656e-02,0.000000000000000000e+00,7.000000000000000000e+00
1.500000000000000000e+01,3.145599365234375000e-02,0.000000000000000000e+00,6.000000000000000000e+00
1.600000000000000000e+01,3.364181518554687500e-02,0.000000000000000000e+00,8.000000000000000000e+00
1.700000000000000000e+01,3.634285926818847656e-02,0.000000000000000000e+00,7.000000000000000000e+00
1.800000000000000000e+01,3.901600837707519531e-02,0.000000000000000000e+00,9.000000000000000000e+00
1.900000000000000000e+01,4.179286956787109375e-02,0.000000000000000000e+00,8.000000000000000000e+00
2.000000000000000000e+01,4.400396347045898438e-02,0.000000000000000000e+00,1.000000000000000000e+01
2.100000000000000000e+01,4.679989814758300781e-02,0.000000000000000000e+00,9.000000000000000000e+00
2.200000000000000000e+01,4.945898056030273438e-02,0.000000000000000000e+00,1.100000000000000000e+01
2.300000000000000000e+01,5.259084701538085938e-02,0.000000000000000000e+00,1.000000000000000000e+01
2.400000000000000000e+01,5.705785751342773438e-02,0.000000000000000000e+00,1.200000000000000000e+01
2.500000000000000000e+01,6.127595901489257812e-02,0.000000000000000000e+00,1.100000000000000000e+01
2.600000000000000000e+01,6.421184539794921875e-02,0.000000000000000000e+00,1.300000000000000000e+01
2.700000000000000000e+01,6.688690185546875000e-02,3.453780955106061157e+01,1.200000000000000000e+01
2.800000000000000000e+01,7.186889648437500000e-02,3.280706656019027179e+01,1.400000000000000000e+01
2.900000000000000000e+01,7.532882690429687500e-02,3.280706656019027179e+01,1.300000000000000000e+01
3.000000000000000000e+01,7.994580268859863281e-02,3.280706656019027179e+01,1.500000000000000000e+01
3.100000000000000000e+01,8.102083206176757812e-02,3.280706656019027179e+01,1.300000000000000000e+01
3.200000000000000000e+01,8.659195899963378906e-02,3.273962560150931722e+01,1.600000000000000000e+01
3.300000000000000000e+01,8.834195137023925781e-02,3.273962560150931722e+01,1.400000000000000000e+01
3.400000000000000000e+01,9.190893173217773438e-02,3.273962560150931722e+01,1.700000000000000000e+01
3.500000000000000000e+01,9.698796272277832031e-02,3.273962560150931722e+01,1.500000000000000000e+01
3.600000000000000000e+01,1.019148826599121094e-01,3.273962560150931722e+01,1.800000000000000000e+01
3.700000000000000000e+01,1.054599285125732422e-01,3.273962560150931722e+01,1.600000000000000000e+01
3.800000000000000000e+01,1.113348007202148438e-01,3.273962560150931722e+01,1.900000000000000000e+01
3.900000000000000000e+01,1.158249378204345703e-01,3.273962560150931722e+01,1.700000000000000000e+01
4.000000000000000000e+01,1.165537834167480469e-01,3.273962560150931722e+01,1.900000000000000000e+01
4.100000000000000000e+01,1.197469234466552734e-01,3.273962560150931722e+01,1.800000000000000000e+01
4.200000000000000000e+01,1.249539852142333984e-01,3.273962560150931722e+01,2.000000000000000000e+01
4.300000000000000000e+01,1.261188983917236328e-01,3.273962560150931722e+01,1.800000000000000000e+01
4.400000000000000000e+01,1.299459934234619141e-01,3.273962560150931722e+01,2.100000000000000000e+01
4.500000000000000000e+01,1.311378479003906250e-01,3.273962560150931722e+01,1.800000000000000000e+01
4.600000000000000000e+01,1.388499736785888672e-01,3.273962560150931722e+01,2.200000000000000000e+01
4.700000000000000000e+01,1.407988071441650391e-01,3.273962560150931722e+01,1.900000000000000000e+01
4.800000000000000000e+01,1.446869373321533203e-01,3.273962560150931722e+01,2.300000000000000000e+01
4.900000000000000000e+01,1.474719047546386719e-01,3.273962560150931722e+01,2.000000000000000000e+01
5.000000000000000000e+01,1.506698131561279297e-01,3.273962560150931722e+01,2.400000000000000000e+01
5.100000000000000000e+01,1.531000137329101562e-01,3.273962560150931722e+01,2.100000000000000000e+01
5.200000000000000000e+01,1.606059074401855469e-01,3.273962560150931722e+01,2.500000000000000000e+01
5.300000000000000000e+01,1.649208068847656250e-01,3.273962560150931722e+01,2.200000000000000000e+01
5.400000000000000000e+01,1.677479743957519531e-01,3.273962560150931722e+01,2.600000000000000000e+01
5.500000000000000000e+01,1.704149246215820312e-01,3.273962560150931722e+01,2.300000000000000000e+01
5.600000000000000000e+01,1.753590106964111328e-01,3.273962560150931722e+01,2.700000000000000000e+01
5.700000000000000000e+01,1.819570064544677734e-01,3.273962560150931722e+01,2.400000000000000000e+01
5.800000000000000000e+01,1.851959228515625000e-01,3.273962560150931722e+01,2.800000000000000000e+01
5.900000000000000000e+01,1.859219074249267578e-01,3.273962560150931722e+01,2.400000000000000000e+01
6.000000000000000000e+01,1.889967918395996094e-01,3.273962560150931722e+01,2.900000000000000000e+01
6.100000000000000000e+01,1.980199813842773438e-01,3.273962560150931722e+01,2.500000000000000000e+01
6.200000000000000000e+01,2.063229084014892578e-01,3.273962560150931722e+01,3.000000000000000000e+01
6.300000000000000000e+01,2.126958370208740234e-01,3.273962560150931722e+01,2.600000000000000000e+01
6.400000000000000000e+01,2.216348648071289062e-01,3.273962560150931722e+01,3.100000000000000000e+01
6.500000000000000000e+01,2.226548194885253906e-01,3.273962560150931722e+01,2.600000000000000000e+01
6.600000000000000000e+01,2.236008644104003906e-01,3.273962560150931722e+01,3.100000000000000000e+01
6.700000000000000000e+01,2.245459556579589844e-01,3.273962560150931722e+01,2.600000000000000000e+01
6.800000000000000000e+01,2.285268306732177734e-01,3.273962560150931722e+01,3.200000000000000000e+01
6.900000000000000000e+01,2.329118251800537109e-01,3.273962560150931722e+01,2.700000000000000000e+01
7.000000000000000000e+01,2.336869239807128906e-01,3.273962560150931722e+01,3.200000000000000000e+01
7.100000000000000000e+01,2.393569946289062500e-01,3.273962560150931722e+01,2.800000000000000000e+01
7.200000000000000000e+01,2.485558986663818359e-01,3.273962560150931722e+01,3.300000000000000000e+01
7.300000000000000000e+01,2.578299045562744141e-01,3.273962560150931722e+01,2.900000000000000000e+01
7.400000000000000000e+01,2.586379051208496094e-01,3.273962560150931722e+01,3.300000000000000000e+01
7.500000000000000000e+01,2.612760066986083984e-01,3.273962560150931722e+01,3.000000000000000000e+01
7.600000000000000000e+01,2.696349620819091797e-01,3.273962560150931722e+01,3.400000000000000000e+01
7.700000000000000000e+01,2.703869342803955078e-01,3.273962560150931722e+01,3.000000000000000000e+01
7.800000000000000000e+01,2.814059257507324219e-01,3.273962560150931722e+01,3.500000000000000000e+01
7.900000000000000000e+01,2.868258953094482422e-01,3.273962560150931722e+01,3.100000000000000000e+01
8.000000000000000000e+01,2.889869213104248047e-01,3.273962560150931722e+01,3.600000000000000000e+01
8.100000000000000000e+01,2.949728965759277344e-01,3.273962560150931722e+01,3.200000000000000000e+01
8.200000000000000000e+01,3.037269115447998047e-01,3.273962560150931722e+01,3.700000000000000000e+01
8.300000000000000000e+01,3.093369007110595703e-01,3.273962560150931722e+01,3.300000000000000000e+01
8.400000000000000000e+01,3.127198219299316406e-01,3.273962560150931722e+01,3.800000000000000000e+01
8.500000000000000000e+01,3.233709335327148438e-01,3.273962560150931722e+01,3.400000000000000000e+01
8.600000000000000000e+01,3.241369724273681641e-01,3.273962560150931722e+01,3.800000000000000000e+01
8.700000000000000000e+01,3.249158859252929688e-01,3.273962560150931722e+01,3.400000000000000000e+01
8.800000000000000000e+01,3.312439918518066406e-01,3.273962560150931722e+01,3.900000000000000000e+01
8.900000000000000000e+01,3.348839282989501953e-01,3.273962560150931722e+01,3.500000000000000000e+01
9.000000000000000000e+01,3.410108089447021484e-01,3.273962560150931722e+01,4.000000000000000000e+01
9.100000000000000000e+01,3.520669937133789062e-01,3.273962560150931722e+01,3.600000000000000000e+01
9.200000000000000000e+01,3.641798496246337891e-01,3.273962560150931722e+01,4.100000000000000000e+01
9.300000000000000000e+01,3.701088428497314453e-01,3.273962560150931722e+01,3.700000000000000000e+01
9.400000000000000000e+01,3.734660148620605469e-01,3.237388858496701971e+01,4.200000000000000000e+01
9.500000000000000000e+01,3.765568733215332031e-01,3.237388858496701971e+01,3.700000000000000000e+01
9.600000000000000000e+01,3.803329467773437500e-01,3.237388858496701971e+01,4.300000000000000000e+01
9.700000000000000000e+01,3.831348419189453125e-01,3.237388858496701971e+01,3.800000000000000000e+01
9.800000000000000000e+01,3.929648399353027344e-01,3.237388858496701971e+01,4.400000000000000000e+01
9.900000000000000000e+01,4.038798809051513672e-01,3.237388858496701971e+01,3.900000000000000000e+01
1.000000000000000000e+02,4.050469398498535156e-01,3.237388858496701971e+01,4.400000000000000000e+01
1.010000000000000000e+02,4.126989841461181641e-01,3.237388858496701971e+01,4.000000000000000000e+01
1.020000000000000000e+02,4.139518737792968750e-01,3.237388858496701971e+01,4.400000000000000000e+01
1.030000000000000000e+02,4.185068607330322266e-01,3.237388858496701971e+01,4.100000000000000000e+01
1.040000000000000000e+02,4.241008758544921875e-01,3.237388858496701971e+01,4.500000000000000000e+01
1.050000000000000000e+02,4.311189651489257812e-01,3.237388858496701971e+01,4.200000000000000000e+01
1.060000000000000000e+02,4.412059783935546875e-01,3.237388858496701971e+01,4.600000000000000000e+01
1.070000000000000000e+02,4.493269920349121094e-01,3.237388858496701971e+01,4.300000000000000000e+01
1.080000000000000000e+02,4.560148715972900391e-01,3.012377822770942970e+01,4.700000000000000000e+01
1.090000000000000000e+02,4.649047851562500000e-01,3.012377822770942970e+01,4.200000000000000000e+01
1.100000000000000000e+02,4.727399349212646484e-01,3.012377822770942970e+01,4.100000000000000000e+01
1.110000000000000000e+02,4.744989871978759766e-01,3.012377822770942970e+01,4.200000000000000000e+01
1.120000000000000000e+02,4.795699119567871094e-01,3.012377822770942970e+01,4.200000000000000000e+01
1.130000000000000000e+02,4.879357814788818359e-01,3.012377822770942970e+01,4.300000000000000000e+01
1.140000000000000000e+02,4.919049739837646484e-01,3.012377822770942970e+01,4.300000000000000000e+01
1.150000000000000000e+02,5.062758922576904297e-01,3.012377822770942970e+01,4.400000000000000000e+01
1.160000000000000000e+02,5.166819095611572266e-01,3.012377822770942970e+01,4.400000000000000000e+01
1.170000000000000000e+02,5.293748378753662109e-01,3.012377822770942970e+01,4.500000000000000000e+01
1.180000000000000000e+02,5.438599586486816406e-01,3.012377822770942970e+01,4.500000000000000000e+01
1.190000000000000000e+02,5.495598316192626953e-01,3.012377822770942970e+01,4.600000000000000000e+01
1.200000000000000000e+02,5.592048168182373047e-01,3.012377822770942970e+01,4.600000000000000000e+01
1.210000000000000000e+02,5.604817867279052734e-01,3.012377822770942970e+01,4.600000000000000000e+01
1.220000000000000000e+02,5.643048286437988281e-01,3.012377822770942970e+01,4.700000000000000000e+01
1.230000000000000000e+02,5.732848644256591797e-01,3.012377822770942970e+01,4.700000000000000000e+01
1.240000000000000000e+02,5.741508007049560547e-01,3.012377822770942970e+01,4.700000000000000000e+01
1.250000000000000000e+02,5.796740055084228516e-01,3.012377822770942970e+01,4.800000000000000000e+01
1.260000000000000000e+02,5.925078392028808594e-01,3.012377822770942970e+01,4.800000000000000000e+01
1.270000000000000000e+02,5.998079776763916016e-01,3.012377822770942970e+01,4.900000000000000000e+01
1.280000000000000000e+02,6.133069992065429688e-01,3.012377822770942970e+01,4.900000000000000000e+01
1.290000000000000000e+02,6.187689304351806641e-01,3.012377822770942970e+01,5.000000000000000000e+01
1.300000000000000000e+02,6.277279853820800781e-01,3.012377822770942970e+01,5.000000000000000000e+01
1.310000000000000000e+02,6.299998760223388672e-01,3.012377822770942970e+01,5.000000000000000000e+01
1.320000000000000000e+02,6.361458301544189453e-01,3.012377822770942970e+01,5.100000000000000000e+01
1.330000000000000000e+02,6.522347927093505859e-01,3.012377822770942970e+01,5.100000000000000000e+01
1.340000000000000000e+02,6.659898757934570312e-01,3.012377822770942970e+01,5.200000000000000000e+01
1.350000000000000000e+02,6.819028854370117188e-01,3.012377822770942970e+01,5.200000000000000000e+01
1.360000000000000000e+02,6.872088909149169922e-01,3.012377822770942970e+01,5.300000000000000000e+01
1.370000000000000000e+02,6.926038265228271484e-01,3.012377822770942970e+01,5.300000000000000000e+01
1.380000000000000000e+02,6.938748359680175781e-01,3.012377822770942970e+01,5.300000000000000000e+01
1.390000000000000000e+02,7.088940143585205078e-01,3.012377822770942970e+01,5.400000000000000000e+01
1.400000000000000000e+02,7.212100028991699219e-01,3.012377822770942970e+01,5.400000000000000000e+01
1.410000000000000000e+02,7.300698757171630859e-01,3.012377822770942970e+01,5.500000000000000000e+01
1.420000000000000000e+02,7.439019680023193359e-01,3.012377822770942970e+01,5.500000000000000000e+01
1.430000000000000000e+02,7.462799549102783203e-01,3.012377822770942970e+01,5.500000000000000000e+01
1.440000000000000000e+02,7.511568069458007812e-01,3.012377822770942970e+01,5.600000000000000000e+01
1.450000000000000000e+02,7.519588470458984375e-01,3.012377822770942970e+01,5.500000000000000000e+01
1.460000000000000000e+02,7.581048011779785156e-01,3.012377822770942970e+01,5.700000000000000000e+01
1.470000000000000000e+02,7.643938064575195312e-01,3.012377822770942970e+01,5.600000000000000000e+01
1.480000000000000000e+02,7.652549743652343750e-01,3.012377822770942970e+01,5.700000000000000000e+01
1.490000000000000000e+02,7.691388130187988281e-01,3.012377822770942970e+01,5.700000000000000000e+01
1.500000000000000000e+02,7.808849811553955078e-01,3.012377822770942970e+01,5.800000000000000000e+01
1.510000000000000000e+02,7.822308540344238281e-01,3.012377822770942970e+01,5.700000000000000000e+01
1.520000000000000000e+02,7.857890129089355469e-01,3.012377822770942970e+01,5.900000000000000000e+01
1.530000000000000000e+02,7.873749732971191406e-01,3.012377822770942970e+01,5.700000000000000000e+01
1.540000000000000000e+02,7.988038063049316406e-01,3.012377822770942970e+01,6.000000000000000000e+01
1.550000000000000000e+02,8.019049167633056641e-01,3.012377822770942970e+01,5.800000000000000000e+01
1.560000000000000000e+02,8.068778514862060547e-01,3.012377822770942970e+01,6.100000000000000000e+01
1.570000000000000000e+02,8.125648498535156250e-01,3.012377822770942970e+01,5.900000000000000000e+01
1.580000000000000000e+02,8.139069080352783203e-01,3.012377822770942970e+01,6.100000000000000000e+01
1.590000000000000000e+02,8.186500072479248047e-01,3.012377822770942970e+01,6.000000000000000000e+01
1.600000000000000000e+02,8.195228576660156250e-01,3.012377822770942970e+01,6.100000000000000000e+01
1.610000000000000000e+02,8.211758136749267578e-01,3.012377822770942970e+01,6.000000000000000000e+01
1.620000000000000000e+02,8.225069046020507812e-01,3.012377822770942970e+01,6.100000000000000000e+01
1.630000000000000000e+02,8.237299919128417969e-01,3.012377822770942970e+01,6.000000000000000000e+01
1.640000000000000000e+02,8.276429176330566406e-01,3.012377822770942970e+01,6.200000000000000000e+01
1.650000000000000000e+02,8.474078178405761719e-01,3.012377822770942970e+01,6.100000000000000000e+01
1.660000000000000000e+02,8.508119583129882812e-01,3.012377822770942970e+01,6.300000000000000000e+01
1.670000000000000000e+02,8.554217815399169922e-01,3.012377822770942970e+01,6.200000000000000000e+01
1.680000000000000000e+02,8.568878173828125000e-01,3.012377822770942970e+01,6.300000000000000000e+01
1.690000000000000000e+02,8.588199615478515625e-01,3.012377822770942970e+01,6.200000000000000000e+01
1.700000000000000000e+02,8.693468570709228516e-01,3.012377822770942970e+01,6.400000000000000000e+01
1.710000000000000000e+02,8.864758014678955078e-01,3.012377822770942970e+01,6.300000000000000000e+01
1.720000000000000000e+02,8.899419307708740234e-01,3.012377822770942970e+01,6.500000000000000000e+01
1.730000000000000000e+02,9.094510078430175781e-01,3.012377822770942970e+01,6.400000000000000000e+01
1.740000000000000000e+02,9.181377887725830078e-01,3.012377822770942970e+01,6.600000000000000000e+01
1.750000000000000000e+02,9.272718429565429688e-01,3.012377822770942970e+01,6.500000000000000000e+01
1.760000000000000000e+02,9.430119991302490234e-01,3.012377822770942970e+01,6.700000000000000000e+01
1.770000000000000000e+02,9.617559909820556641e-01,3.012377822770942970e+01,6.600000000000000000e+01
1.780000000000000000e+02,9.753668308258056641e-01,3.012377822770942970e+01,6.800000000000000000e+01
1.790000000000000000e+02,9.901390075683593750e-01,3.012377822770942970e+01,6.700000000000000000e+01
1.800000000000000000e+02,9.910609722137451172e-01,3.012377822770942970e+01,6.800000000000000000e+01
1.810000000000000000e+02,1.006308794021606445e+00,3.012377822770942970e+01,6.800000000000000000e+01
1.820000000000000000e+02,1.011696815490722656e+00,3.012377822770942970e+01,6.900000000000000000e+01
1.830000000000000000e+02,1.020895004272460938e+00,3.012377822770942970e+01,6.900000000000000000e+01
1.840000000000000000e+02,1.022345781326293945e+00,3.012377822770942970e+01,6.900000000000000000e+01
1.850000000000000000e+02,1.032058000564575195e+00,3.012377822770942970e+01,7.000000000000000000e+01
1.860000000000000000e+02,1.036798954010009766e+00,3.012377822770942970e+01,7.000000000000000000e+01
1.870000000000000000e+02,1.037671804428100586e+00,3.012377822770942970e+01,7.000000000000000000e+01
1.880000000000000000e+02,1.052545785903930664e+00,3.012377822770942970e+01,7.100000000000000000e+01
1.890000000000000000e+02,1.055789947509765625e+00,3.012377822770942970e+01,7.100000000000000000e+01
1.900000000000000000e+02,1.076752901077270508e+00,3.012377822770942970e+01,7.200000000000000000e+01
1.910000000000000000e+02,1.080864906311035156e+00,3.012377822770942970e+01,7.200000000000000000e+01
1.920000000000000000e+02,1.084766864776611328e+00,3.012377822770942970e+01,7.300000000000000000e+01
1.930000000000000000e+02,1.091818809509277344e+00,3.012377822770942970e+01,7.300000000000000000e+01
1.940000000000000000e+02,1.106402873992919922e+00,3.012377822770942970e+01,7.400000000000000000e+01
1.950000000000000000e+02,1.116514921188354492e+00,3.012377822770942970e+01,7.400000000000000000e+01
1.960000000000000000e+02,1.117477893829345703e+00,3.012377822770942970e+01,7.400000000000000000e+01
1.970000000000000000e+02,1.122440814971923828e+00,3.012377822770942970e+01,7.500000000000000000e+01
1.980000000000000000e+02,1.125566005706787109e+00,3.012377822770942970e+01,7.500000000000000000e+01
1.990000000000000000e+02,1.128618001937866211e+00,3.012377822770942970e+01,7.600000000000000000e+01
2.000000000000000000e+02,1.129544973373413086e+00,3.012377822770942970e+01,7.500000000000000000e+01
2.010000000000000000e+02,1.138952016830444336e+00,3.012377822770942970e+01,7.700000000000000000e+01
2.020000000000000000e+02,1.139866828918457031e+00,3.012377822770942970e+01,7.500000000000000000e+01
2.030000000000000000e+02,1.154518842697143555e+00,3.012377822770942970e+01,7.800000000000000000e+01
2.040000000000000000e+02,1.169072866439819336e+00,3.012377822770942970e+01,7.600000000000000000e+01
2.050000000000000000e+02,1.188045978546142578e+00,3.012377822770942970e+01,7.900000000000000000e+01
2.060000000000000000e+02,1.189552783966064453e+00,3.012377822770942970e+01,7.600000000000000000e+01
2.070000000000000000e+02,1.192374944686889648e+00,3.012377822770942970e+01,8.000000000000000000e+01
2.080000000000000000e+02,1.196384906768798828e+00,3.012377822770942970e+01,7.700000000000000000e+01
2.090000000000000000e+02,1.198292970657348633e+00,3.012377822770942970e+01,8.000000000000000000e+01
2.100000000000000000e+02,1.199226856231689453e+00,3.012377822770942970e+01,7.700000000000000000e+01
2.110000000000000000e+02,1.222607851028442383e+00,3.012377822770942970e+01,8.100000000000000000e+01
2.120000000000000000e+02,1.247137784957885742e+00,3.012377822770942970e+01,7.800000000000000000e+01
2.130000000000000000e+02,1.248875856399536133e+00,3.012377822770942970e+01,8.100000000000000000e+01
2.140000000000000000e+02,1.249808788299560547e+00,3.012377822770942970e+01,7.800000000000000000e+01
2.150000000000000000e+02,1.259315967559814453e+00,2.909710215444211912e+01,8.200000000000000000e+01
2.160000000000000000e+02,1.264575004577636719e+00,2.909710215444211912e+01,7.100000000000000000e+01
2.170000000000000000e+02,1.277251005172729492e+00,2.909710215444211912e+01,7.900000000000000000e+01
2.180000000000000000e+02,1.278325796127319336e+00,2.909710215444211912e+01,7.100000000000000000e+01
2.190000000000000000e+02,1.288822889328002930e+00,2.909710215444211912e+01,8.000000000000000000e+01
2.200000000000000000e+02,1.306483983993530273e+00,2.909710215444211912e+01,7.200000000000000000e+01
2.210000000000000000e+02,1.316567897796630859e+00,2.909710215444211912e+01,8.100000000000000000e+01
2.220000000000000000e+02,1.330646991729736328e+00,2.909710215444211912e+01,7.300000000000000000e+01
2.230000000000000000e+02,1.332638978958129883e+00,2.909710215444211912e+01,8.100000000000000000e+01
2.240000000000000000e+02,1.343669891357421875e+00,2.909710215444211912e+01,7.400000000000000000e+01
2.250000000000000000e+02,1.350595951080322266e+00,2.909710215444211912e+01,8.200000000000000000e+01
2.260000000000000000e+02,1.351564884185791016e+00,2.909710215444211912e+01,7.400000000000000000e+01
2.270000000000000000e+02,1.355582952499389648e+00,2.909710215444211912e+01,8.300000000000000000e+01
2.280000000000000000e+02,1.369982957839965820e+00,2.909710215444211912e+01,7.500000000000000000e+01
2.290000000000000000e+02,1.371667861938476562e+00,2.909710215444211912e+01,8.300000000000000000e+01
2.300000000000000000e+02,1.372565984725952148e+00,2.909710215444211912e+01,7.500000000000000000e+01
2.310000000000000000e+02,1.373566865921020508e+00,2.909710215444211912e+01,8.300000000000000000e+01
2.320000000000000000e+02,1.375115871429443359e+00,2.909710215444211912e+01,7.500000000000000000e+01
2.330000000000000000e+02,1.379427909851074219e+00,2.909710215444211912e+01,8.400000000000000000e+01
2.340000000000000000e+02,1.380318880081176758e+00,2.909710215444211912e+01,7.500000000000000000e+01
2.350000000000000000e+02,1.382380008697509766e+00,2.909710215444211912e+01,8.400000000000000000e+01
2.360000000000000000e+02,1.401075839996337891e+00,2.909710215444211912e+01,7.600000000000000000e+01
2.370000000000000000e+02,1.409914016723632812e+00,2.909710215444211912e+01,8.500000000000000000e+01
2.380000000000000000e+02,1.421976804733276367e+00,2.909710215444211912e+01,7.700000000000000000e+01
2.390000000000000000e+02,1.425793886184692383e+00,2.909710215444211912e+01,8.600000000000000000e+01
2.400000000000000000e+02,1.435011863708496094e+00,2.909710215444211912e+01,7.800000000000000000e+01
2.410000000000000000e+02,1.440819978713989258e+00,2.909710215444211912e+01,8.700000000000000000e+01
2.420000000000000000e+02,1.453691005706787109e+00,2.909710215444211912e+01,7.900000000000000000e+01
2.430000000000000000e+02,1.474072933197021484e+00,2.909710215444211912e+01,8.800000000000000000e+01
2.440000000000000000e+02,1.475589990615844727e+00,2.909710215444211912e+01,7.900000000000000000e+01
2.450000000000000000e+02,1.481112003326416016e+00,2.909710215444211912e+01,8.900000000000000000e+01
2.460000000000000000e+02,1.502516984939575195e+00,2.909710215444211912e+01,8.000000000000000000e+01
2.470000000000000000e+02,1.509099006652832031e+00,2.909710215444211912e+01,9.000000000000000000e+01
2.480000000000000000e+02,1.514429807662963867e+00,2.909710215444211912e+01,8.100000000000000000e+01
2.490000000000000000e+02,1.544459819793701172e+00,2.909710215444211912e+01,9.100000000000000000e+01
2.500000000000000000e+02,1.546438932418823242e+00,2.909710215444211912e+01,8.100000000000000000e+01
2.510000000000000000e+02,1.567023992538452148e+00,2.909710215444211912e+01,9.200000000000000000e+01
2.520000000000000000e+02,1.587174892425537109e+00,2.909710215444211912e+01,8.200000000000000000e+01
2.530000000000000000e+02,1.612078905105590820e+00,2.909710215444211912e+01,9.300000000000000000e+01
2.540000000000000000e+02,1.621666908264160156e+00,2.909710215444211912e+01,8.300000000000000000e+01
2.550000000000000000e+02,1.629927873611450195e+00,2.909710215444211912e+01,9.400000000000000000e+01
2.560000000000000000e+02,1.648733854293823242e+00,2.909710215444211912e+01,8.400000000000000000e+01
2.570000000000000000e+02,1.671829938888549805e+00,2.909710215444211912e+01,9.500000000000000000e+01
2.580000000000000000e+02,1.672762870788574219e+00,2.909710215444211912e+01,8.400000000000000000e+01
2.590000000000000000e+02,1.675378799438476562e+00,2.909710215444211912e+01,9.500000000000000000e+01
2.600000000000000000e+02,1.676379919052124023e+00,2.909710215444211912e+01,8.400000000000000000e+01
2.610000000000000000e+02,1.691971778869628906e+00,2.909710215444211912e+01,9.600000000000000000e+01
2.620000000000000000e+02,1.692901849746704102e+00,2.909710215444211912e+01,8.400000000000000000e+01
2.630000000000000000e+02,1.701888799667358398e+00,2.909710215444211912e+01,9.700000000000000000e+01
2.640000000000000000e+02,1.717115879058837891e+00,2.909710215444211912e+01,8.500000000000000000e+01
2.650000000000000000e+02,1.739979982376098633e+00,2.909710215444211912e+01,9.800000000000000000e+01
2.660000000000000000e+02,1.741611003875732422e+00,2.909710215444211912e+01,8.500000000000000000e+01
2.670000000000000000e+02,1.770862817764282227e+00,2.909710215444211912e+01,9.900000000000000000e+01
2.680000000000000000e+02,1.782519817352294922e+00,2.909710215444211912e+01,8.600000000000000000e+01
2.690000000000000000e+02,1.808124780654907227e+00,2.909710215444211912e+01,1.000000000000000000e+02
2.700000000000000000e+02,1.810075998306274414e+00,2.909710215444211912e+01,8.600000000000000000e+01
2.710000000000000000e+02,1.829340934753417969e+00,2.909710215444211912e+01,1.010000000000000000e+02
2.720000000000000000e+02,1.830989837646484375e+00,2.909710215444211912e+01,8.600000000000000000e+01
2.730000000000000000e+02,1.852532863616943359e+00,2.909710215444211912e+01,1.020000000000000000e+02
2.740000000000000000e+02,1.861532926559448242e+00,2.909710215444211912e+01,8.700000000000000000e+01
2.750000000000000000e+02,1.863634824752807617e+00,2.909710215444211912e+01,1.020000000000000000e+02
2.760000000000000000e+02,1.868361949920654297e+00,2.909710215444211912e+01,8.800000000000000000e+01
2.770000000000000000e+02,1.884508848190307617e+00,2.909710215444211912e+01,1.030000000000000000e+02
2.780000000000000000e+02,1.898624897003173828e+00,2.909710215444211912e+01,8.900000000000000000e+01
2.790000000000000000e+02,1.902262926101684570e+00,2.909710215444211912e+01,1.040000000000000000e+02
2.800000000000000000e+02,1.903234004974365234e+00,2.909710215444211912e+01,8.900000000000000000e+01
2.810000000000000000e+02,1.906412839889526367e+00,2.909710215444211912e+01,1.050000000000000000e+02
2.820000000000000000e+02,1.907414913177490234e+00,2.909710215444211912e+01,8.900000000000000000e+01
2.830000000000000000e+02,1.910134792327880859e+00,2.909710215444211912e+01,1.050000000000000000e+02
2.840000000000000000e+02,1.911109924316406250e+00,2.909710215444211912e+01,8.900000000000000000e+01
2.850000000000000000e+02,1.924166917800903320e+00,2.909710215444211912e+01,1.060000000000000000e+02
2.860000000000000000e+02,1.931461811065673828e+00,2.909710215444211912e+01,9.000000000000000000e+01
2.870000000000000000e+02,1.934801816940307617e+00,2.909710215444211912e+01,1.060000000000000000e+02
2.880000000000000000e+02,1.935761928558349609e+00,2.909710215444211912e+01,9.000000000000000000e+01
2.890000000000000000e+02,1.964900016784667969e+00,2.909710215444211912e+01,1.070000000000000000e+02
2.900000000000000000e+02,1.965912818908691406e+00,2.909710215444211912e+01,9.000000000000000000e+01
2.910000000000000000e+02,1.980250835418701172e+00,2.834141917649335340e+01,1.080000000000000000e+02
2.920000000000000000e+02,1.985466003417968750e+00,2.834141917649335340e+01,8.500000000000000000e+01
2.930000000000000000e+02,2.009074926376342773e+00,2.834141917649335340e+01,1.050000000000000000e+02
2.940000000000000000e+02,2.031958818435668945e+00,2.834141917649335340e+01,8.600000000000000000e+01
2.950000000000000000e+02,2.059347867965698242e+00,2.834141917649335340e+01,1.060000000000000000e+02
2.960000000000000000e+02,2.061210870742797852e+00,2.834141917649335340e+01,8.600000000000000000e+01
2.970000000000000000e+02,2.065596818923950195e+00,2.834141917649335340e+01,1.070000000000000000e+02
2.980000000000000000e+02,2.088503837585449219e+00,2.834141917649335340e+01,8.700000000000000000e+01
2.990000000000000000e+02,2.104346990585327148e+00,2.834141917649335340e+01,1.080000000000000000e+02
3.000000000000000000e+02,2.105987787246704102e+00,2.834141917649335340e+01,8.700000000000000000e+01
3.010000000000000000e+02,2.115717887878417969e+00,2.834141917649335340e+01,1.090000000000000000e+02
3.020000000000000000e+02,2.116652965545654297e+00,2.834141917649335340e+01,8.700000000000000000e+01
3.030000000000000000e+02,2.145033836364746094e+00,2.834141917649335340e+01,1.100000000000000000e+02
3.040000000000000000e+02,2.146709918975830078e+00,2.834141917649335340e+01,8.700000000000000000e+01
3.050000000000000000e+02,2.179894924163818359e+00,2.834141917649335340e+01,1.110000000000000000e+02
3.060000000000000000e+02,2.199307918548583984e+00,2.834141917649335340e+01,8.800000000000000000e+01
3.070000000000000000e+02,2.208968877792358398e+00,2.834141917649335340e+01,1.120000000000000000e+02
3.080000000000000000e+02,2.219946861267089844e+00,2.834141917649335340e+01,8.900000000000000000e+01
3.090000000000000000e+02,2.226224899291992188e+00,2.834141917649335340e+01,1.130000000000000000e+02
3.100000000000000000e+02,2.238358974456787109e+00,2.834141917649335340e+01,9.000000000000000000e+01
3.110000000000000000e+02,2.242383003234863281e+00,2.834141917649335340e+01,1.140000000000000000e+02
3.120000000000000000e+02,2.243366956710815430e+00,2.834141917649335340e+01,9.000000000000000000e+01
3.130000000000000000e+02,2.265235900878906250e+00,2.834141917649335340e+01,1.150000000000000000e+02
3.140000000000000000e+02,2.266177892684936523e+00,2.834141917649335340e+01,9.000000000000000000e+01
3.150000000000000000e+02,2.294047832489013672e+00,2.834141917649335340e+01,1.160000000000000000e+02
3.160000000000000000e+02,2.314846992492675781e+00,2.834141917649335340e+01,9.100000000000000000e+01
3.170000000000000000e+02,2.318272829055786133e+00,2.834141917649335340e+01,1.160000000000000000e+02
3.180000000000000000e+02,2.327686786651611328e+00,2.834141917649335340e+01,9.200000000000000000e+01
3.190000000000000000e+02,2.329831838607788086e+00,2.834141917649335340e+01,1.160000000000000000e+02
3.200000000000000000e+02,2.345336914062500000e+00,2.834141917649335340e+01,9.300000000000000000e+01
3.210000000000000000e+02,2.348377943038940430e+00,2.834141917649335340e+01,1.170000000000000000e+02
3.220000000000000000e+02,2.358303785324096680e+00,2.834141917649335340e+01,9.400000000000000000e+01
3.230000000000000000e+02,2.392174959182739258e+00,2.834141917649335340e+01,1.180000000000000000e+02
3.240000000000000000e+02,2.400499820709228516e+00,2.834141917649335340e+01,9.500000000000000000e+01
3.250000000000000000e+02,2.403007984161376953e+00,2.834141917649335340e+01,1.180000000000000000e+02
3.260000000000000000e+02,2.403967857360839844e+00,2.834141917649335340e+01,9.500000000000000000e+01
3.270000000000000000e+02,2.424402952194213867e+00,2.834141917649335340e+01,1.190000000000000000e+02
3.280000000000000000e+02,2.448476791381835938e+00,2.834141917649335340e+01,9.600000000000000000e+01
3.290000000000000000e+02,2.460672855377197266e+00,2.834141917649335340e+01,1.200000000000000000e+02
3.300000000000000000e+02,2.461654901504516602e+00,2.834141917649335340e+01,9.600000000000000000e+01
3.310000000000000000e+02,2.465348005294799805e+00,2.834141917649335340e+01,1.200000000000000000e+02
3.320000000000000000e+02,2.478671789169311523e+00,2.834141917649335340e+01,9.700000000000000000e+01
3.330000000000000000e+02,2.506320953369140625e+00,2.834141917649335340e+01,1.210000000000000000e+02
3.340000000000000000e+02,2.524379968643188477e+00,2.834141917649335340e+01,9.800000000000000000e+01
3.350000000000000000e+02,2.530336856842041016e+00,2.834141917649335340e+01,1.220000000000000000e+02
3.360000000000000000e+02,2.532188892364501953e+00,2.834141917649335340e+01,9.800000000000000000e+01
3.370000000000000000e+02,2.555439949035644531e+00,2.834141917649335340e+01,1.230000000000000000e+02
3.380000000000000000e+02,2.572412967681884766e+00,2.834141917649335340e+01,9.900000000000000000e+01
3.390000000000000000e+02,2.577885866165161133e+00,2.834141917649335340e+01,1.240000000000000000e+02
3.400000000000000000e+02,2.581658840179443359e+00,2.834141917649335340e+01,1.000000000000000000e+02
3.410000000000000000e+02,2.593065977096557617e+00,2.833957367019112183e+01,1.250000000000000000e+02
3.420000000000000000e+02,2.601112842559814453e+00,2.833957367019112183e+01,1.010000000000000000e+02
3.430000000000000000e+02,2.607641935348510742e+00,2.833957367019112183e+01,1.260000000000000000e+02
3.440000000000000000e+02,2.610653877258300781e+00,2.833957367019112183e+01,1.010000000000000000e+02
3.450000000000000000e+02,2.618681907653808594e+00,2.833957367019112183e+01,1.270000000000000000e+02
3.460000000000000000e+02,2.636973857879638672e+00,2.833957367019112183e+01,1.020000000000000000e+02
3.470000000000000000e+02,2.640947818756103516e+00,2.833957367019112183e+01,1.280000000000000000e+02
3.480000000000000000e+02,2.642116785049438477e+00,2.833957367019112183e+01,1.020000000000000000e+02
3.490000000000000000e+02,2.681056976318359375e+00,2.833957367019112183e+01,1.290000000000000000e+02
3.500000000000000000e+02,2.700395822525024414e+00,2.833957367019112183e+01,1.030000000000000000e+02
3.510000000000000000e+02,2.716743946075439453e+00,2.833957367019112183e+01,1.300000000000000000e+02
3.520000000000000000e+02,2.723340988159179688e+00,2.833957367019112183e+01,1.040000000000000000e+02
3.530000000000000000e+02,2.743904829025268555e+00,2.833957367019112183e+01,1.310000000000000000e+02
3.540000000000000000e+02,2.745708942413330078e+00,2.833957367019112183e+01,1.040000000000000000e+02
3.550000000000000000e+02,2.752645969390869141e+00,2.833957367019112183e+01,1.320000000000000000e+02
3.560000000000000000e+02,2.756342887878417969e+00,2.833957367019112183e+01,1.050000000000000000e+02
3.570000000000000000e+02,2.782771825790405273e+00,2.833957367019112183e+01,1.330000000000000000e+02
3.580000000000000000e+02,2.783796787261962891e+00,2.833957367019112183e+01,1.050000000000000000e+02
3.590000000000000000e+02,2.788300991058349609e+00,2.833957367019112183e+01,1.340000000000000000e+02
3.600000000000000000e+02,2.789302825927734375e+00,2.833957367019112183e+01,1.050000000000000000e+02
3.610000000000000000e+02,2.797630786895751953e+00,2.833957367019112183e+01,1.350000000000000000e+02
3.620000000000000000e+02,2.822650909423828125e+00,2.833957367019112183e+01,1.060000000000000000e+02
3.630000000000000000e+02,2.865336894989013672e+00,2.833957367019112183e+01,1.360000000000000000e+02
3.640000000000000000e+02,2.881547927856445312e+00,2.833957367019112183e+01,1.070000000000000000e+02
3.650000000000000000e+02,2.887525796890258789e+00,2.833957367019112183e+01,1.370000000000000000e+02
3.660000000000000000e+02,2.892115831375122070e+00,2.833957367019112183e+01,1.080000000000000000e+02
3.670000000000000000e+02,2.926346778869628906e+00,2.833957367019112183e+01,1.380000000000000000e+02
3.680000000000000000e+02,2.927358865737915039e+00,2.833957367019112183e+01,1.080000000000000000e+02
3.690000000000000000e+02,2.930346965789794922e+00,2.833957367019112183e+01,1.380000000000000000e+02
3.700000000000000000e+02,2.943966865539550781e+00,2.833957367019112183e+01,1.090000000000000000e+02
3.710000000000000000e+02,2.971833944320678711e+00,2.833957367019112183e+01,1.390000000000000000e+02
3.720000000000000000e+02,2.972879886627197266e+00,2.833957367019112183e+01,1.090000000000000000e+02
3.730000000000000000e+02,3.005737781524658203e+00,2.833957367019112183e+01,1.400000000000000000e+02
3.740000000000000000e+02,3.007633924484252930e+00,2.833957367019112183e+01,1.090000000000000000e+02
3.750000000000000000e+02,3.033837795257568359e+00,2.833957367019112183e+01,1.410000000000000000e+02
3.760000000000000000e+02,3.061739921569824219e+00,2.833957367019112183e+01,1.100000000000000000e+02
3.770000000000000000e+02,3.069216966629028320e+00,2.833957367019112183e+01,1.410000000000000000e+02
3.780000000000000000e+02,3.070269823074340820e+00,2.833957367019112183e+01,1.100000000000000000e+02
3.790000000000000000e+02,3.075809955596923828e+00,2.833957367019112183e+01,1.420000000000000000e+02
3.800000000000000000e+02,3.076828002929687500e+00,2.833957367019112183e+01,1.100000000000000000e+02
3.810000000000000000e+02,3.092970848083496094e+00,2.833957367019112183e+01,1.430000000000000000e+02
3.820000000000000000e+02,3.104267835617065430e+00,2.833957367019112183e+01,1.110000000000000000e+02
3.830000000000000000e+02,3.108577013015747070e+00,2.833957367019112183e+01,1.440000000000000000e+02
3.840000000000000000e+02,3.110442876815795898e+00,2.833957367019112183e+01,1.110000000000000000e+02
3.850000000000000000e+02,3.121732950210571289e+00,2.833957367019112183e+01,1.450000000000000000e+02
3.860000000000000000e+02,3.150991916656494141e+00,2.824599189661755361e+01,1.120000000000000000e+02
3.870000000000000000e+02,3.152314901351928711e+00,2.824599189661755361e+01,1.440000000000000000e+02
3.880000000000000000e+02,3.153321981430053711e+00,2.824599189661755361e+01,1.100000000000000000e+02
3.890000000000000000e+02,3.181681871414184570e+00,2.824599189661755361e+01,1.450000000000000000e+02
3.900000000000000000e+02,3.205742835998535156e+00,2.824599189661755361e+01,1.110000000000000000e+02
3.910000000000000000e+02,3.216309785842895508e+00,2.824599189661755361e+01,1.460000000000000000e+02
3.920000000000000000e+02,3.228220939636230469e+00,2.824599189661755361e+01,1.120000000000000000e+02
3.930000000000000000e+02,3.230688810348510742e+00,2.824599189661755361e+01,1.460000000000000000e+02
3.940000000000000000e+02,3.232673883438110352e+00,2.824599189661755361e+01,1.120000000000000000e+02
3.950000000000000000e+02,3.249264955520629883e+00,2.824599189661755361e+01,1.470000000000000000e+02
3.960000000000000000e+02,3.250305891036987305e+00,2.824599189661755361e+01,1.120000000000000000e+02
3.970000000000000000e+02,3.252718925476074219e+00,2.824599189661755361e+01,1.470000000000000000e+02
3.980000000000000000e+02,3.259717941284179688e+00,2.824599189661755361e+01,1.130000000000000000e+02
3.990000000000000000e+02,3.269133806228637695e+00,2.824599189661755361e+01,1.480000000000000000e+02
4.000000000000000000e+02,3.297405004501342773e+00,2.824599189661755361e+01,1.140000000000000000e+02
4.010000000000000000e+02,3.304789781570434570e+00,2.824599189661755361e+01,1.490000000000000000e+02
4.020000000000000000e+02,3.322039842605590820e+00,2.824599189661755361e+01,1.150000000000000000e+02
4.030000000000000000e+02,3.325066804885864258e+00,2.824599189661755361e+01,1.490000000000000000e+02
4.040000000000000000e+02,3.326099872589111328e+00,2.824599189661755361e+01,1.150000000000000000e+02
4.050000000000000000e+02,3.345779895782470703e+00,2.824599189661755361e+01,1.500000000000000000e+02
4.060000000000000000e+02,3.359931945800781250e+00,2.791074555036019689e+01,1.160000000000000000e+02
4.070000000000000000e+02,3.367206811904907227e+00,2.791074555036019689e+01,1.490000000000000000e+02
4.080000000000000000e+02,3.392195940017700195e+00,2.791074555036019689e+01,1.090000000000000000e+02
4.090000000000000000e+02,3.394514799118041992e+00,2.791074555036019689e+01,1.490000000000000000e+02
4.100000000000000000e+02,3.396744966506958008e+00,2.791074555036019689e+01,1.090000000000000000e+02
4.110000000000000000e+02,3.413409948348999023e+00,2.791074555036019689e+01,1.500000000000000000e+02
4.120000000000000000e+02,3.414507865905761719e+00,2.791074555036019689e+01,1.090000000000000000e+02
4.130000000000000000e+02,3.428148984909057617e+00,2.791074555036019689e+01,1.510000000000000000e+02
4.140000000000000000e+02,3.429178953170776367e+00,2.791074555036019689e+01,1.090000000000000000e+02
4.150000000000000000e+02,3.449873924255371094e+00,2.791074555036019689e+01,1.520000000000000000e+02
4.160000000000000000e+02,3.451731920242309570e+00,2.791074555036019689e+01,1.090000000000000000e+02
4.170000000000000000e+02,3.461866855621337891e+00,2.791074555036019689e+01,1.530000000000000000e+02
4.180000000000000000e+02,3.487931013107299805e+00,2.791074555036019689e+01,1.100000000000000000e+02
4.190000000000000000e+02,3.490391969680786133e+00,2.791074555036019689e+01,1.530000000000000000e+02
4.200000000000000000e+02,3.507056951522827148e+00,2.791074555036019689e+01,1.110000000000000000e+02
4.210000000000000000e+02,3.514099836349487305e+00,2.791074555036019689e+01,1.540000000000000000e+02
4.220000000000000000e+02,3.543280839920043945e+00,2.791074555036019689e+01,1.120000000000000000e+02
4.230000000000000000e+02,3.553830862045288086e+00,2.791074555036019689e+01,1.550000000000000000e+02
4.240000000000000000e+02,3.569551944732666016e+00,2.791074555036019689e+01,1.130000000000000000e+02
4.250000000000000000e+02,3.572807788848876953e+00,2.791074555036019689e+01,1.550000000000000000e+02
4.260000000000000000e+02,3.573848962783813477e+00,2.791074555036019689e+01,1.130000000000000000e+02
4.270000000000000000e+02,3.606024980545043945e+00,2.791074555036019689e+01,1.560000000000000000e+02
4.280000000000000000e+02,3.607065916061401367e+00,2.791074555036019689e+01,1.130000000000000000e+02
4.290000000000000000e+02,3.615785837173461914e+00,2.791074555036019689e+01,1.570000000000000000e+02
4.300000000000000000e+02,3.617744922637939453e+00,2.791074555036019689e+01,1.130000000000000000e+02
4.310000000000000000e+02,3.626492977142333984e+00,2.791074555036019689e+01,1.580000000000000000e+02
4.320000000000000000e+02,3.651245832443237305e+00,2.791074555036019689e+01,1.140000000000000000e+02
4.330000000000000000e+02,3.674059867858886719e+00,2.791074555036019689e+01,1.590000000000000000e+02
4.340000000000000000e+02,3.676140785217285156e+00,2.791074555036019689e+01,1.140000000000000000e+02
4.350000000000000000e+02,3.680660963058471680e+00,2.791074555036019689e+01,1.590000000000000000e+02
4.360000000000000000e+02,3.681667804718017578e+00,2.791074555036019689e+01,1.140000000000000000e+02
4.370000000000000000e+02,3.687090873718261719e+00,2.791074555036019689e+01,1.600000000000000000e+02
4.380000000000000000e+02,3.689047813415527344e+00,2.791074555036019689e+01,1.140000000000000000e+02
4.390000000000000000e+02,3.719178915023803711e+00,2.791074555036019689e+01,1.610000000000000000e+02
4.400000000000000000e+02,3.721141815185546875e+00,2.791074555036019689e+01,1.140000000000000000e+02
4.410000000000000000e+02,3.725455999374389648e+00,2.791074555036019689e+01,1.610000000000000000e+02
4.420000000000000000e+02,3.757045984268188477e+00,2.791074555036019689e+01,1.150000000000000000e+02
4.430000000000000000e+02,3.787352800369262695e+00,2.791074555036019689e+01,1.620000000000000000e+02
4.440000000000000000e+02,3.788397789001464844e+00,2.791074555036019689e+01,1.150000000000000000e+02
4.450000000000000000e+02,3.794605016708374023e+00,2.791074555036019689e+01,1.630000000000000000e+02
4.460000000000000000e+02,3.796585798263549805e+00,2.791074555036019689e+01,1.150000000000000000e+02
4.470000000000000000e+02,3.798074007034301758e+00,2.791074555036019689e+01,1.630000000000000000e+02
4.480000000000000000e+02,3.800040006637573242e+00,2.791074555036019689e+01,1.150000000000000000e+02
4.490000000000000000e+02,3.804495811462402344e+00,2.791074555036019689e+01,1.640000000000000000e+02
4.500000000000000000e+02,3.811060905456542969e+00,2.791074555036019689e+01,1.160000000000000000e+02
4.510000000000000000e+02,3.840678930282592773e+00,2.791074555036019689e+01,1.650000000000000000e+02
4.520000000000000000e+02,3.842610836029052734e+00,2.791074555036019689e+01,1.160000000000000000e+02
4.530000000000000000e+02,3.866817951202392578e+00,2.791074555036019689e+01,1.660000000000000000e+02
4.540000000000000000e+02,3.871153831481933594e+00,2.791074555036019689e+01,1.170000000000000000e+02
4.550000000000000000e+02,3.875552892684936523e+00,2.791074555036019689e+01,1.670000000000000000e+02
4.560000000000000000e+02,3.877541780471801758e+00,2.791074555036019689e+01,1.170000000000000000e+02
4.570000000000000000e+02,3.881833791732788086e+00,2.791074555036019689e+01,1.680000000000000000e+02
4.580000000000000000e+02,3.882928848266601562e+00,2.791074555036019689e+01,1.170000000000000000e+02
4.590000000000000000e+02,3.885705947875976562e+00,2.791074555036019689e+01,1.680000000000000000e+02
4.600000000000000000e+02,3.886791944503784180e+00,2.791074555036019689e+01,1.170000000000000000e+02
4.610000000000000000e+02,3.902462959289550781e+00,2.791074555036019689e+01,1.690000000000000000e+02
4.620000000000000000e+02,3.903578996658325195e+00,2.791074555036019689e+01,1.170000000000000000e+02
4.630000000000000000e+02,3.916018009185791016e+00,2.791074555036019689e+01,1.700000000000000000e+02
4.640000000000000000e+02,3.937223911285400391e+00,2.791074555036019689e+01,1.180000000000000000e+02
4.650000000000000000e+02,3.953024864196777344e+00,2.791074555036019689e+01,1.710000000000000000e+02
4.660000000000000000e+02,3.965706825256347656e+00,2.791074555036019689e+01,1.190000000000000000e+02
4.670000000000000000e+02,4.004978895187377930e+00,2.791074555036019689e+01,1.720000000000000000e+02
4.680000000000000000e+02,4.018291950225830078e+00,2.791074555036019689e+01,1.200000000000000000e+02
4.690000000000000000e+02,4.024272918701171875e+00,2.791074555036019689e+01,1.720000000000000000e+02
4.700000000000000000e+02,4.027092933654785156e+00,2.791074555036019689e+01,1.200000000000000000e+02
4.710000000000000000e+02,4.029767990112304688e+00,2.791074555036019689e+01,1.720000000000000000e+02
4.720000000000000000e+02,4.030876874923706055e+00,2.791074555036019689e+01,1.200000000000000000e+02
4.730000000000000000e+02,4.056077003479003906e+00,2.791074555036019689e+01,1.730000000000000000e+02
4.740000000000000000e+02,4.066034793853759766e+00,2.791074555036019689e+01,1.210000000000000000e+02
4.750000000000000000e+02,4.077944993972778320e+00,2.791074555036019689e+01,1.740000000000000000e+02
4.760000000000000000e+02,4.103951930999755859e+00,2.791074555036019689e+01,1.220000000000000000e+02
4.770000000000000000e+02,4.126726865768432617e+00,2.791074555036019689e+01,1.750000000000000000e+02
4.780000000000000000e+02,4.154687881469726562e+00,2.791074555036019689e+01,1.230000000000000000e+02
4.790000000000000000e+02,4.161559820175170898e+00,2.791074555036019689e+01,1.760000000000000000e+02
4.800000000000000000e+02,4.198920965194702148e+00,2.791074555036019689e+01,1.240000000000000000e+02
4.810000000000000000e+02,4.240325927734375000e+00,2.791074555036019689e+01,1.770000000000000000e+02
4.820000000000000000e+02,4.256563901901245117e+00,2.791074555036019689e+01,1.250000000000000000e+02
4.830000000000000000e+02,4.271812915802001953e+00,2.791074555036019689e+01,1.780000000000000000e+02
4.840000000000000000e+02,4.274002790451049805e+00,2.791074555036019689e+01,1.250000000000000000e+02
4.850000000000000000e+02,4.294938802719116211e+00,2.791074555036019689e+01,1.790000000000000000e+02
4.860000000000000000e+02,4.297024011611938477e+00,2.791074555036019689e+01,1.250000000000000000e+02
4.870000000000000000e+02,4.303008794784545898e+00,2.791074555036019689e+01,1.800000000000000000e+02
4.880000000000000000e+02,4.304220914840698242e+00,2.791074555036019689e+01,1.250000000000000000e+02
4.890000000000000000e+02,4.306911945343017578e+00,2.791074555036019689e+01,1.800000000000000000e+02
4.900000000000000000e+02,4.328293800354003906e+00,2.791074555036019689e+01,1.260000000000000000e+02
4.910000000000000000e+02,4.365400791168212891e+00,2.791074555036019689e+01,1.810000000000000000e+02
4.920000000000000000e+02,4.395560979843139648e+00,2.791074555036019689e+01,1.270000000000000000e+02
4.930000000000000000e+02,4.398902893066406250e+00,2.791074555036019689e+01,1.810000000000000000e+02
4.940000000000000000e+02,4.413988828659057617e+00,2.791074555036019689e+01,1.280000000000000000e+02
4.950000000000000000e+02,4.437579870223999023e+00,2.791074555036019689e+01,1.820000000000000000e+02
4.960000000000000000e+02,4.438690900802612305e+00,2.791074555036019689e+01,1.280000000000000000e+02
4.970000000000000000e+02,4.450745820999145508e+00,2.791074555036019689e+01,1.830000000000000000e+02
4.980000000000000000e+02,4.472117900848388672e+00,2.791074555036019689e+01,1.290000000000000000e+02
4.990000000000000000e+02,4.475066900253295898e+00,2.791074555036019689e+01,1.830000000000000000e+02
