0.000000000000000000e+00,1.961946487426757812e-03,0.000000000000000000e+00,2.000000000000000000e+00
1.000000000000000000e+00,3.795862197875976562e-03,0.000000000000000000e+00,2.000000000000000000e+00
2.000000000000000000e+00,5.676984786987304688e-03,0.000000000000000000e+00,3.000000000000000000e+00
3.000000000000000000e+00,7.719993591308593750e-03,0.000000000000000000e+00,3.000000000000000000e+00
4.000000000000000000e+00,9.929895401000976562e-03,0.000000000000000000e+00,4.000000000000000000e+00
5.000000000000000000e+00,1.223897933959960938e-02,0.000000000000000000e+00,4.000000000000000000e+00
6.000000000000000000e+00,1.455593109130859375e-02,0.000000000000000000e+00,5.000000000000000000e+00
7.000000000000000000e+00,1.687788963317871094e-02,0.000000000000000000e+00,5.000000000000000000e+00
8.000000000000000000e+00,1.922893524169921875e-02,0.000000000000000000e+00,6.000000000000000000e+00
9.000000000000000000e+00,2.188181877136230469e-02,0.000000000000000000e+00,6.000000000000000000e+00
1.000000000000000000e+01,2.267193794250488281e-02,0.000000000000000000e+00,6.000000000000000000e+00
1.100000000000000000e+01,2.549600601196289062e-02,0.000000000000000000e+00,7.000000000000000000e+00
1.200000000000000000e+01,2.777194976806640625e-02,0.000000000000000000e+00,7.000000000000000000e+00
1.300000000000000000e+01,3.068184852600097656e-02,0.000000000000000000e+00,8.000000000000000000e+00
1.400000000000000000e+01,3.341293334960937500e-02,0.000000000000000000e+00,8.000000000000000000e+00
1.500000000000000000e+01,3.743100166320800781e-02,0.000000000000000000e+00,9.000000000000000000e+00
1.600000000000000000e+01,3.960394859313964844e-02,0.000000000000000000e+00,9.000000000000000000e+00
1.700000000000000000e+01,4.065585136413574219e-02,0.000000000000000000e+00,9.000000000000000000e+00
1.800000000000000000e+01,4.302191734313964844e-02,0.000000000000000000e+00,1.000000000000000000e+01
1.900000000000000000e+01,4.588603973388671875e-02,0.000000000000000000e+00,1.000000000000000000e+01
2.000000000000000000e+01,4.687190055847167969e-02,0.000000000000000000e+00,1.000000000000000000e+01
2.100000000000000000e+01,4.895281791687011719e-02,0.000000000000000000e+00,1.100000000000000000e+01
2.200000000000000000e+01,5.002093315124511719e-02,0.000000000000000000e+00,1.000000000000000000e+01
2.300000000000000000e+01,5.252885818481445312e-02,0.000000000000000000e+00,1.200000000000000000e+01
2.400000000000000000e+01,5.501699447631835938e-02,0.000000000000000000e+00,1.100000000000000000e+01
2.500000000000000000e+01,5.874204635620117188e-02,0.000000000000000000e+00,1.300000000000000000e+01
2.600000000000000000e+01,6.113195419311523438e-02,0.000000000000000000e+00,1.200000000000000000e+01
2.700000000000000000e+01,6.342697143554687500e-02,0.000000000000000000e+00,1.400000000000000000e+01
2.800000000000000000e+01,6.715989112854003906e-02,0.000000000000000000e+00,1.300000000000000000e+01
2.900000000000000000e+01,7.133102416992187500e-02,0.000000000000000000e+00,1.500000000000000000e+01
3.000000000000000000e+01,7.229495048522949219e-02,0.000000000000000000e+00,1.300000000000000000e+01
3.100000000000000000e+01,7.464098930358886719e-02,0.000000000000000000e+00,1.600000000000000000e+01
3.200000000000000000e+01,7.788991928100585938e-02,0.000000000000000000e+00,1.400000000000000000e+01
3.300000000000000000e+01,8.235096931457519531e-02,0.000000000000000000e+00,1.700000000000000000e+01
3.400000000000000000e+01,8.351087570190429688e-02,0.000000000000000000e+00,1.400000000000000000e+01
3.500000000000000000e+01,8.955383300781250000e-02,0.000000000000000000e+00,1.800000000000000000e+01
3.600000000000000000e+01,9.189891815185546875e-02,0.000000000000000000e+00,1.500000000000000000e+01
3.700000000000000000e+01,9.813284873962402344e-02,0.000000000000000000e+00,1.900000000000000000e+01
3.800000000000000000e+01,1.006028652191162109e-01,0.000000000000000000e+00,1.600000000000000000e+01
3.900000000000000000e+01,1.078279018402099609e-01,0.000000000000000000e+00,2.000000000000000000e+01
4.000000000000000000e+01,1.120138168334960938e-01,0.000000000000000000e+00,1.700000000000000000e+01
4.100000000000000000e+01,1.142778396606445312e-01,0.000000000000000000e+00,2.100000000000000000e+01
4.200000000000000000e+01,1.168308258056640625e-01,0.000000000000000000e+00,1.800000000000000000e+01
4.300000000000000000e+01,1.198029518127441406e-01,0.000000000000000000e+00,2.200000000000000000e+01
4.400000000000000000e+01,1.225829124450683594e-01,0.000000000000000000e+00,1.900000000000000000e+01
4.500000000000000000e+01,1.267750263214111328e-01,0.000000000000000000e+00,2.300000000000000000e+01
4.600000000000000000e+01,1.295068264007568359e-01,0.000000000000000000e+00,2.000000000000000000e+01
4.700000000000000000e+01,1.326570510864257812e-01,0.000000000000000000e+00,2.400000000000000000e+01
4.800000000000000000e+01,1.354939937591552734e-01,0.000000000000000000e+00,2.100000000000000000e+01
4.900000000000000000e+01,1.406409740447998047e-01,0.000000000000000000e+00,2.500000000000000000e+01
5.000000000000000000e+01,1.460020542144775391e-01,0.000000000000000000e+00,2.200000000000000000e+01
5.100000000000000000e+01,1.508610248565673828e-01,0.000000000000000000e+00,2.600000000000000000e+01
5.200000000000000000e+01,1.539180278778076172e-01,0.000000000000000000e+00,2.300000000000000000e+01
5.300000000000000000e+01,1.597909927368164062e-01,0.000000000000000000e+00,2.700000000000000000e+01
5.400000000000000000e+01,1.620349884033203125e-01,0.000000000000000000e+00,2.400000000000000000e+01
5.500000000000000000e+01,1.670489311218261719e-01,0.000000000000000000e+00,2.800000000000000000e+01
5.600000000000000000e+01,1.681988239288330078e-01,0.000000000000000000e+00,2.400000000000000000e+01
5.700000000000000000e+01,1.726000308990478516e-01,0.000000000000000000e+00,2.900000000000000000e+01
5.800000000000000000e+01,1.750550270080566406e-01,0.000000000000000000e+00,2.500000000000000000e+01
5.900000000000000000e+01,1.783490180969238281e-01,0.000000000000000000e+00,3.000000000000000000e+01
6.000000000000000000e+01,1.809968948364257812e-01,0.000000000000000000e+00,2.600000000000000000e+01
6.100000000000000000e+01,1.821219921112060547e-01,0.000000000000000000e+00,3.000000000000000000e+01
6.200000000000000000e+01,1.832208633422851562e-01,0.000000000000000000e+00,2.600000000000000000e+01
6.300000000000000000e+01,1.869089603424072266e-01,0.000000000000000000e+00,3.100000000000000000e+01
6.400000000000000000e+01,1.904900074005126953e-01,0.000000000000000000e+00,2.700000000000000000e+01
6.500000000000000000e+01,1.961209774017333984e-01,0.000000000000000000e+00,3.200000000000000000e+01
6.600000000000000000e+01,2.003760337829589844e-01,0.000000000000000000e+00,2.800000000000000000e+01
6.700000000000000000e+01,2.118248939514160156e-01,0.000000000000000000e+00,3.300000000000000000e+01
6.800000000000000000e+01,2.134778499603271484e-01,0.000000000000000000e+00,2.800000000000000000e+01
6.900000000000000000e+01,2.147419452667236328e-01,0.000000000000000000e+00,3.300000000000000000e+01
7.000000000000000000e+01,2.213840484619140625e-01,0.000000000000000000e+00,2.900000000000000000e+01
7.100000000000000000e+01,2.288999557495117188e-01,0.000000000000000000e+00,3.400000000000000000e+01
7.200000000000000000e+01,2.312710285186767578e-01,0.000000000000000000e+00,3.000000000000000000e+01
7.300000000000000000e+01,2.410609722137451172e-01,0.000000000000000000e+00,3.500000000000000000e+01
7.400000000000000000e+01,2.446558475494384766e-01,0.000000000000000000e+00,3.100000000000000000e+01
7.500000000000000000e+01,2.490808963775634766e-01,0.000000000000000000e+00,3.600000000000000000e+01
7.600000000000000000e+01,2.540378570556640625e-01,0.000000000000000000e+00,3.200000000000000000e+01
7.700000000000000000e+01,2.598128318786621094e-01,0.000000000000000000e+00,3.700000000000000000e+01
7.800000000000000000e+01,2.609958648681640625e-01,0.000000000000000000e+00,3.200000000000000000e+01
7.900000000000000000e+01,2.697458267211914062e-01,0.000000000000000000e+00,3.800000000000000000e+01
8.000000000000000000e+01,2.747209072113037109e-01,0.000000000000000000e+00,3.300000000000000000e+01
8.100000000000000000e+01,2.799379825592041016e-01,0.000000000000000000e+00,3.900000000000000000e+01
8.200000000000000000e+01,2.828459739685058594e-01,0.000000000000000000e+00,3.400000000000000000e+01
8.300000000000000000e+01,2.841999530792236328e-01,0.000000000000000000e+00,3.900000000000000000e+01
8.400000000000000000e+01,2.855348587036132812e-01,0.000000000000000000e+00,3.400000000000000000e+01
8.500000000000000000e+01,2.972500324249267578e-01,0.000000000000000000e+00,4.000000000000000000e+01
8.600000000000000000e+01,3.027379512786865234e-01,0.000000000000000000e+00,3.500000000000000000e+01
8.700000000000000000e+01,3.080608844757080078e-01,0.000000000000000000e+00,4.100000000000000000e+01
8.800000000000000000e+01,3.092148303985595703e-01,0.000000000000000000e+00,3.500000000000000000e+01
8.900000000000000000e+01,3.142719268798828125e-01,0.000000000000000000e+00,4.200000000000000000e+01
9.000000000000000000e+01,3.199388980865478516e-01,0.000000000000000000e+00,3.600000000000000000e+01
9.100000000000000000e+01,3.330848217010498047e-01,0.000000000000000000e+00,4.300000000000000000e+01
9.200000000000000000e+01,3.361358642578125000e-01,0.000000000000000000e+00,3.700000000000000000e+01
9.300000000000000000e+01,3.417119979858398438e-01,0.000000000000000000e+00,4.400000000000000000e+01
9.400000000000000000e+01,3.512568473815917969e-01,0.000000000000000000e+00,3.800000000000000000e+01
9.500000000000000000e+01,3.540029525756835938e-01,0.000000000000000000e+00,4.500000000000000000e+01
9.600000000000000000e+01,3.584649562835693359e-01,0.000000000000000000e+00,3.900000000000000000e+01
9.700000000000000000e+01,3.625228404998779297e-01,0.000000000000000000e+00,4.600000000000000000e+01
9.800000000000000000e+01,3.662469387054443359e-01,0.000000000000000000e+00,4.000000000000000000e+01
9.900000000000000000e+01,3.713438510894775391e-01,0.000000000000000000e+00,4.700000000000000000e+01
1.000000000000000000e+02,3.726899623870849609e-01,0.000000000000000000e+00,4.000000000000000000e+01
1.010000000000000000e+02,3.881499767303466797e-01,0.000000000000000000e+00,4.800000000000000000e+01
1.020000000000000000e+02,3.931729793548583984e-01,0.000000000000000000e+00,4.100000000000000000e+01
1.030000000000000000e+02,3.977320194244384766e-01,0.000000000000000000e+00,4.900000000000000000e+01
1.040000000000000000e+02,3.992428779602050781e-01,0.000000000000000000e+00,4.100000000000000000e+01
1.050000000000000000e+02,4.090058803558349609e-01,0.000000000000000000e+00,5.000000000000000000e+01
1.060000000000000000e+02,4.132690429687500000e-01,0.000000000000000000e+00,4.200000000000000000e+01
1.070000000000000000e+02,4.241418838500976562e-01,0.000000000000000000e+00,5.100000000000000000e+01
1.080000000000000000e+02,4.325489997863769531e-01,0.000000000000000000e+00,4.300000000000000000e+01
1.090000000000000000e+02,4.366159439086914062e-01,0.000000000000000000e+00,5.200000000000000000e+01
1.100000000000000000e+02,4.415509700775146484e-01,0.000000000000000000e+00,4.400000000000000000e+01
1.110000000000000000e+02,4.486849308013916016e-01,0.000000000000000000e+00,5.300000000000000000e+01
1.120000000000000000e+02,4.578218460083007812e-01,0.000000000000000000e+00,4.500000000000000000e+01
1.130000000000000000e+02,4.706318378448486328e-01,0.000000000000000000e+00,5.400000000000000000e+01
1.140000000000000000e+02,4.744918346405029297e-01,4.432400451242254036e+01,4.600000000000000000e+01
1.150000000000000000e+02,4.790699481964111328e-01,4.415042551011532623e+01,5.500000000000000000e+01
1.160000000000000000e+02,4.806020259857177734e-01,4.415042551011532623e+01,4.600000000000000000e+01
1.170000000000000000e+02,4.987080097198486328e-01,4.415042551011532623e+01,5.600000000000000000e+01
1.180000000000000000e+02,5.027298927307128906e-01,4.415042551011532623e+01,4.700000000000000000e+01
1.190000000000000000e+02,5.044360160827636719e-01,4.415042551011532623e+01,5.600000000000000000e+01
1.200000000000000000e+02,5.061788558959960938e-01,4.415042551011532623e+01,4.700000000000000000e+01
1.210000000000000000e+02,5.078299045562744141e-01,4.415042551011532623e+01,5.600000000000000000e+01
1.220000000000000000e+02,5.092349052429199219e-01,4.415042551011532623e+01,4.700000000000000000e+01
1.230000000000000000e+02,5.271320343017578125e-01,4.415042551011532623e+01,5.700000000000000000e+01
1.240000000000000000e+02,5.411930084228515625e-01,4.415042551011532623e+01,4.800000000000000000e+01
1.250000000000000000e+02,5.537939071655273438e-01,4.415042551011532623e+01,5.800000000000000000e+01
1.260000000000000000e+02,5.648639202117919922e-01,4.415042551011532623e+01,4.900000000000000000e+01
1.270000000000000000e+02,5.725288391113281250e-01,4.415042551011532623e+01,5.900000000000000000e+01
1.280000000000000000e+02,5.801110267639160156e-01,4.415042551011532623e+01,5.000000000000000000e+01
1.290000000000000000e+02,5.863528251647949219e-01,4.415042551011532623e+01,6.000000000000000000e+01
1.300000000000000000e+02,5.956840515136718750e-01,4.415042551011532623e+01,5.100000000000000000e+01
1.310000000000000000e+02,5.972390174865722656e-01,4.415042551011532623e+01,6.000000000000000000e+01
1.320000000000000000e+02,6.007108688354492188e-01,4.415042551011532623e+01,5.200000000000000000e+01
1.330000000000000000e+02,6.102910041809082031e-01,4.415042551011532623e+01,6.100000000000000000e+01
1.340000000000000000e+02,6.149959564208984375e-01,4.415042551011532623e+01,5.300000000000000000e+01
1.350000000000000000e+02,6.192150115966796875e-01,4.415042551011532623e+01,6.200000000000000000e+01
1.360000000000000000e+02,6.246359348297119141e-01,4.415042551011532623e+01,5.400000000000000000e+01
1.370000000000000000e+02,6.425108909606933594e-01,4.415042551011532623e+01,6.300000000000000000e+01
1.380000000000000000e+02,6.528518199920654297e-01,4.415042551011532623e+01,5.500000000000000000e+01
1.390000000000000000e+02,6.737020015716552734e-01,4.415042551011532623e+01,6.400000000000000000e+01
1.400000000000000000e+02,6.859698295593261719e-01,4.415042551011532623e+01,5.600000000000000000e+01
1.410000000000000000e+02,6.904499530792236328e-01,4.415042551011532623e+01,6.500000000000000000e+01
1.420000000000000000e+02,6.969039440155029297e-01,4.415042551011532623e+01,5.600000000000000000e+01
1.430000000000000000e+02,7.176020145416259766e-01,4.415042551011532623e+01,6.600000000000000000e+01
1.440000000000000000e+02,7.263858318328857422e-01,4.415042551011532623e+01,5.700000000000000000e+01
1.450000000000000000e+02,7.363078594207763672e-01,4.415042551011532623e+01,6.700000000000000000e+01
1.460000000000000000e+02,7.426469326019287109e-01,4.415042551011532623e+01,5.800000000000000000e+01
1.470000000000000000e+02,7.580020427703857422e-01,4.415042551011532623e+01,6.800000000000000000e+01
1.480000000000000000e+02,7.641680240631103516e-01,4.415042551011532623e+01,5.900000000000000000e+01
1.490000000000000000e+02,7.836539745330810547e-01,4.415042551011532623e+01,6.900000000000000000e+01
1.500000000000000000e+02,7.953939437866210938e-01,4.415042551011532623e+01,6.000000000000000000e+01
1.510000000000000000e+02,7.995388507843017578e-01,4.415042551011532623e+01,7.000000000000000000e+01
1.520000000000000000e+02,8.010258674621582031e-01,4.415042551011532623e+01,6.000000000000000000e+01
1.530000000000000000e+02,8.089208602905273438e-01,4.415042551011532623e+01,7.100000000000000000e+01
1.540000000000000000e+02,8.187780380249023438e-01,4.415042551011532623e+01,6.100000000000000000e+01
1.550000000000000000e+02,8.269970417022705078e-01,4.415042551011532623e+01,7.200000000000000000e+01
1.560000000000000000e+02,8.311178684234619141e-01,4.415042551011532623e+01,6.200000000000000000e+01
1.570000000000000000e+02,8.407189846038818359e-01,4.415042551011532623e+01,7.300000000000000000e+01
1.580000000000000000e+02,8.484530448913574219e-01,4.415042551011532623e+01,6.300000000000000000e+01
1.590000000000000000e+02,8.590369224548339844e-01,4.415042551011532623e+01,7.400000000000000000e+01
1.600000000000000000e+02,8.656499385833740234e-01,4.415042551011532623e+01,6.400000000000000000e+01
1.610000000000000000e+02,8.711199760437011719e-01,4.415042551011532623e+01,7.500000000000000000e+01
1.620000000000000000e+02,8.800849914550781250e-01,4.415042551011532623e+01,6.500000000000000000e+01
1.630000000000000000e+02,8.856449127197265625e-01,4.415042551011532623e+01,7.600000000000000000e+01
1.640000000000000000e+02,8.873648643493652344e-01,4.415042551011532623e+01,6.500000000000000000e+01
1.650000000000000000e+02,8.919010162353515625e-01,3.751362145976997908e+01,7.700000000000000000e+01
1.660000000000000000e+02,9.120829105377197266e-01,3.751362145976997908e+01,6.600000000000000000e+01
1.670000000000000000e+02,9.163968563079833984e-01,3.751362145976997908e+01,7.800000000000000000e+01
1.680000000000000000e+02,9.178309440612792969e-01,3.751362145976997908e+01,6.600000000000000000e+01
1.690000000000000000e+02,9.349589347839355469e-01,3.751362145976997908e+01,7.900000000000000000e+01
1.700000000000000000e+02,9.428539276123046875e-01,3.751362145976997908e+01,6.700000000000000000e+01
1.710000000000000000e+02,9.447238445281982422e-01,3.751362145976997908e+01,7.900000000000000000e+01
1.720000000000000000e+02,9.502158164978027344e-01,3.751362145976997908e+01,6.800000000000000000e+01
1.730000000000000000e+02,9.655468463897705078e-01,3.751362145976997908e+01,8.000000000000000000e+01
1.740000000000000000e+02,9.714798927307128906e-01,3.223221563504180409e+01,6.900000000000000000e+01
1.750000000000000000e+02,9.779229164123535156e-01,3.223221563504180409e+01,8.100000000000000000e+01
1.760000000000000000e+02,9.891760349273681641e-01,3.223221563504180409e+01,6.300000000000000000e+01
1.770000000000000000e+02,1.005935907363891602e+00,3.223221563504180409e+01,8.200000000000000000e+01
1.780000000000000000e+02,1.007347822189331055e+00,3.223221563504180409e+01,6.300000000000000000e+01
1.790000000000000000e+02,1.024953842163085938e+00,3.223221563504180409e+01,8.300000000000000000e+01
1.800000000000000000e+02,1.028465032577514648e+00,3.223221563504180409e+01,6.400000000000000000e+01
1.810000000000000000e+02,1.037231922149658203e+00,3.223221563504180409e+01,8.400000000000000000e+01
1.820000000000000000e+02,1.040091037750244141e+00,3.114254136845215726e+01,6.500000000000000000e+01
1.830000000000000000e+02,1.052315950393676758e+00,3.114254136845215726e+01,8.400000000000000000e+01
1.840000000000000000e+02,1.053174972534179688e+00,3.114254136845215726e+01,6.500000000000000000e+01
1.850000000000000000e+02,1.069856882095336914e+00,3.114254136845215726e+01,8.500000000000000000e+01
1.860000000000000000e+02,1.089042901992797852e+00,3.114254136845215726e+01,6.600000000000000000e+01
1.870000000000000000e+02,1.103791952133178711e+00,3.114254136845215726e+01,8.600000000000000000e+01
1.880000000000000000e+02,1.115448951721191406e+00,3.114254136845215726e+01,6.700000000000000000e+01
1.890000000000000000e+02,1.124784946441650391e+00,2.960311200401868703e+01,8.700000000000000000e+01
1.900000000000000000e+02,1.128499984741210938e+00,2.960311200401868703e+01,6.200000000000000000e+01
1.910000000000000000e+02,1.129530906677246094e+00,2.960311200401868703e+01,8.500000000000000000e+01
1.920000000000000000e+02,1.131520986557006836e+00,2.960311200401868703e+01,6.200000000000000000e+01
1.930000000000000000e+02,1.137632846832275391e+00,2.960311200401868703e+01,8.600000000000000000e+01
1.940000000000000000e+02,1.142277002334594727e+00,2.960311200401868703e+01,6.300000000000000000e+01
1.950000000000000000e+02,1.152748823165893555e+00,2.960311200401868703e+01,8.700000000000000000e+01
1.960000000000000000e+02,1.160727024078369141e+00,2.960311200401868703e+01,6.400000000000000000e+01
1.970000000000000000e+02,1.173698902130126953e+00,2.960311200401868703e+01,8.800000000000000000e+01
1.980000000000000000e+02,1.178127050399780273e+00,2.960311200401868703e+01,6.500000000000000000e+01
1.990000000000000000e+02,1.181879997253417969e+00,2.960311200401868703e+01,8.900000000000000000e+01
2.000000000000000000e+02,1.183614015579223633e+00,2.960311200401868703e+01,6.500000000000000000e+01
2.010000000000000000e+02,1.193819999694824219e+00,2.960311200401868703e+01,9.000000000000000000e+01
2.020000000000000000e+02,1.194782972335815430e+00,2.960311200401868703e+01,6.500000000000000000e+01
2.030000000000000000e+02,1.200481891632080078e+00,2.960311200401868703e+01,9.100000000000000000e+01
2.040000000000000000e+02,1.202049016952514648e+00,2.960311200401868703e+01,6.500000000000000000e+01
2.050000000000000000e+02,1.205492019653320312e+00,2.960311200401868703e+01,9.200000000000000000e+01
2.060000000000000000e+02,1.215155839920043945e+00,2.960311200401868703e+01,6.600000000000000000e+01
2.070000000000000000e+02,1.245932817459106445e+00,2.960311200401868703e+01,9.300000000000000000e+01
2.080000000000000000e+02,1.258693933486938477e+00,2.960311200401868703e+01,6.700000000000000000e+01
2.090000000000000000e+02,1.262328863143920898e+00,2.960311200401868703e+01,9.400000000000000000e+01
2.100000000000000000e+02,1.266227006912231445e+00,2.960311200401868703e+01,6.800000000000000000e+01
2.110000000000000000e+02,1.275748014450073242e+00,2.960311200401868703e+01,9.500000000000000000e+01
2.120000000000000000e+02,1.293239831924438477e+00,2.960311200401868703e+01,6.900000000000000000e+01
2.130000000000000000e+02,1.314476966857910156e+00,2.960311200401868703e+01,9.600000000000000000e+01
2.140000000000000000e+02,1.316033840179443359e+00,2.960311200401868703e+01,6.900000000000000000e+01
2.150000000000000000e+02,1.320471048355102539e+00,2.960311200401868703e+01,9.700000000000000000e+01
2.160000000000000000e+02,1.327229022979736328e+00,2.960311200401868703e+01,7.000000000000000000e+01
2.170000000000000000e+02,1.355733871459960938e+00,2.960311200401868703e+01,9.800000000000000000e+01
2.180000000000000000e+02,1.357200860977172852e+00,2.960311200401868703e+01,7.000000000000000000e+01
2.190000000000000000e+02,1.362004995346069336e+00,2.960311200401868703e+01,9.900000000000000000e+01
2.200000000000000000e+02,1.375550985336303711e+00,2.960311200401868703e+01,7.100000000000000000e+01
2.210000000000000000e+02,1.398408889770507812e+00,2.960311200401868703e+01,1.000000000000000000e+02
2.220000000000000000e+02,1.399339914321899414e+00,2.960311200401868703e+01,7.100000000000000000e+01
2.230000000000000000e+02,1.416697025299072266e+00,2.960311200401868703e+01,1.010000000000000000e+02
2.240000000000000000e+02,1.418424844741821289e+00,2.960311200401868703e+01,7.100000000000000000e+01
2.250000000000000000e+02,1.439288854598999023e+00,2.960311200401868703e+01,1.020000000000000000e+02
2.260000000000000000e+02,1.441488981246948242e+00,2.960311200401868703e+01,7.100000000000000000e+01
2.270000000000000000e+02,1.446228981018066406e+00,2.960311200401868703e+01,1.030000000000000000e+02
2.280000000000000000e+02,1.447078943252563477e+00,2.960311200401868703e+01,7.100000000000000000e+01
2.290000000000000000e+02,1.464516878128051758e+00,2.960311200401868703e+01,1.040000000000000000e+02
2.300000000000000000e+02,1.468608856201171875e+00,2.960311200401868703e+01,7.100000000000000000e+01
2.310000000000000000e+02,1.489109992980957031e+00,2.960311200401868703e+01,1.050000000000000000e+02
2.320000000000000000e+02,1.494257926940917969e+00,2.960311200401868703e+01,7.200000000000000000e+01
2.330000000000000000e+02,1.506849050521850586e+00,2.960311200401868703e+01,1.060000000000000000e+02
2.340000000000000000e+02,1.510478973388671875e+00,2.882045572072709660e+01,7.300000000000000000e+01
2.350000000000000000e+02,1.523924827575683594e+00,2.882045572072709660e+01,1.050000000000000000e+02
2.360000000000000000e+02,1.525611877441406250e+00,2.882045572072709660e+01,7.200000000000000000e+01
2.370000000000000000e+02,1.556035995483398438e+00,2.882045572072709660e+01,1.060000000000000000e+02
2.380000000000000000e+02,1.570462942123413086e+00,2.882045572072709660e+01,7.300000000000000000e+01
2.390000000000000000e+02,1.577083826065063477e+00,2.882045572072709660e+01,1.070000000000000000e+02
2.400000000000000000e+02,1.578161954879760742e+00,2.882045572072709660e+01,7.300000000000000000e+01
2.410000000000000000e+02,1.589368820190429688e+00,2.882045572072709660e+01,1.080000000000000000e+02
2.420000000000000000e+02,1.591205835342407227e+00,2.882045572072709660e+01,7.300000000000000000e+01
2.430000000000000000e+02,1.606487989425659180e+00,2.882045572072709660e+01,1.090000000000000000e+02
2.440000000000000000e+02,1.608481884002685547e+00,2.882045572072709660e+01,7.300000000000000000e+01
2.450000000000000000e+02,1.610493898391723633e+00,2.882045572072709660e+01,1.090000000000000000e+02
2.460000000000000000e+02,1.630763053894042969e+00,2.882045572072709660e+01,7.400000000000000000e+01
2.470000000000000000e+02,1.639062881469726562e+00,2.882045572072709660e+01,1.100000000000000000e+02
2.480000000000000000e+02,1.640492916107177734e+00,2.882045572072709660e+01,7.400000000000000000e+01
2.490000000000000000e+02,1.646270990371704102e+00,2.882045572072709660e+01,1.110000000000000000e+02
2.500000000000000000e+02,1.667259931564331055e+00,2.882045572072709660e+01,7.500000000000000000e+01
2.510000000000000000e+02,1.680397033691406250e+00,2.882045572072709660e+01,1.120000000000000000e+02
2.520000000000000000e+02,1.688084840774536133e+00,2.882045572072709660e+01,7.600000000000000000e+01
2.530000000000000000e+02,1.707481861114501953e+00,2.882045572072709660e+01,1.130000000000000000e+02
2.540000000000000000e+02,1.709383010864257812e+00,2.882045572072709660e+01,7.600000000000000000e+01
2.550000000000000000e+02,1.713735818862915039e+00,2.882045572072709660e+01,1.140000000000000000e+02
2.560000000000000000e+02,1.718595981597900391e+00,2.882045572072709660e+01,7.700000000000000000e+01
2.570000000000000000e+02,1.737092018127441406e+00,2.882045572072709660e+01,1.150000000000000000e+02
2.580000000000000000e+02,1.742745876312255859e+00,2.882045572072709660e+01,7.800000000000000000e+01
2.590000000000000000e+02,1.762447834014892578e+00,2.882045572072709660e+01,1.160000000000000000e+02
2.600000000000000000e+02,1.784165859222412109e+00,2.882045572072709660e+01,7.900000000000000000e+01
2.610000000000000000e+02,1.796689987182617188e+00,2.882045572072709660e+01,1.170000000000000000e+02
2.620000000000000000e+02,1.802348852157592773e+00,2.882045572072709660e+01,8.000000000000000000e+01
2.630000000000000000e+02,1.835571050643920898e+00,2.882045572072709660e+01,1.180000000000000000e+02
2.640000000000000000e+02,1.839869976043701172e+00,2.882045572072709660e+01,8.100000000000000000e+01
2.650000000000000000e+02,1.879325866699218750e+00,2.882045572072709660e+01,1.190000000000000000e+02
2.660000000000000000e+02,1.902037858963012695e+00,2.882045572072709660e+01,8.200000000000000000e+01
2.670000000000000000e+02,1.907614946365356445e+00,2.882045572072709660e+01,1.200000000000000000e+02
2.680000000000000000e+02,1.910558938980102539e+00,2.882045572072709660e+01,8.200000000000000000e+01
2.690000000000000000e+02,1.946316003799438477e+00,2.882045572072709660e+01,1.210000000000000000e+02
2.700000000000000000e+02,1.965598821640014648e+00,2.882045572072709660e+01,8.300000000000000000e+01
2.710000000000000000e+02,1.968042850494384766e+00,2.882045572072709660e+01,1.210000000000000000e+02
2.720000000000000000e+02,1.972401857376098633e+00,2.882045572072709660e+01,8.300000000000000000e+01
2.730000000000000000e+02,1.974818944931030273e+00,2.882045572072709660e+01,1.210000000000000000e+02
2.740000000000000000e+02,1.976289987564086914e+00,2.882045572072709660e+01,8.300000000000000000e+01
2.750000000000000000e+02,2.002254009246826172e+00,2.882045572072709660e+01,1.220000000000000000e+02
2.760000000000000000e+02,2.003923892974853516e+00,2.882045572072709660e+01,8.300000000000000000e+01
2.770000000000000000e+02,2.028023004531860352e+00,2.882045572072709660e+01,1.230000000000000000e+02
2.780000000000000000e+02,2.050160884857177734e+00,2.882045572072709660e+01,8.400000000000000000e+01
2.790000000000000000e+02,2.062783956527709961e+00,2.882045572072709660e+01,1.240000000000000000e+02
2.800000000000000000e+02,2.077358007431030273e+00,2.882045572072709660e+01,8.500000000000000000e+01
2.810000000000000000e+02,2.097017049789428711e+00,2.882045572072709660e+01,1.250000000000000000e+02
2.820000000000000000e+02,2.098916053771972656e+00,2.882045572072709660e+01,8.500000000000000000e+01
2.830000000000000000e+02,2.129931926727294922e+00,2.882045572072709660e+01,1.260000000000000000e+02
2.840000000000000000e+02,2.143190860748291016e+00,2.882045572072709660e+01,8.600000000000000000e+01
2.850000000000000000e+02,2.177368879318237305e+00,2.882045572072709660e+01,1.270000000000000000e+02
2.860000000000000000e+02,2.194594860076904297e+00,2.882045572072709660e+01,8.700000000000000000e+01
2.870000000000000000e+02,2.206811904907226562e+00,2.882045572072709660e+01,1.280000000000000000e+02
2.880000000000000000e+02,2.231998920440673828e+00,2.882045572072709660e+01,8.800000000000000000e+01
2.890000000000000000e+02,2.238184928894042969e+00,2.882045572072709660e+01,1.290000000000000000e+02
2.900000000000000000e+02,2.242710828781127930e+00,2.882045572072709660e+01,8.900000000000000000e+01
2.910000000000000000e+02,2.246533870697021484e+00,2.882045572072709660e+01,1.300000000000000000e+02
2.920000000000000000e+02,2.248497009277343750e+00,2.882045572072709660e+01,8.900000000000000000e+01
2.930000000000000000e+02,2.274152040481567383e+00,2.882045572072709660e+01,1.310000000000000000e+02
2.940000000000000000e+02,2.275122880935668945e+00,2.882045572072709660e+01,8.900000000000000000e+01
2.950000000000000000e+02,2.280340909957885742e+00,2.882045572072709660e+01,1.320000000000000000e+02
2.960000000000000000e+02,2.286607980728149414e+00,2.882045572072709660e+01,9.000000000000000000e+01
2.970000000000000000e+02,2.308073043823242188e+00,2.882045572072709660e+01,1.330000000000000000e+02
2.980000000000000000e+02,2.312299966812133789e+00,2.882045572072709660e+01,9.100000000000000000e+01
2.990000000000000000e+02,2.343667984008789062e+00,2.882045572072709660e+01,1.340000000000000000e+02
3.000000000000000000e+02,2.345646858215332031e+00,2.882045572072709660e+01,9.100000000000000000e+01
3.010000000000000000e+02,2.355350971221923828e+00,2.882045572072709660e+01,1.350000000000000000e+02
3.020000000000000000e+02,2.368919849395751953e+00,2.882045572072709660e+01,9.200000000000000000e+01
3.030000000000000000e+02,2.395388841629028320e+00,2.882045572072709660e+01,1.360000000000000000e+02
3.040000000000000000e+02,2.414314985275268555e+00,2.882045572072709660e+01,9.300000000000000000e+01
3.050000000000000000e+02,2.431090831756591797e+00,2.882045572072709660e+01,1.370000000000000000e+02
3.060000000000000000e+02,2.445583820343017578e+00,2.882045572072709660e+01,9.400000000000000000e+01
3.070000000000000000e+02,2.447854042053222656e+00,2.882045572072709660e+01,1.370000000000000000e+02
3.080000000000000000e+02,2.448830842971801758e+00,2.882045572072709660e+01,9.400000000000000000e+01
3.090000000000000000e+02,2.487479925155639648e+00,2.882045572072709660e+01,1.380000000000000000e+02
3.100000000000000000e+02,2.492120981216430664e+00,2.882045572072709660e+01,9.400000000000000000e+01
3.110000000000000000e+02,2.509426832199096680e+00,2.882045572072709660e+01,1.390000000000000000e+02
3.120000000000000000e+02,2.516602993011474609e+00,2.882045572072709660e+01,9.500000000000000000e+01
3.130000000000000000e+02,2.518869876861572266e+00,2.882045572072709660e+01,1.390000000000000000e+02
3.140000000000000000e+02,2.520895004272460938e+00,2.882045572072709660e+01,9.500000000000000000e+01
3.150000000000000000e+02,2.529253959655761719e+00,2.882045572072709660e+01,1.400000000000000000e+02
3.160000000000000000e+02,2.547499895095825195e+00,2.882045572072709660e+01,9.600000000000000000e+01
3.170000000000000000e+02,2.556653976440429688e+00,2.882045572072709660e+01,1.410000000000000000e+02
3.180000000000000000e+02,2.561581850051879883e+00,2.882045572072709660e+01,9.700000000000000000e+01
3.190000000000000000e+02,2.592157840728759766e+00,2.882045572072709660e+01,1.420000000000000000e+02
3.200000000000000000e+02,2.598726034164428711e+00,2.882045572072709660e+01,9.800000000000000000e+01
3.210000000000000000e+02,2.636350870132446289e+00,2.882045572072709660e+01,1.430000000000000000e+02
3.220000000000000000e+02,2.647495985031127930e+00,2.882045572072709660e+01,9.900000000000000000e+01
3.230000000000000000e+02,2.653725862503051758e+00,2.882045572072709660e+01,1.440000000000000000e+02
3.240000000000000000e+02,2.655553817749023438e+00,2.882045572072709660e+01,9.900000000000000000e+01
3.250000000000000000e+02,2.687335014343261719e+00,2.882045572072709660e+01,1.450000000000000000e+02
3.260000000000000000e+02,2.689085960388183594e+00,2.882045572072709660e+01,9.900000000000000000e+01
3.270000000000000000e+02,2.715358018875122070e+00,2.882045572072709660e+01,1.460000000000000000e+02
3.280000000000000000e+02,2.717201948165893555e+00,2.882045572072709660e+01,9.900000000000000000e+01
3.290000000000000000e+02,2.739233016967773438e+00,2.882045572072709660e+01,1.470000000000000000e+02
3.300000000000000000e+02,2.747189044952392578e+00,2.882045572072709660e+01,1.000000000000000000e+02
3.310000000000000000e+02,2.755198955535888672e+00,2.882045572072709660e+01,1.480000000000000000e+02
3.320000000000000000e+02,2.771495819091796875e+00,2.882045572072709660e+01,1.010000000000000000e+02
3.330000000000000000e+02,2.782799005508422852e+00,2.882045572072709660e+01,1.490000000000000000e+02
3.340000000000000000e+02,2.801717996597290039e+00,2.882045572072709660e+01,1.020000000000000000e+02
3.350000000000000000e+02,2.811728954315185547e+00,2.882045572072709660e+01,1.500000000000000000e+02
3.360000000000000000e+02,2.816781044006347656e+00,2.882045572072709660e+01,1.020000000000000000e+02
3.370000000000000000e+02,2.821267843246459961e+00,2.882045572072709660e+01,1.510000000000000000e+02
3.380000000000000000e+02,2.823490858078002930e+00,2.882045572072709660e+01,1.020000000000000000e+02
3.390000000000000000e+02,2.824661970138549805e+00,2.882045572072709660e+01,1.510000000000000000e+02
3.400000000000000000e+02,2.826812028884887695e+00,2.882045572072709660e+01,1.020000000000000000e+02
3.410000000000000000e+02,2.847041845321655273e+00,2.882045572072709660e+01,1.520000000000000000e+02
3.420000000000000000e+02,2.866657972335815430e+00,2.882045572072709660e+01,1.030000000000000000e+02
3.430000000000000000e+02,2.898219823837280273e+00,2.882045572072709660e+01,1.530000000000000000e+02
3.440000000000000000e+02,2.918359994888305664e+00,2.882045572072709660e+01,1.040000000000000000e+02
3.450000000000000000e+02,2.924705028533935547e+00,2.882045572072709660e+01,1.540000000000000000e+02
3.460000000000000000e+02,2.926616907119750977e+00,2.882045572072709660e+01,1.040000000000000000e+02
3.470000000000000000e+02,2.967627048492431641e+00,2.882045572072709660e+01,1.550000000000000000e+02
3.480000000000000000e+02,2.969493865966796875e+00,2.882045572072709660e+01,1.040000000000000000e+02
3.490000000000000000e+02,2.978585004806518555e+00,2.882045572072709660e+01,1.560000000000000000e+02
3.500000000000000000e+02,2.979632854461669922e+00,2.882045572072709660e+01,1.040000000000000000e+02
3.510000000000000000e+02,2.991137981414794922e+00,2.882045572072709660e+01,1.570000000000000000e+02
3.520000000000000000e+02,2.993221044540405273e+00,2.882045572072709660e+01,1.040000000000000000e+02
3.530000000000000000e+02,3.013097047805786133e+00,2.882045572072709660e+01,1.580000000000000000e+02
3.540000000000000000e+02,3.016546964645385742e+00,2.882045572072709660e+01,1.040000000000000000e+02
3.550000000000000000e+02,3.028272867202758789e+00,2.882045572072709660e+01,1.590000000000000000e+02
3.560000000000000000e+02,3.049324035644531250e+00,2.882045572072709660e+01,1.050000000000000000e+02
3.570000000000000000e+02,3.060046911239624023e+00,2.882045572072709660e+01,1.600000000000000000e+02
3.580000000000000000e+02,3.073133945465087891e+00,2.882045572072709660e+01,1.060000000000000000e+02
3.590000000000000000e+02,3.099184036254882812e+00,2.882045572072709660e+01,1.610000000000000000e+02
3.600000000000000000e+02,3.132289886474609375e+00,2.882045572072709660e+01,1.070000000000000000e+02
3.610000000000000000e+02,3.144934892654418945e+00,2.882045572072709660e+01,1.620000000000000000e+02
3.620000000000000000e+02,3.146934032440185547e+00,2.882045572072709660e+01,1.070000000000000000e+02
3.630000000000000000e+02,3.185979843139648438e+00,2.882045572072709660e+01,1.630000000000000000e+02
3.640000000000000000e+02,3.188961029052734375e+00,2.882045572072709660e+01,1.070000000000000000e+02
3.650000000000000000e+02,3.199096918106079102e+00,2.882045572072709660e+01,1.640000000000000000e+02
3.660000000000000000e+02,3.206547975540161133e+00,2.882045572072709660e+01,1.080000000000000000e+02
3.670000000000000000e+02,3.211961984634399414e+00,2.882045572072709660e+01,1.650000000000000000e+02
3.680000000000000000e+02,3.238703966140747070e+00,2.882045572072709660e+01,1.090000000000000000e+02
3.690000000000000000e+02,3.243341922760009766e+00,2.882045572072709660e+01,1.660000000000000000e+02
3.700000000000000000e+02,3.263586044311523438e+00,2.882045572072709660e+01,1.100000000000000000e+02
3.710000000000000000e+02,3.271898031234741211e+00,2.882045572072709660e+01,1.670000000000000000e+02
3.720000000000000000e+02,3.274018049240112305e+00,2.882045572072709660e+01,1.100000000000000000e+02
3.730000000000000000e+02,3.304394960403442383e+00,2.882045572072709660e+01,1.680000000000000000e+02
3.740000000000000000e+02,3.311123847961425781e+00,2.882045572072709660e+01,1.110000000000000000e+02
3.750000000000000000e+02,3.313681840896606445e+00,2.882045572072709660e+01,1.680000000000000000e+02
3.760000000000000000e+02,3.341357946395874023e+00,2.882045572072709660e+01,1.120000000000000000e+02
3.770000000000000000e+02,3.385869026184082031e+00,2.882045572072709660e+01,1.690000000000000000e+02
3.780000000000000000e+02,3.415345907211303711e+00,2.882045572072709660e+01,1.130000000000000000e+02
3.790000000000000000e+02,3.455211877822875977e+00,2.882045572072709660e+01,1.700000000000000000e+02
3.800000000000000000e+02,3.462393045425415039e+00,2.882045572072709660e+01,1.140000000000000000e+02
3.810000000000000000e+02,3.497614860534667969e+00,2.882045572072709660e+01,1.710000000000000000e+02
3.820000000000000000e+02,3.499809026718139648e+00,2.882045572072709660e+01,1.140000000000000000e+02
3.830000000000000000e+02,3.511842012405395508e+00,2.882045572072709660e+01,1.720000000000000000e+02
3.840000000000000000e+02,3.516614913940429688e+00,2.882045572072709660e+01,1.150000000000000000e+02
3.850000000000000000e+02,3.549293041229248047e+00,2.882045572072709660e+01,1.730000000000000000e+02
3.860000000000000000e+02,3.569077014923095703e+00,2.882045572072709660e+01,1.160000000000000000e+02
3.870000000000000000e+02,3.597654819488525391e+00,2.882045572072709660e+01,1.740000000000000000e+02
3.880000000000000000e+02,3.599886894226074219e+00,2.882045572072709660e+01,1.160000000000000000e+02
3.890000000000000000e+02,3.630513906478881836e+00,2.882045572072709660e+01,1.750000000000000000e+02
3.900000000000000000e+02,3.657771825790405273e+00,2.882045572072709660e+01,1.170000000000000000e+02
3.910000000000000000e+02,3.694651842117309570e+00,2.882045572072709660e+01,1.760000000000000000e+02
3.920000000000000000e+02,3.706876993179321289e+00,2.882045572072709660e+01,1.180000000000000000e+02
3.930000000000000000e+02,3.738004922866821289e+00,2.882045572072709660e+01,1.770000000000000000e+02
3.940000000000000000e+02,3.740023851394653320e+00,2.882045572072709660e+01,1.180000000000000000e+02
3.950000000000000000e+02,3.758004903793334961e+00,2.882045572072709660e+01,1.780000000000000000e+02
3.960000000000000000e+02,3.761590957641601562e+00,2.882045572072709660e+01,1.180000000000000000e+02
3.970000000000000000e+02,3.793129920959472656e+00,2.882045572072709660e+01,1.790000000000000000e+02
3.980000000000000000e+02,3.795459032058715820e+00,2.882045572072709660e+01,1.180000000000000000e+02
3.990000000000000000e+02,3.815394878387451172e+00,2.882045572072709660e+01,1.800000000000000000e+02
4.000000000000000000e+02,3.817385911941528320e+00,2.882045572072709660e+01,1.180000000000000000e+02
4.010000000000000000e+02,3.825255870819091797e+00,2.882045572072709660e+01,1.810000000000000000e+02
4.020000000000000000e+02,3.827348947525024414e+00,2.882045572072709660e+01,1.180000000000000000e+02
4.030000000000000000e+02,3.835671901702880859e+00,2.882045572072709660e+01,1.820000000000000000e+02
4.040000000000000000e+02,3.855101823806762695e+00,2.882045572072709660e+01,1.190000000000000000e+02
4.050000000000000000e+02,3.871773958206176758e+00,2.882045572072709660e+01,1.830000000000000000e+02
4.060000000000000000e+02,3.878922939300537109e+00,2.882045572072709660e+01,1.200000000000000000e+02
4.070000000000000000e+02,3.898726940155029297e+00,2.882045572072709660e+01,1.840000000000000000e+02
4.080000000000000000e+02,3.921738862991333008e+00,2.882045572072709660e+01,1.210000000000000000e+02
4.090000000000000000e+02,3.930781841278076172e+00,2.882045572072709660e+01,1.850000000000000000e+02
4.100000000000000000e+02,3.939275979995727539e+00,2.882045572072709660e+01,1.220000000000000000e+02
4.110000000000000000e+02,3.978127002716064453e+00,2.882045572072709660e+01,1.860000000000000000e+02
4.120000000000000000e+02,3.996778964996337891e+00,2.882045572072709660e+01,1.230000000000000000e+02
4.130000000000000000e+02,4.037612915039062500e+00,2.882045572072709660e+01,1.870000000000000000e+02
4.140000000000000000e+02,4.056722879409790039e+00,2.882045572072709660e+01,1.240000000000000000e+02
4.150000000000000000e+02,4.093158006668090820e+00,2.882045572072709660e+01,1.880000000000000000e+02
4.160000000000000000e+02,4.108752965927124023e+00,2.882045572072709660e+01,1.250000000000000000e+02
4.170000000000000000e+02,4.134121894836425781e+00,2.882045572072709660e+01,1.890000000000000000e+02
4.180000000000000000e+02,4.152710914611816406e+00,2.882045572072709660e+01,1.260000000000000000e+02
4.190000000000000000e+02,4.180165052413940430e+00,2.882045572072709660e+01,1.900000000000000000e+02
4.200000000000000000e+02,4.202507019042968750e+00,2.882045572072709660e+01,1.270000000000000000e+02
4.210000000000000000e+02,4.256456851959228516e+00,2.882045572072709660e+01,1.910000000000000000e+02
4.220000000000000000e+02,4.281533956527709961e+00,2.882045572072709660e+01,1.280000000000000000e+02
4.230000000000000000e+02,4.285881996154785156e+00,2.882045572072709660e+01,1.920000000000000000e+02
4.240000000000000000e+02,4.292203903198242188e+00,2.882045572072709660e+01,1.290000000000000000e+02
4.250000000000000000e+02,4.299737930297851562e+00,2.882045572072709660e+01,1.930000000000000000e+02
4.260000000000000000e+02,4.301838874816894531e+00,2.882045572072709660e+01,1.290000000000000000e+02
4.270000000000000000e+02,4.323027849197387695e+00,2.882045572072709660e+01,1.940000000000000000e+02
4.280000000000000000e+02,4.325522899627685547e+00,2.882045572072709660e+01,1.290000000000000000e+02
4.290000000000000000e+02,4.342681884765625000e+00,2.882045572072709660e+01,1.950000000000000000e+02
4.300000000000000000e+02,4.345118045806884766e+00,2.882045572072709660e+01,1.290000000000000000e+02
4.310000000000000000e+02,4.388461828231811523e+00,2.882045572072709660e+01,1.960000000000000000e+02
4.320000000000000000e+02,4.410692930221557617e+00,2.882045572072709660e+01,1.300000000000000000e+02
4.330000000000000000e+02,4.421664953231811523e+00,2.882045572072709660e+01,1.970000000000000000e+02
4.340000000000000000e+02,4.459992885589599609e+00,2.882045572072709660e+01,1.310000000000000000e+02
4.350000000000000000e+02,4.492895841598510742e+00,2.882045572072709660e+01,1.980000000000000000e+02
4.360000000000000000e+02,4.526540040969848633e+00,2.882045572072709660e+01,1.320000000000000000e+02
4.370000000000000000e+02,4.532258987426757812e+00,2.882045572072709660e+01,1.990000000000000000e+02
4.380000000000000000e+02,4.534998893737792969e+00,2.882045572072709660e+01,1.320000000000000000e+02
4.390000000000000000e+02,4.583423852920532227e+00,2.882045572072709660e+01,2.000000000000000000e+02
4.400000000000000000e+02,4.599087953567504883e+00,2.882045572072709660e+01,1.330000000000000000e+02
4.410000000000000000e+02,4.622314929962158203e+00,2.882045572072709660e+01,2.010000000000000000e+02
4.420000000000000000e+02,4.644578933715820312e+00,2.882045572072709660e+01,1.340000000000000000e+02
4.430000000000000000e+02,4.652284860610961914e+00,2.882045572072709660e+01,2.020000000000000000e+02
4.440000000000000000e+02,4.654594898223876953e+00,2.882045572072709660e+01,1.340000000000000000e+02
4.450000000000000000e+02,4.708573818206787109e+00,2.882045572072709660e+01,2.030000000000000000e+02
4.460000000000000000e+02,4.710978984832763672e+00,2.882045572072709660e+01,1.340000000000000000e+02
4.470000000000000000e+02,4.716459989547729492e+00,2.882045572072709660e+01,2.040000000000000000e+02
4.480000000000000000e+02,4.718955993652343750e+00,2.882045572072709660e+01,1.340000000000000000e+02
4.490000000000000000e+02,4.772905826568603516e+00,2.882045572072709660e+01,2.050000000000000000e+02
4.500000000000000000e+02,4.775710821151733398e+00,2.882045572072709660e+01,1.340000000000000000e+02
4.510000000000000000e+02,4.820518016815185547e+00,2.882045572072709660e+01,2.060000000000000000e+02
4.520000000000000000e+02,4.822962999343872070e+00,2.882045572072709660e+01,1.340000000000000000e+02
4.530000000000000000e+02,4.824429988861083984e+00,2.882045572072709660e+01,2.060000000000000000e+02
4.540000000000000000e+02,4.858777999877929688e+00,2.882045572072709660e+01,1.350000000000000000e+02
4.550000000000000000e+02,4.915415048599243164e+00,2.882045572072709660e+01,2.070000000000000000e+02
4.560000000000000000e+02,4.950203895568847656e+00,2.882045572072709660e+01,1.360000000000000000e+02
4.570000000000000000e+02,4.974094867706298828e+00,2.882045572072709660e+01,2.080000000000000000e+02
4.580000000000000000e+02,4.989745855331420898e+00,2.882045572072709660e+01,1.370000000000000000e+02
4.590000000000000000e+02,4.999567985534667969e+00,2.882045572072709660e+01,2.090000000000000000e+02
4.600000000000000000e+02,5.002009868621826172e+00,2.882045572072709660e+01,1.370000000000000000e+02
4.610000000000000000e+02,5.039218902587890625e+00,2.882045572072709660e+01,2.100000000000000000e+02
4.620000000000000000e+02,5.061600923538208008e+00,2.882045572072709660e+01,1.380000000000000000e+02
4.630000000000000000e+02,5.083632946014404297e+00,2.882045572072709660e+01,2.110000000000000000e+02
4.640000000000000000e+02,5.092514991760253906e+00,2.882045572072709660e+01,1.380000000000000000e+02
4.650000000000000000e+02,5.103910923004150391e+00,2.882045572072709660e+01,2.120000000000000000e+02
4.660000000000000000e+02,5.110277891159057617e+00,2.882045572072709660e+01,1.390000000000000000e+02
4.670000000000000000e+02,5.113646984100341797e+00,2.882045572072709660e+01,2.120000000000000000e+02
4.680000000000000000e+02,5.128319025039672852e+00,2.882045572072709660e+01,1.400000000000000000e+02
4.690000000000000000e+02,5.164382934570312500e+00,2.882045572072709660e+01,2.130000000000000000e+02
4.700000000000000000e+02,5.196794986724853516e+00,2.882045572072709660e+01,1.410000000000000000e+02
4.710000000000000000e+02,5.199923038482666016e+00,2.882045572072709660e+01,2.130000000000000000e+02
4.720000000000000000e+02,5.218592882156372070e+00,2.882045572072709660e+01,1.420000000000000000e+02
4.730000000000000000e+02,5.279427051544189453e+00,2.882045572072709660e+01,2.140000000000000000e+02
4.740000000000000000e+02,5.282681941986083984e+00,2.882045572072709660e+01,1.420000000000000000e+02
4.750000000000000000e+02,5.295115947723388672e+00,2.882045572072709660e+01,2.150000000000000000e+02
4.760000000000000000e+02,5.299650907516479492e+00,2.819068416166100377e+01,1.430000000000000000e+02
4.770000000000000000e+02,5.341408967971801758e+00,2.819068416166100377e+01,2.090000000000000000e+02
4.780000000000000000e+02,5.342520952224731445e+00,2.819068416166100377e+01,1.380000000000000000e+02
4.790000000000000000e+02,5.378345966339111328e+00,2.819068416166100377e+01,2.100000000000000000e+02
4.800000000000000000e+02,5.389806032180786133e+00,2.819068416166100377e+01,1.390000000000000000e+02
4.810000000000000000e+02,5.409561872482299805e+00,2.819068416166100377e+01,2.110000000000000000e+02
4.820000000000000000e+02,5.410620927810668945e+00,2.819068416166100377e+01,1.390000000000000000e+02
4.830000000000000000e+02,5.448835849761962891e+00,2.819068416166100377e+01,2.120000000000000000e+02
4.840000000000000000e+02,5.483774900436401367e+00,2.819068416166100377e+01,1.400000000000000000e+02
4.850000000000000000e+02,5.501529932022094727e+00,2.819068416166100377e+01,2.130000000000000000e+02
4.860000000000000000e+02,5.506960868835449219e+00,2.819068416166100377e+01,1.410000000000000000e+02
4.870000000000000000e+02,5.552786827087402344e+00,2.819068416166100377e+01,2.140000000000000000e+02
4.880000000000000000e+02,5.564486026763916016e+00,2.819068416166100377e+01,1.420000000000000000e+02
4.890000000000000000e+02,5.620074987411499023e+00,2.819068416166100377e+01,2.150000000000000000e+02
4.900000000000000000e+02,5.627881050109863281e+00,2.819068416166100377e+01,1.430000000000000000e+02
4.910000000000000000e+02,5.635047912597656250e+00,2.819068416166100377e+01,2.160000000000000000e+02
4.920000000000000000e+02,5.674906015396118164e+00,2.819068416166100377e+01,1.440000000000000000e+02
4.930000000000000000e+02,5.676326036453247070e+00,2.819068416166100377e+01,2.160000000000000000e+02
4.940000000000000000e+02,5.678700923919677734e+00,2.819068416166100377e+01,1.440000000000000000e+02
4.950000000000000000e+02,5.687052965164184570e+00,2.819068416166100377e+01,2.170000000000000000e+02
4.960000000000000000e+02,5.711117029190063477e+00,2.819068416166100377e+01,1.450000000000000000e+02
4.970000000000000000e+02,5.732036828994750977e+00,2.819068416166100377e+01,2.180000000000000000e+02
4.980000000000000000e+02,5.733120918273925781e+00,2.819068416166100377e+01,1.450000000000000000e+02
4.990000000000000000e+02,5.739302873611450195e+00,2.819068416166100377e+01,2.190000000000000000e+02
