0.000000000000000000e+00,1.935005187988281250e-03,0.000000000000000000e+00,2.000000000000000000e+00
1.000000000000000000e+00,3.558874130249023438e-03,0.000000000000000000e+00,2.000000000000000000e+00
2.000000000000000000e+00,6.068944931030273438e-03,0.000000000000000000e+00,3.000000000000000000e+00
3.000000000000000000e+00,8.028984069824218750e-03,0.000000000000000000e+00,3.000000000000000000e+00
4.000000000000000000e+00,1.040387153625488281e-02,0.000000000000000000e+00,4.000000000000000000e+00
5.000000000000000000e+00,1.258182525634765625e-02,0.000000000000000000e+00,4.000000000000000000e+00
6.000000000000000000e+00,1.529884338378906250e-02,0.000000000000000000e+00,5.000000000000000000e+00
7.000000000000000000e+00,1.731991767883300781e-02,0.000000000000000000e+00,5.000000000000000000e+00
8.000000000000000000e+00,1.977491378784179688e-02,0.000000000000000000e+00,6.000000000000000000e+00
9.000000000000000000e+00,2.244186401367187500e-02,0.000000000000000000e+00,6.000000000000000000e+00
1.000000000000000000e+01,2.326893806457519531e-02,0.000000000000000000e+00,6.000000000000000000e+00
1.100000000000000000e+01,2.539300918579101562e-02,0.000000000000000000e+00,7.000000000000000000e+00
1.200000000000000000e+01,2.793288230895996094e-02,0.000000000000000000e+00,7.000000000000000000e+00
1.300000000000000000e+01,3.045392036437988281e-02,0.000000000000000000e+00,8.000000000000000000e+00
1.400000000000000000e+01,3.378582000732421875e-02,0.000000000000000000e+00,8.000000000000000000e+00
1.500000000000000000e+01,3.583002090454101562e-02,0.000000000000000000e+00,9.000000000000000000e+00
1.600000000000000000e+01,3.838491439819335938e-02,3.413055156882695229e+01,9.000000000000000000e+00
1.700000000000000000e+01,4.029083251953125000e-02,3.413055156882695229e+01,1.000000000000000000e+01
1.800000000000000000e+01,4.122281074523925781e-02,3.413055156882695229e+01,7.000000000000000000e+00
1.900000000000000000e+01,4.587197303771972656e-02,3.413055156882695229e+01,1.100000000000000000e+01
2.000000000000000000e+01,4.861593246459960938e-02,3.082319063575265972e+01,8.000000000000000000e+00
2.100000000000000000e+01,5.145502090454101562e-02,3.082319063575265972e+01,1.200000000000000000e+01
2.200000000000000000e+01,5.299997329711914062e-02,3.082319063575265972e+01,7.000000000000000000e+00
2.300000000000000000e+01,5.515885353088378906e-02,3.082319063575265972e+01,1.300000000000000000e+01
2.400000000000000000e+01,5.574488639831542969e-02,3.082319063575265972e+01,7.000000000000000000e+00
2.500000000000000000e+01,6.036686897277832031e-02,3.082319063575265972e+01,1.400000000000000000e+01
2.600000000000000000e+01,6.335783004760742188e-02,2.700496857614776047e+01,8.000000000000000000e+00
2.700000000000000000e+01,6.531095504760742188e-02,2.591244792641040107e+01,1.500000000000000000e+01
2.800000000000000000e+01,6.585979461669921875e-02,2.591244792641040107e+01,5.000000000000000000e+00
2.900000000000000000e+01,6.736993789672851562e-02,2.591244792641040107e+01,1.500000000000000000e+01
3.000000000000000000e+01,7.012581825256347656e-02,2.591244792641040107e+01,6.000000000000000000e+00
3.100000000000000000e+01,7.136201858520507812e-02,2.591244792641040107e+01,1.500000000000000000e+01
3.200000000000000000e+01,7.472681999206542969e-02,2.591244792641040107e+01,7.000000000000000000e+00
3.300000000000000000e+01,7.632589340209960938e-02,2.591244792641040107e+01,1.600000000000000000e+01
3.400000000000000000e+01,7.711482048034667969e-02,2.591244792641040107e+01,7.000000000000000000e+00
3.500000000000000000e+01,7.878279685974121094e-02,2.281271184791118145e+01,1.700000000000000000e+01
3.600000000000000000e+01,7.924580574035644531e-02,2.281271184791118145e+01,3.000000000000000000e+00
3.700000000000000000e+01,8.523488044738769531e-02,2.281271184791118145e+01,1.800000000000000000e+01
3.800000000000000000e+01,8.670783042907714844e-02,2.281271184791118145e+01,4.000000000000000000e+00
3.900000000000000000e+01,8.744382858276367188e-02,2.281271184791118145e+01,1.800000000000000000e+01
4.000000000000000000e+01,8.808994293212890625e-02,2.281271184791118145e+01,4.000000000000000000e+00
4.100000000000000000e+01,9.356379508972167969e-02,2.281271184791118145e+01,1.900000000000000000e+01
4.200000000000000000e+01,9.431099891662597656e-02,2.281271184791118145e+01,4.000000000000000000e+00
4.300000000000000000e+01,9.860086441040039062e-02,2.281271184791118145e+01,2.000000000000000000e+01
4.400000000000000000e+01,9.917783737182617188e-02,2.281271184791118145e+01,4.000000000000000000e+00
4.500000000000000000e+01,1.018848419189453125e-01,2.281271184791118145e+01,2.100000000000000000e+01
4.600000000000000000e+01,1.023747920989990234e-01,2.281271184791118145e+01,4.000000000000000000e+00
4.700000000000000000e+01,1.051249504089355469e-01,2.281271184791118145e+01,2.200000000000000000e+01
4.800000000000000000e+01,1.058378219604492188e-01,2.281271184791118145e+01,4.000000000000000000e+00
4.900000000000000000e+01,1.100878715515136719e-01,2.281271184791118145e+01,2.300000000000000000e+01
5.000000000000000000e+01,1.105399131774902344e-01,2.281271184791118145e+01,4.000000000000000000e+00
5.100000000000000000e+01,1.154978275299072266e-01,2.281271184791118145e+01,2.400000000000000000e+01
5.200000000000000000e+01,1.160089969635009766e-01,2.281271184791118145e+01,4.000000000000000000e+00
5.300000000000000000e+01,1.212430000305175781e-01,2.281271184791118145e+01,2.500000000000000000e+01
5.400000000000000000e+01,1.232838630676269531e-01,2.281271184791118145e+01,5.000000000000000000e+00
5.500000000000000000e+01,1.245458126068115234e-01,2.281271184791118145e+01,2.500000000000000000e+01
5.600000000000000000e+01,1.250648498535156250e-01,2.281271184791118145e+01,5.000000000000000000e+00
5.700000000000000000e+01,1.277639865875244141e-01,2.281271184791118145e+01,2.600000000000000000e+01
5.800000000000000000e+01,1.283328533172607422e-01,2.281271184791118145e+01,5.000000000000000000e+00
5.900000000000000000e+01,1.290519237518310547e-01,2.281271184791118145e+01,2.600000000000000000e+01
6.000000000000000000e+01,1.296768188476562500e-01,2.281271184791118145e+01,5.000000000000000000e+00
6.100000000000000000e+01,1.336989402770996094e-01,2.281271184791118145e+01,2.700000000000000000e+01
6.200000000000000000e+01,1.345098018646240234e-01,2.281271184791118145e+01,5.000000000000000000e+00
6.300000000000000000e+01,1.417210102081298828e-01,2.281271184791118145e+01,2.800000000000000000e+01
6.400000000000000000e+01,1.423799991607666016e-01,2.281271184791118145e+01,5.000000000000000000e+00
6.500000000000000000e+01,1.496999263763427734e-01,2.281271184791118145e+01,2.900000000000000000e+01
6.600000000000000000e+01,1.503748893737792969e-01,2.281271184791118145e+01,5.000000000000000000e+00
6.700000000000000000e+01,1.524469852447509766e-01,2.281271184791118145e+01,3.000000000000000000e+01
6.800000000000000000e+01,1.533949375152587891e-01,2.281271184791118145e+01,5.000000000000000000e+00
6.900000000000000000e+01,1.613368988037109375e-01,2.281271184791118145e+01,3.100000000000000000e+01
7.000000000000000000e+01,1.618349552154541016e-01,2.281271184791118145e+01,5.000000000000000000e+00
7.100000000000000000e+01,1.626818180084228516e-01,2.281271184791118145e+01,3.100000000000000000e+01
7.200000000000000000e+01,1.631917953491210938e-01,2.281271184791118145e+01,5.000000000000000000e+00
7.300000000000000000e+01,1.703817844390869141e-01,2.281271184791118145e+01,3.200000000000000000e+01
7.400000000000000000e+01,1.711568832397460938e-01,2.281271184791118145e+01,5.000000000000000000e+00
7.500000000000000000e+01,1.744577884674072266e-01,2.281271184791118145e+01,3.300000000000000000e+01
7.600000000000000000e+01,1.750018596649169922e-01,2.281271184791118145e+01,5.000000000000000000e+00
7.700000000000000000e+01,1.768147945404052734e-01,2.281271184791118145e+01,3.300000000000000000e+01
7.800000000000000000e+01,1.773569583892822266e-01,2.281271184791118145e+01,5.000000000000000000e+00
7.900000000000000000e+01,1.834619045257568359e-01,2.281271184791118145e+01,3.400000000000000000e+01
8.000000000000000000e+01,1.839599609375000000e-01,2.281271184791118145e+01,5.000000000000000000e+00
8.100000000000000000e+01,1.946659088134765625e-01,2.281271184791118145e+01,3.500000000000000000e+01
8.200000000000000000e+01,1.952168941497802734e-01,2.281271184791118145e+01,5.000000000000000000e+00
8.300000000000000000e+01,2.066748142242431641e-01,2.281271184791118145e+01,3.600000000000000000e+01
8.400000000000000000e+01,2.073400020599365234e-01,2.281271184791118145e+01,5.000000000000000000e+00
8.500000000000000000e+01,2.128009796142578125e-01,2.281271184791118145e+01,3.700000000000000000e+01
8.600000000000000000e+01,2.133228778839111328e-01,2.281271184791118145e+01,5.000000000000000000e+00
8.700000000000000000e+01,2.191839218139648438e-01,2.281271184791118145e+01,3.800000000000000000e+01
8.800000000000000000e+01,2.213327884674072266e-01,2.281271184791118145e+01,6.000000000000000000e+00
8.900000000000000000e+01,2.277419567108154297e-01,2.281271184791118145e+01,3.900000000000000000e+01
9.000000000000000000e+01,2.283229827880859375e-01,2.281271184791118145e+01,6.000000000000000000e+00
9.100000000000000000e+01,2.312948703765869141e-01,2.281271184791118145e+01,4.000000000000000000e+01
9.200000000000000000e+01,2.317647933959960938e-01,2.281271184791118145e+01,6.000000000000000000e+00
9.300000000000000000e+01,2.388169765472412109e-01,2.281271184791118145e+01,4.100000000000000000e+01
9.400000000000000000e+01,2.395558357238769531e-01,2.281271184791118145e+01,6.000000000000000000e+00
9.500000000000000000e+01,2.491018772125244141e-01,2.281271184791118145e+01,4.200000000000000000e+01
9.600000000000000000e+01,2.497320175170898438e-01,2.281271184791118145e+01,6.000000000000000000e+00
9.700000000000000000e+01,2.513298988342285156e-01,2.281271184791118145e+01,4.200000000000000000e+01
9.800000000000000000e+01,2.518169879913330078e-01,2.281271184791118145e+01,6.000000000000000000e+00
9.900000000000000000e+01,2.545828819274902344e-01,2.281271184791118145e+01,4.300000000000000000e+01
1.000000000000000000e+02,2.551658153533935547e-01,2.281271184791118145e+01,6.000000000000000000e+00
1.010000000000000000e+02,2.560088634490966797e-01,2.281271184791118145e+01,4.300000000000000000e+01
1.020000000000000000e+02,2.566578388214111328e-01,2.281271184791118145e+01,6.000000000000000000e+00
1.030000000000000000e+02,2.588529586791992188e-01,2.281271184791118145e+01,4.400000000000000000e+01
1.040000000000000000e+02,2.594230175018310547e-01,2.281271184791118145e+01,6.000000000000000000e+00
1.050000000000000000e+02,2.684798240661621094e-01,2.281271184791118145e+01,4.500000000000000000e+01
1.060000000000000000e+02,2.692618370056152344e-01,2.281271184791118145e+01,6.000000000000000000e+00
1.070000000000000000e+02,2.740499973297119141e-01,2.281271184791118145e+01,4.600000000000000000e+01
1.080000000000000000e+02,2.746009826660156250e-01,2.281271184791118145e+01,6.000000000000000000e+00
1.090000000000000000e+02,2.757878303527832031e-01,2.281271184791118145e+01,4.600000000000000000e+01
1.100000000000000000e+02,2.765228748321533203e-01,2.281271184791118145e+01,6.000000000000000000e+00
1.110000000000000000e+02,2.788908481597900391e-01,2.281271184791118145e+01,4.700000000000000000e+01
1.120000000000000000e+02,2.793679237365722656e-01,2.281271184791118145e+01,6.000000000000000000e+00
1.130000000000000000e+02,2.911469936370849609e-01,2.281271184791118145e+01,4.800000000000000000e+01
1.140000000000000000e+02,2.917098999023437500e-01,2.281271184791118145e+01,6.000000000000000000e+00
1.150000000000000000e+02,2.946639060974121094e-01,2.281271184791118145e+01,4.900000000000000000e+01
1.160000000000000000e+02,2.952868938446044922e-01,2.281271184791118145e+01,6.000000000000000000e+00
1.170000000000000000e+02,3.087348937988281250e-01,2.281271184791118145e+01,5.000000000000000000e+01
1.180000000000000000e+02,3.095288276672363281e-01,2.281271184791118145e+01,6.000000000000000000e+00
1.190000000000000000e+02,3.213849067687988281e-01,2.281271184791118145e+01,5.100000000000000000e+01
1.200000000000000000e+02,3.219969272613525391e-01,2.281271184791118145e+01,6.000000000000000000e+00
1.210000000000000000e+02,3.383088111877441406e-01,2.281271184791118145e+01,5.200000000000000000e+01
1.220000000000000000e+02,3.389139175415039062e-01,2.281271184791118145e+01,6.000000000000000000e+00
1.230000000000000000e+02,3.402419090270996094e-01,2.281271184791118145e+01,5.200000000000000000e+01
1.240000000000000000e+02,3.408279418945312500e-01,2.281271184791118145e+01,6.000000000000000000e+00
1.250000000000000000e+02,3.444519042968750000e-01,2.281271184791118145e+01,5.300000000000000000e+01
1.260000000000000000e+02,3.452548980712890625e-01,2.281271184791118145e+01,6.000000000000000000e+00
1.270000000000000000e+02,3.554069995880126953e-01,2.281271184791118145e+01,5.400000000000000000e+01
1.280000000000000000e+02,3.560118675231933594e-01,2.281271184791118145e+01,6.000000000000000000e+00
1.290000000000000000e+02,3.568098545074462891e-01,2.281271184791118145e+01,5.400000000000000000e+01
1.300000000000000000e+02,3.592069149017333984e-01,2.281271184791118145e+01,7.000000000000000000e+00
1.310000000000000000e+02,3.698019981384277344e-01,2.281271184791118145e+01,5.500000000000000000e+01
1.320000000000000000e+02,3.723149299621582031e-01,2.281271184791118145e+01,8.000000000000000000e+00
1.330000000000000000e+02,3.808498382568359375e-01,2.281271184791118145e+01,5.600000000000000000e+01
1.340000000000000000e+02,3.817508220672607422e-01,2.281271184791118145e+01,8.000000000000000000e+00
1.350000000000000000e+02,3.972389698028564453e-01,2.281271184791118145e+01,5.700000000000000000e+01
1.360000000000000000e+02,3.981130123138427734e-01,2.281271184791118145e+01,8.000000000000000000e+00
1.370000000000000000e+02,3.992598056793212891e-01,2.281271184791118145e+01,5.700000000000000000e+01
1.380000000000000000e+02,3.998219966888427734e-01,2.281271184791118145e+01,8.000000000000000000e+00
1.390000000000000000e+02,4.057660102844238281e-01,2.281271184791118145e+01,5.800000000000000000e+01
1.400000000000000000e+02,4.063749313354492188e-01,2.281271184791118145e+01,8.000000000000000000e+00
1.410000000000000000e+02,4.155688285827636719e-01,2.281271184791118145e+01,5.900000000000000000e+01
1.420000000000000000e+02,4.161357879638671875e-01,2.281271184791118145e+01,8.000000000000000000e+00
1.430000000000000000e+02,4.172389507293701172e-01,2.281271184791118145e+01,5.900000000000000000e+01
1.440000000000000000e+02,4.177448749542236328e-01,2.281271184791118145e+01,8.000000000000000000e+00
1.450000000000000000e+02,4.258379936218261719e-01,2.281271184791118145e+01,6.000000000000000000e+01
1.460000000000000000e+02,4.264848232269287109e-01,2.281271184791118145e+01,8.000000000000000000e+00
1.470000000000000000e+02,4.394338130950927734e-01,2.281271184791118145e+01,6.100000000000000000e+01
1.480000000000000000e+02,4.400908946990966797e-01,2.281271184791118145e+01,8.000000000000000000e+00
1.490000000000000000e+02,4.532158374786376953e-01,2.281271184791118145e+01,6.200000000000000000e+01
1.500000000000000000e+02,4.537129402160644531e-01,2.281271184791118145e+01,8.000000000000000000e+00
1.510000000000000000e+02,4.571328163146972656e-01,2.281271184791118145e+01,6.300000000000000000e+01
1.520000000000000000e+02,4.576439857482910156e-01,2.281271184791118145e+01,8.000000000000000000e+00
1.530000000000000000e+02,4.622459411621093750e-01,2.281271184791118145e+01,6.400000000000000000e+01
1.540000000000000000e+02,4.627528190612792969e-01,2.281271184791118145e+01,8.000000000000000000e+00
1.550000000000000000e+02,4.654788970947265625e-01,2.281271184791118145e+01,6.500000000000000000e+01
1.560000000000000000e+02,4.659988880157470703e-01,2.281271184791118145e+01,8.000000000000000000e+00
1.570000000000000000e+02,4.802718162536621094e-01,2.281271184791118145e+01,6.600000000000000000e+01
1.580000000000000000e+02,4.808599948883056641e-01,2.281271184791118145e+01,8.000000000000000000e+00
1.590000000000000000e+02,4.822750091552734375e-01,2.281271184791118145e+01,6.600000000000000000e+01
1.600000000000000000e+02,4.827868938446044922e-01,2.281271184791118145e+01,8.000000000000000000e+00
1.610000000000000000e+02,4.911367893218994141e-01,2.281271184791118145e+01,6.700000000000000000e+01
1.620000000000000000e+02,4.916729927062988281e-01,2.281271184791118145e+01,8.000000000000000000e+00
1.630000000000000000e+02,4.964749813079833984e-01,2.281271184791118145e+01,6.800000000000000000e+01
1.640000000000000000e+02,4.971129894256591797e-01,2.281271184791118145e+01,8.000000000000000000e+00
1.650000000000000000e+02,4.989089965820312500e-01,2.281271184791118145e+01,6.800000000000000000e+01
1.660000000000000000e+02,4.993989467620849609e-01,2.281271184791118145e+01,8.000000000000000000e+00
1.670000000000000000e+02,5.018208026885986328e-01,2.281271184791118145e+01,6.900000000000000000e+01
1.680000000000000000e+02,5.024359226226806641e-01,2.281271184791118145e+01,8.000000000000000000e+00
1.690000000000000000e+02,5.089559555053710938e-01,2.281271184791118145e+01,7.000000000000000000e+01
1.700000000000000000e+02,5.094738006591796875e-01,2.281271184791118145e+01,8.000000000000000000e+00
1.710000000000000000e+02,5.148499011993408203e-01,2.281271184791118145e+01,7.100000000000000000e+01
1.720000000000000000e+02,5.153579711914062500e-01,2.281271184791118145e+01,8.000000000000000000e+00
1.730000000000000000e+02,5.292448997497558594e-01,2.281271184791118145e+01,7.200000000000000000e+01
1.740000000000000000e+02,5.325958728790283203e-01,2.281271184791118145e+01,9.000000000000000000e+00
1.750000000000000000e+02,5.485467910766601562e-01,2.281271184791118145e+01,7.300000000000000000e+01
1.760000000000000000e+02,5.490968227386474609e-01,2.281271184791118145e+01,9.000000000000000000e+00
1.770000000000000000e+02,5.530369281768798828e-01,2.281271184791118145e+01,7.400000000000000000e+01
1.780000000000000000e+02,5.536367893218994141e-01,2.281271184791118145e+01,9.000000000000000000e+00
1.790000000000000000e+02,5.599520206451416016e-01,2.281271184791118145e+01,7.500000000000000000e+01
1.800000000000000000e+02,5.606088638305664062e-01,2.281271184791118145e+01,9.000000000000000000e+00
1.810000000000000000e+02,5.838809013366699219e-01,2.281271184791118145e+01,7.600000000000000000e+01
1.820000000000000000e+02,5.844538211822509766e-01,2.281271184791118145e+01,9.000000000000000000e+00
1.830000000000000000e+02,5.982108116149902344e-01,2.281271184791118145e+01,7.700000000000000000e+01
1.840000000000000000e+02,6.011459827423095703e-01,2.281271184791118145e+01,1.000000000000000000e+01
1.850000000000000000e+02,6.027369499206542969e-01,2.281271184791118145e+01,7.700000000000000000e+01
1.860000000000000000e+02,6.034538745880126953e-01,2.281271184791118145e+01,1.000000000000000000e+01
1.870000000000000000e+02,6.264958381652832031e-01,2.281271184791118145e+01,7.800000000000000000e+01
1.880000000000000000e+02,6.270489692687988281e-01,2.281271184791118145e+01,1.000000000000000000e+01
1.890000000000000000e+02,6.282517910003662109e-01,2.281271184791118145e+01,7.800000000000000000e+01
1.900000000000000000e+02,6.289238929748535156e-01,2.281271184791118145e+01,1.000000000000000000e+01
1.910000000000000000e+02,6.463999748229980469e-01,2.281271184791118145e+01,7.900000000000000000e+01
1.920000000000000000e+02,6.506378650665283203e-01,2.281271184791118145e+01,1.100000000000000000e+01
1.930000000000000000e+02,6.726980209350585938e-01,2.281271184791118145e+01,8.000000000000000000e+01
1.940000000000000000e+02,6.732378005981445312e-01,2.281271184791118145e+01,1.100000000000000000e+01
1.950000000000000000e+02,6.762080192565917969e-01,2.281271184791118145e+01,8.100000000000000000e+01
1.960000000000000000e+02,6.767659187316894531e-01,2.281271184791118145e+01,1.100000000000000000e+01
1.970000000000000000e+02,6.783528327941894531e-01,2.281271184791118145e+01,8.100000000000000000e+01
1.980000000000000000e+02,6.807479858398437500e-01,2.281271184791118145e+01,1.200000000000000000e+01
1.990000000000000000e+02,6.915538311004638672e-01,2.281271184791118145e+01,8.200000000000000000e+01
2.000000000000000000e+02,6.920650005340576172e-01,2.281271184791118145e+01,1.200000000000000000e+01
2.010000000000000000e+02,6.929759979248046875e-01,2.281271184791118145e+01,8.200000000000000000e+01
2.020000000000000000e+02,6.935679912567138672e-01,2.281271184791118145e+01,1.200000000000000000e+01
2.030000000000000000e+02,6.945509910583496094e-01,2.281271184791118145e+01,8.200000000000000000e+01
2.040000000000000000e+02,6.951918601989746094e-01,2.281271184791118145e+01,1.200000000000000000e+01
2.050000000000000000e+02,6.967568397521972656e-01,2.281271184791118145e+01,8.200000000000000000e+01
2.060000000000000000e+02,6.973228454589843750e-01,2.281271184791118145e+01,1.200000000000000000e+01
2.070000000000000000e+02,6.995978355407714844e-01,2.281271184791118145e+01,8.300000000000000000e+01
2.080000000000000000e+02,7.000989913940429688e-01,2.281271184791118145e+01,1.200000000000000000e+01
2.090000000000000000e+02,7.188208103179931641e-01,2.281271184791118145e+01,8.400000000000000000e+01
2.100000000000000000e+02,7.230348587036132812e-01,2.281271184791118145e+01,1.300000000000000000e+01
2.110000000000000000e+02,7.288608551025390625e-01,2.281271184791118145e+01,8.500000000000000000e+01
2.120000000000000000e+02,7.294249534606933594e-01,2.281271184791118145e+01,1.300000000000000000e+01
2.130000000000000000e+02,7.304019927978515625e-01,2.281271184791118145e+01,8.500000000000000000e+01
2.140000000000000000e+02,7.309019565582275391e-01,2.281271184791118145e+01,1.300000000000000000e+01
2.150000000000000000e+02,7.462987899780273438e-01,2.281271184791118145e+01,8.600000000000000000e+01
2.160000000000000000e+02,7.471058368682861328e-01,2.281271184791118145e+01,1.300000000000000000e+01
2.170000000000000000e+02,7.700958251953125000e-01,2.281271184791118145e+01,8.700000000000000000e+01
2.180000000000000000e+02,7.706768512725830078e-01,2.281271184791118145e+01,1.300000000000000000e+01
2.190000000000000000e+02,7.723848819732666016e-01,2.281271184791118145e+01,8.700000000000000000e+01
2.200000000000000000e+02,7.759478092193603516e-01,2.281271184791118145e+01,1.400000000000000000e+01
2.210000000000000000e+02,7.880659103393554688e-01,2.281271184791118145e+01,8.800000000000000000e+01
2.220000000000000000e+02,7.887849807739257812e-01,2.281271184791118145e+01,1.400000000000000000e+01
2.230000000000000000e+02,7.907409667968750000e-01,2.216666344793475929e+01,8.900000000000000000e+01
2.240000000000000000e+02,7.914628982543945312e-01,2.216666344793475929e+01,7.000000000000000000e+00
2.250000000000000000e+02,7.946360111236572266e-01,2.216666344793475929e+01,8.500000000000000000e+01
2.260000000000000000e+02,7.951688766479492188e-01,2.216666344793475929e+01,7.000000000000000000e+00
2.270000000000000000e+02,8.114638328552246094e-01,2.216666344793475929e+01,8.600000000000000000e+01
2.280000000000000000e+02,8.119800090789794922e-01,2.216666344793475929e+01,7.000000000000000000e+00
2.290000000000000000e+02,8.191947937011718750e-01,2.216666344793475929e+01,8.700000000000000000e+01
2.300000000000000000e+02,8.197000026702880859e-01,2.216666344793475929e+01,7.000000000000000000e+00
2.310000000000000000e+02,8.206520080566406250e-01,2.216666344793475929e+01,8.700000000000000000e+01
2.320000000000000000e+02,8.212947845458984375e-01,2.216666344793475929e+01,7.000000000000000000e+00
2.330000000000000000e+02,8.437628746032714844e-01,2.216666344793475929e+01,8.800000000000000000e+01
2.340000000000000000e+02,8.443748950958251953e-01,2.216666344793475929e+01,7.000000000000000000e+00
2.350000000000000000e+02,8.507080078125000000e-01,2.216666344793475929e+01,8.900000000000000000e+01
2.360000000000000000e+02,8.512008190155029297e-01,2.216666344793475929e+01,7.000000000000000000e+00
2.370000000000000000e+02,8.527607917785644531e-01,2.216666344793475929e+01,8.900000000000000000e+01
2.380000000000000000e+02,8.533008098602294922e-01,2.216666344793475929e+01,7.000000000000000000e+00
2.390000000000000000e+02,8.690998554229736328e-01,2.216666344793475929e+01,9.000000000000000000e+01
2.400000000000000000e+02,8.696429729461669922e-01,2.216666344793475929e+01,7.000000000000000000e+00
2.410000000000000000e+02,8.828129768371582031e-01,2.216666344793475929e+01,9.100000000000000000e+01
2.420000000000000000e+02,8.833899497985839844e-01,2.216666344793475929e+01,7.000000000000000000e+00
2.430000000000000000e+02,9.084019660949707031e-01,2.216666344793475929e+01,9.200000000000000000e+01
2.440000000000000000e+02,9.090068340301513672e-01,2.216666344793475929e+01,7.000000000000000000e+00
2.450000000000000000e+02,9.139800071716308594e-01,2.216666344793475929e+01,9.300000000000000000e+01
2.460000000000000000e+02,9.145238399505615234e-01,2.216666344793475929e+01,7.000000000000000000e+00
2.470000000000000000e+02,9.154999256134033203e-01,2.216666344793475929e+01,9.300000000000000000e+01
2.480000000000000000e+02,9.161818027496337891e-01,2.216666344793475929e+01,7.000000000000000000e+00
2.490000000000000000e+02,9.181728363037109375e-01,2.216666344793475929e+01,9.300000000000000000e+01
2.500000000000000000e+02,9.186868667602539062e-01,2.216666344793475929e+01,7.000000000000000000e+00
2.510000000000000000e+02,9.205739498138427734e-01,2.195771605483557920e+01,9.400000000000000000e+01
2.520000000000000000e+02,9.212009906768798828e-01,2.195771605483557920e+01,7.000000000000000000e+00
2.530000000000000000e+02,9.265959262847900391e-01,2.195771605483557920e+01,9.300000000000000000e+01
2.540000000000000000e+02,9.271929264068603516e-01,2.195771605483557920e+01,7.000000000000000000e+00
2.550000000000000000e+02,9.396498203277587891e-01,2.195771605483557920e+01,9.400000000000000000e+01
2.560000000000000000e+02,9.401278495788574219e-01,2.195771605483557920e+01,7.000000000000000000e+00
2.570000000000000000e+02,9.458818435668945312e-01,2.195771605483557920e+01,9.500000000000000000e+01
2.580000000000000000e+02,9.463968276977539062e-01,2.195771605483557920e+01,7.000000000000000000e+00
2.590000000000000000e+02,9.474098682403564453e-01,2.195771605483557920e+01,9.500000000000000000e+01
2.600000000000000000e+02,9.479448795318603516e-01,2.195771605483557920e+01,7.000000000000000000e+00
2.610000000000000000e+02,9.739768505096435547e-01,2.195771605483557920e+01,9.600000000000000000e+01
2.620000000000000000e+02,9.744648933410644531e-01,2.195771605483557920e+01,7.000000000000000000e+00
2.630000000000000000e+02,9.883468151092529297e-01,2.195771605483557920e+01,9.700000000000000000e+01
2.640000000000000000e+02,9.888758659362792969e-01,2.195771605483557920e+01,7.000000000000000000e+00
2.650000000000000000e+02,9.942669868469238281e-01,2.195771605483557920e+01,9.800000000000000000e+01
2.660000000000000000e+02,9.949128627777099609e-01,2.195771605483557920e+01,7.000000000000000000e+00
2.670000000000000000e+02,1.001775979995727539e+00,2.195771605483557920e+01,9.900000000000000000e+01
2.680000000000000000e+02,1.002327919006347656e+00,2.195771605483557920e+01,7.000000000000000000e+00
2.690000000000000000e+02,1.004194974899291992e+00,2.195771605483557920e+01,9.900000000000000000e+01
2.700000000000000000e+02,1.004668951034545898e+00,2.195771605483557920e+01,7.000000000000000000e+00
2.710000000000000000e+02,1.007364988327026367e+00,2.195771605483557920e+01,1.000000000000000000e+02
2.720000000000000000e+02,1.007910966873168945e+00,2.195771605483557920e+01,7.000000000000000000e+00
2.730000000000000000e+02,1.009210824966430664e+00,2.195771605483557920e+01,1.000000000000000000e+02
2.740000000000000000e+02,1.009864807128906250e+00,2.195771605483557920e+01,7.000000000000000000e+00
2.750000000000000000e+02,1.010800838470458984e+00,2.195771605483557920e+01,1.000000000000000000e+02
2.760000000000000000e+02,1.011464834213256836e+00,2.195771605483557920e+01,7.000000000000000000e+00
2.770000000000000000e+02,1.012695789337158203e+00,2.195771605483557920e+01,1.000000000000000000e+02
2.780000000000000000e+02,1.013181924819946289e+00,2.195771605483557920e+01,7.000000000000000000e+00
2.790000000000000000e+02,1.036561965942382812e+00,2.195771605483557920e+01,1.010000000000000000e+02
2.800000000000000000e+02,1.037079811096191406e+00,2.195771605483557920e+01,7.000000000000000000e+00
2.810000000000000000e+02,1.049741983413696289e+00,2.195771605483557920e+01,1.020000000000000000e+02
2.820000000000000000e+02,1.050633907318115234e+00,2.195771605483557920e+01,7.000000000000000000e+00
2.830000000000000000e+02,1.051752805709838867e+00,2.195771605483557920e+01,1.020000000000000000e+02
2.840000000000000000e+02,1.052260875701904297e+00,2.195771605483557920e+01,7.000000000000000000e+00
2.850000000000000000e+02,1.053773880004882812e+00,2.195771605483557920e+01,1.020000000000000000e+02
2.860000000000000000e+02,1.054560899734497070e+00,2.195771605483557920e+01,7.000000000000000000e+00
2.870000000000000000e+02,1.058352947235107422e+00,2.195771605483557920e+01,1.030000000000000000e+02
2.880000000000000000e+02,1.059052944183349609e+00,2.195771605483557920e+01,7.000000000000000000e+00
2.890000000000000000e+02,1.060635805130004883e+00,2.195771605483557920e+01,1.030000000000000000e+02
2.900000000000000000e+02,1.062893867492675781e+00,2.195771605483557920e+01,8.000000000000000000e+00
2.910000000000000000e+02,1.075371980667114258e+00,2.195771605483557920e+01,1.040000000000000000e+02
2.920000000000000000e+02,1.075898885726928711e+00,2.195771605483557920e+01,8.000000000000000000e+00
2.930000000000000000e+02,1.092083930969238281e+00,2.195771605483557920e+01,1.050000000000000000e+02
2.940000000000000000e+02,1.092657804489135742e+00,2.195771605483557920e+01,8.000000000000000000e+00
2.950000000000000000e+02,1.096737861633300781e+00,2.195771605483557920e+01,1.060000000000000000e+02
2.960000000000000000e+02,1.097268819808959961e+00,2.195771605483557920e+01,8.000000000000000000e+00
2.970000000000000000e+02,1.113091945648193359e+00,2.195771605483557920e+01,1.070000000000000000e+02
2.980000000000000000e+02,1.113883972167968750e+00,2.195771605483557920e+01,8.000000000000000000e+00
2.990000000000000000e+02,1.117823839187622070e+00,2.195771605483557920e+01,1.080000000000000000e+02
3.000000000000000000e+02,1.118326902389526367e+00,2.195771605483557920e+01,8.000000000000000000e+00
3.010000000000000000e+02,1.119723796844482422e+00,2.195771605483557920e+01,1.080000000000000000e+02
3.020000000000000000e+02,1.120340824127197266e+00,2.195771605483557920e+01,8.000000000000000000e+00
3.030000000000000000e+02,1.121373891830444336e+00,2.195771605483557920e+01,1.080000000000000000e+02
3.040000000000000000e+02,1.122425794601440430e+00,2.195771605483557920e+01,8.000000000000000000e+00
3.050000000000000000e+02,1.123386859893798828e+00,2.195771605483557920e+01,1.080000000000000000e+02
3.060000000000000000e+02,1.124468803405761719e+00,2.195771605483557920e+01,8.000000000000000000e+00
3.070000000000000000e+02,1.126691818237304688e+00,2.171535873394211791e+01,1.090000000000000000e+02
3.080000000000000000e+02,1.127202987670898438e+00,2.171535873394211791e+01,6.000000000000000000e+00
3.090000000000000000e+02,1.145627975463867188e+00,2.171535873394211791e+01,1.050000000000000000e+02
3.100000000000000000e+02,1.146430969238281250e+00,2.171535873394211791e+01,6.000000000000000000e+00
3.110000000000000000e+02,1.163424015045166016e+00,2.171535873394211791e+01,1.060000000000000000e+02
3.120000000000000000e+02,1.163925886154174805e+00,2.171535873394211791e+01,6.000000000000000000e+00
3.130000000000000000e+02,1.180708885192871094e+00,2.171535873394211791e+01,1.070000000000000000e+02
3.140000000000000000e+02,1.181311845779418945e+00,2.171535873394211791e+01,6.000000000000000000e+00
3.150000000000000000e+02,1.183202981948852539e+00,2.171535873394211791e+01,1.070000000000000000e+02
3.160000000000000000e+02,1.183776855468750000e+00,2.171535873394211791e+01,6.000000000000000000e+00
3.170000000000000000e+02,1.184749841690063477e+00,2.171535873394211791e+01,1.070000000000000000e+02
3.180000000000000000e+02,1.185354948043823242e+00,2.171535873394211791e+01,6.000000000000000000e+00
3.190000000000000000e+02,1.204994916915893555e+00,2.171535873394211791e+01,1.080000000000000000e+02
3.200000000000000000e+02,1.205519914627075195e+00,2.171535873394211791e+01,6.000000000000000000e+00
3.210000000000000000e+02,1.232419013977050781e+00,2.171535873394211791e+01,1.090000000000000000e+02
3.220000000000000000e+02,1.233045816421508789e+00,2.171535873394211791e+01,6.000000000000000000e+00
3.230000000000000000e+02,1.260820865631103516e+00,2.171535873394211791e+01,1.100000000000000000e+02
3.240000000000000000e+02,1.261361837387084961e+00,2.171535873394211791e+01,6.000000000000000000e+00
3.250000000000000000e+02,1.265220880508422852e+00,2.171535873394211791e+01,1.110000000000000000e+02
3.260000000000000000e+02,1.266006946563720703e+00,2.171535873394211791e+01,6.000000000000000000e+00
3.270000000000000000e+02,1.267852783203125000e+00,2.171535873394211791e+01,1.110000000000000000e+02
3.280000000000000000e+02,1.270602941513061523e+00,2.171535873394211791e+01,7.000000000000000000e+00
3.290000000000000000e+02,1.284982919692993164e+00,2.171535873394211791e+01,1.120000000000000000e+02
3.300000000000000000e+02,1.285493850708007812e+00,2.171535873394211791e+01,7.000000000000000000e+00
3.310000000000000000e+02,1.297998905181884766e+00,2.171535873394211791e+01,1.130000000000000000e+02
3.320000000000000000e+02,1.298524856567382812e+00,2.171535873394211791e+01,7.000000000000000000e+00
3.330000000000000000e+02,1.325145006179809570e+00,2.171535873394211791e+01,1.140000000000000000e+02
3.340000000000000000e+02,1.325692892074584961e+00,2.171535873394211791e+01,7.000000000000000000e+00
3.350000000000000000e+02,1.347810983657836914e+00,2.171535873394211791e+01,1.150000000000000000e+02
3.360000000000000000e+02,1.348354816436767578e+00,2.171535873394211791e+01,7.000000000000000000e+00
3.370000000000000000e+02,1.369972944259643555e+00,2.171535873394211791e+01,1.160000000000000000e+02
3.380000000000000000e+02,1.370744943618774414e+00,2.171535873394211791e+01,7.000000000000000000e+00
3.390000000000000000e+02,1.377184867858886719e+00,2.171535873394211791e+01,1.170000000000000000e+02
3.400000000000000000e+02,1.377667903900146484e+00,2.171535873394211791e+01,7.000000000000000000e+00
3.410000000000000000e+02,1.388886928558349609e+00,2.171535873394211791e+01,1.180000000000000000e+02
3.420000000000000000e+02,1.389451980590820312e+00,2.171535873394211791e+01,7.000000000000000000e+00
3.430000000000000000e+02,1.391834974288940430e+00,2.171535873394211791e+01,1.180000000000000000e+02
3.440000000000000000e+02,1.392323017120361328e+00,2.171535873394211791e+01,7.000000000000000000e+00
3.450000000000000000e+02,1.404220819473266602e+00,2.171535873394211791e+01,1.190000000000000000e+02
3.460000000000000000e+02,1.404824972152709961e+00,2.171535873394211791e+01,7.000000000000000000e+00
3.470000000000000000e+02,1.406379938125610352e+00,2.171535873394211791e+01,1.190000000000000000e+02
3.480000000000000000e+02,1.407078981399536133e+00,2.171535873394211791e+01,7.000000000000000000e+00
3.490000000000000000e+02,1.407984018325805664e+00,2.171535873394211791e+01,1.190000000000000000e+02
3.500000000000000000e+02,1.408528804779052734e+00,2.171535873394211791e+01,7.000000000000000000e+00
3.510000000000000000e+02,1.429952859878540039e+00,2.171535873394211791e+01,1.200000000000000000e+02
3.520000000000000000e+02,1.430507898330688477e+00,2.171535873394211791e+01,7.000000000000000000e+00
3.530000000000000000e+02,1.432399988174438477e+00,2.171535873394211791e+01,1.200000000000000000e+02
3.540000000000000000e+02,1.432931900024414062e+00,2.171535873394211791e+01,7.000000000000000000e+00
3.550000000000000000e+02,1.441593885421752930e+00,2.171535873394211791e+01,1.210000000000000000e+02
3.560000000000000000e+02,1.442122936248779297e+00,2.171535873394211791e+01,7.000000000000000000e+00
3.570000000000000000e+02,1.458185911178588867e+00,2.171535873394211791e+01,1.220000000000000000e+02
3.580000000000000000e+02,1.458855867385864258e+00,2.171535873394211791e+01,7.000000000000000000e+00
3.590000000000000000e+02,1.459992885589599609e+00,2.171535873394211791e+01,1.220000000000000000e+02
3.600000000000000000e+02,1.460572957992553711e+00,2.171535873394211791e+01,7.000000000000000000e+00
3.610000000000000000e+02,1.482381820678710938e+00,2.171535873394211791e+01,1.230000000000000000e+02
3.620000000000000000e+02,1.482987880706787109e+00,2.171535873394211791e+01,7.000000000000000000e+00
3.630000000000000000e+02,1.484013795852661133e+00,2.171535873394211791e+01,1.230000000000000000e+02
3.640000000000000000e+02,1.484666824340820312e+00,2.171535873394211791e+01,7.000000000000000000e+00
3.650000000000000000e+02,1.485632896423339844e+00,2.171535873394211791e+01,1.230000000000000000e+02
3.660000000000000000e+02,1.486128807067871094e+00,2.171535873394211791e+01,7.000000000000000000e+00
3.670000000000000000e+02,1.487170934677124023e+00,2.171535873394211791e+01,1.230000000000000000e+02
3.680000000000000000e+02,1.487672805786132812e+00,2.171535873394211791e+01,7.000000000000000000e+00
3.690000000000000000e+02,1.495785951614379883e+00,2.171535873394211791e+01,1.240000000000000000e+02
3.700000000000000000e+02,1.496341943740844727e+00,2.171535873394211791e+01,7.000000000000000000e+00
3.710000000000000000e+02,1.504796981811523438e+00,2.171535873394211791e+01,1.250000000000000000e+02
3.720000000000000000e+02,1.505503892898559570e+00,2.171535873394211791e+01,7.000000000000000000e+00
3.730000000000000000e+02,1.508184909820556641e+00,2.171535873394211791e+01,1.260000000000000000e+02
3.740000000000000000e+02,1.508692979812622070e+00,2.171535873394211791e+01,7.000000000000000000e+00
3.750000000000000000e+02,1.510777950286865234e+00,2.171535873394211791e+01,1.260000000000000000e+02
3.760000000000000000e+02,1.511263847351074219e+00,2.171535873394211791e+01,7.000000000000000000e+00
3.770000000000000000e+02,1.533885002136230469e+00,2.171535873394211791e+01,1.270000000000000000e+02
3.780000000000000000e+02,1.534473896026611328e+00,2.171535873394211791e+01,7.000000000000000000e+00
3.790000000000000000e+02,1.572232961654663086e+00,2.171535873394211791e+01,1.280000000000000000e+02
3.800000000000000000e+02,1.572754859924316406e+00,2.171535873394211791e+01,7.000000000000000000e+00
3.810000000000000000e+02,1.573710918426513672e+00,2.171535873394211791e+01,1.280000000000000000e+02
3.820000000000000000e+02,1.574290990829467773e+00,2.171535873394211791e+01,7.000000000000000000e+00
3.830000000000000000e+02,1.578778982162475586e+00,2.171535873394211791e+01,1.290000000000000000e+02
3.840000000000000000e+02,1.579272985458374023e+00,2.171535873394211791e+01,7.000000000000000000e+00
3.850000000000000000e+02,1.585608959197998047e+00,2.171535873394211791e+01,1.300000000000000000e+02
3.860000000000000000e+02,1.587219953536987305e+00,2.171535873394211791e+01,7.000000000000000000e+00
3.870000000000000000e+02,1.591399908065795898e+00,2.171535873394211791e+01,1.310000000000000000e+02
3.880000000000000000e+02,1.592381954193115234e+00,2.171535873394211791e+01,7.000000000000000000e+00
3.890000000000000000e+02,1.597970008850097656e+00,2.171535873394211791e+01,1.320000000000000000e+02
3.900000000000000000e+02,1.598549842834472656e+00,2.171535873394211791e+01,7.000000000000000000e+00
3.910000000000000000e+02,1.616616964340209961e+00,2.171535873394211791e+01,1.330000000000000000e+02
3.920000000000000000e+02,1.617388010025024414e+00,2.171535873394211791e+01,7.000000000000000000e+00
3.930000000000000000e+02,1.627311944961547852e+00,2.171535873394211791e+01,1.340000000000000000e+02
3.940000000000000000e+02,1.627835988998413086e+00,2.171535873394211791e+01,7.000000000000000000e+00
3.950000000000000000e+02,1.628877878189086914e+00,2.171535873394211791e+01,1.340000000000000000e+02
3.960000000000000000e+02,1.629458904266357422e+00,2.171535873394211791e+01,7.000000000000000000e+00
3.970000000000000000e+02,1.630978822708129883e+00,2.171535873394211791e+01,1.340000000000000000e+02
3.980000000000000000e+02,1.631582975387573242e+00,2.171535873394211791e+01,7.000000000000000000e+00
3.990000000000000000e+02,1.663661956787109375e+00,2.171535873394211791e+01,1.350000000000000000e+02
4.000000000000000000e+02,1.666231870651245117e+00,2.171535873394211791e+01,8.000000000000000000e+00
4.010000000000000000e+02,1.679053783416748047e+00,2.171535873394211791e+01,1.360000000000000000e+02
4.020000000000000000e+02,1.679682016372680664e+00,2.171535873394211791e+01,8.000000000000000000e+00
4.030000000000000000e+02,1.699923992156982422e+00,2.171535873394211791e+01,1.370000000000000000e+02
4.040000000000000000e+02,1.701500892639160156e+00,2.171535873394211791e+01,8.000000000000000000e+00
4.050000000000000000e+02,1.722498893737792969e+00,2.171535873394211791e+01,1.380000000000000000e+02
4.060000000000000000e+02,1.723027944564819336e+00,2.171535873394211791e+01,8.000000000000000000e+00
4.070000000000000000e+02,1.756866931915283203e+00,2.171535873394211791e+01,1.390000000000000000e+02
4.080000000000000000e+02,1.757398843765258789e+00,2.171535873394211791e+01,8.000000000000000000e+00
4.090000000000000000e+02,1.768510818481445312e+00,2.171535873394211791e+01,1.400000000000000000e+02
4.100000000000000000e+02,1.769011020660400391e+00,2.171535873394211791e+01,8.000000000000000000e+00
4.110000000000000000e+02,1.770342826843261719e+00,2.171535873394211791e+01,1.400000000000000000e+02
4.120000000000000000e+02,1.772974967956542969e+00,2.171535873394211791e+01,8.000000000000000000e+00
4.130000000000000000e+02,1.774204969406127930e+00,2.171535873394211791e+01,1.400000000000000000e+02
4.140000000000000000e+02,1.774758815765380859e+00,2.171535873394211791e+01,8.000000000000000000e+00
4.150000000000000000e+02,1.802645921707153320e+00,2.171535873394211791e+01,1.410000000000000000e+02
4.160000000000000000e+02,1.803138971328735352e+00,2.171535873394211791e+01,8.000000000000000000e+00
4.170000000000000000e+02,1.804299831390380859e+00,2.171535873394211791e+01,1.410000000000000000e+02
4.180000000000000000e+02,1.804884910583496094e+00,2.171535873394211791e+01,8.000000000000000000e+00
4.190000000000000000e+02,1.823793888092041016e+00,2.171535873394211791e+01,1.420000000000000000e+02
4.200000000000000000e+02,1.824380874633789062e+00,2.171535873394211791e+01,8.000000000000000000e+00
4.210000000000000000e+02,1.825594902038574219e+00,2.171535873394211791e+01,1.420000000000000000e+02
4.220000000000000000e+02,1.826154947280883789e+00,2.171535873394211791e+01,8.000000000000000000e+00
4.230000000000000000e+02,1.829016923904418945e+00,2.171535873394211791e+01,1.430000000000000000e+02
4.240000000000000000e+02,1.829546928405761719e+00,2.171535873394211791e+01,8.000000000000000000e+00
4.250000000000000000e+02,1.830671787261962891e+00,2.171535873394211791e+01,1.430000000000000000e+02
4.260000000000000000e+02,1.831162929534912109e+00,2.171535873394211791e+01,8.000000000000000000e+00
4.270000000000000000e+02,1.865013837814331055e+00,2.171535873394211791e+01,1.440000000000000000e+02
4.280000000000000000e+02,1.865955829620361328e+00,2.171535873394211791e+01,8.000000000000000000e+00
4.290000000000000000e+02,1.867018938064575195e+00,2.171535873394211791e+01,1.440000000000000000e+02
4.300000000000000000e+02,1.867509841918945312e+00,2.171535873394211791e+01,8.000000000000000000e+00
4.310000000000000000e+02,1.897409915924072266e+00,2.171535873394211791e+01,1.450000000000000000e+02
4.320000000000000000e+02,1.898126840591430664e+00,2.171535873394211791e+01,8.000000000000000000e+00
4.330000000000000000e+02,1.899174928665161133e+00,2.171535873394211791e+01,1.450000000000000000e+02
4.340000000000000000e+02,1.899837970733642578e+00,2.171535873394211791e+01,8.000000000000000000e+00
4.350000000000000000e+02,1.909595012664794922e+00,2.171535873394211791e+01,1.460000000000000000e+02
4.360000000000000000e+02,1.910138845443725586e+00,2.171535873394211791e+01,8.000000000000000000e+00
4.370000000000000000e+02,1.934412002563476562e+00,2.171535873394211791e+01,1.470000000000000000e+02
4.380000000000000000e+02,1.935027837753295898e+00,2.171535873394211791e+01,8.000000000000000000e+00
4.390000000000000000e+02,1.936110973358154297e+00,2.171535873394211791e+01,1.470000000000000000e+02
4.400000000000000000e+02,1.936618804931640625e+00,2.171535873394211791e+01,8.000000000000000000e+00
4.410000000000000000e+02,1.959041833877563477e+00,2.171535873394211791e+01,1.480000000000000000e+02
4.420000000000000000e+02,1.959690809249877930e+00,2.171535873394211791e+01,8.000000000000000000e+00
4.430000000000000000e+02,1.973373889923095703e+00,2.171535873394211791e+01,1.490000000000000000e+02
4.440000000000000000e+02,1.973941802978515625e+00,2.171535873394211791e+01,8.000000000000000000e+00
4.450000000000000000e+02,1.976938962936401367e+00,2.171535873394211791e+01,1.490000000000000000e+02
4.460000000000000000e+02,1.978056907653808594e+00,2.171535873394211791e+01,8.000000000000000000e+00
4.470000000000000000e+02,1.999154806137084961e+00,2.171535873394211791e+01,1.500000000000000000e+02
4.480000000000000000e+02,1.999768972396850586e+00,2.171535873394211791e+01,8.000000000000000000e+00
4.490000000000000000e+02,2.002319812774658203e+00,2.171535873394211791e+01,1.500000000000000000e+02
4.500000000000000000e+02,2.003010988235473633e+00,2.171535873394211791e+01,8.000000000000000000e+00
4.510000000000000000e+02,2.004082918167114258e+00,2.171535873394211791e+01,1.500000000000000000e+02
4.520000000000000000e+02,2.004648923873901367e+00,2.171535873394211791e+01,8.000000000000000000e+00
4.530000000000000000e+02,2.005778789520263672e+00,2.171535873394211791e+01,1.500000000000000000e+02
4.540000000000000000e+02,2.006476879119873047e+00,2.171535873394211791e+01,8.000000000000000000e+00
4.550000000000000000e+02,2.016742944717407227e+00,2.171535873394211791e+01,1.510000000000000000e+02
4.560000000000000000e+02,2.017326831817626953e+00,2.171535873394211791e+01,8.000000000000000000e+00
4.570000000000000000e+02,2.053915977478027344e+00,2.171535873394211791e+01,1.520000000000000000e+02
4.580000000000000000e+02,2.055009841918945312e+00,2.171535873394211791e+01,8.000000000000000000e+00
4.590000000000000000e+02,2.059084892272949219e+00,2.171535873394211791e+01,1.530000000000000000e+02
4.600000000000000000e+02,2.059636831283569336e+00,2.171535873394211791e+01,8.000000000000000000e+00
4.610000000000000000e+02,2.101274013519287109e+00,2.171535873394211791e+01,1.540000000000000000e+02
4.620000000000000000e+02,2.102088928222656250e+00,2.171535873394211791e+01,8.000000000000000000e+00
4.630000000000000000e+02,2.121013879776000977e+00,2.171535873394211791e+01,1.550000000000000000e+02
4.640000000000000000e+02,2.121563911437988281e+00,2.171535873394211791e+01,8.000000000000000000e+00
4.650000000000000000e+02,2.133268833160400391e+00,2.171535873394211791e+01,1.560000000000000000e+02
4.660000000000000000e+02,2.133857965469360352e+00,2.171535873394211791e+01,8.000000000000000000e+00
4.670000000000000000e+02,2.136465787887573242e+00,2.171535873394211791e+01,1.560000000000000000e+02
4.680000000000000000e+02,2.136986017227172852e+00,2.171535873394211791e+01,8.000000000000000000e+00
4.690000000000000000e+02,2.138153791427612305e+00,2.171535873394211791e+01,1.560000000000000000e+02
4.700000000000000000e+02,2.138761997222900391e+00,2.171535873394211791e+01,8.000000000000000000e+00
4.710000000000000000e+02,2.142826795578002930e+00,2.171535873394211791e+01,1.570000000000000000e+02
4.720000000000000000e+02,2.143527984619140625e+00,2.171535873394211791e+01,8.000000000000000000e+00
4.730000000000000000e+02,2.144580841064453125e+00,2.171535873394211791e+01,1.570000000000000000e+02
4.740000000000000000e+02,2.145069837570190430e+00,2.171535873394211791e+01,8.000000000000000000e+00
4.750000000000000000e+02,2.147509813308715820e+00,2.171535873394211791e+01,1.570000000000000000e+02
4.760000000000000000e+02,2.148029804229736328e+00,2.171535873394211791e+01,8.000000000000000000e+00
4.770000000000000000e+02,2.186559915542602539e+00,2.171535873394211791e+01,1.580000000000000000e+02
4.780000000000000000e+02,2.187192916870117188e+00,2.171535873394211791e+01,8.000000000000000000e+00
4.790000000000000000e+02,2.218349933624267578e+00,2.171535873394211791e+01,1.590000000000000000e+02
4.800000000000000000e+02,2.219007015228271484e+00,2.171535873394211791e+01,8.000000000000000000e+00
4.810000000000000000e+02,2.228413820266723633e+00,2.171535873394211791e+01,1.600000000000000000e+02
4.820000000000000000e+02,2.228935956954956055e+00,2.171535873394211791e+01,8.000000000000000000e+00
4.830000000000000000e+02,2.244885921478271484e+00,2.171535873394211791e+01,1.610000000000000000e+02
4.840000000000000000e+02,2.245415925979614258e+00,2.171535873394211791e+01,8.000000000000000000e+00
4.850000000000000000e+02,2.264820814132690430e+00,2.171535873394211791e+01,1.620000000000000000e+02
4.860000000000000000e+02,2.265650987625122070e+00,2.171535873394211791e+01,8.000000000000000000e+00
4.870000000000000000e+02,2.274703979492187500e+00,2.171535873394211791e+01,1.630000000000000000e+02
4.880000000000000000e+02,2.275359869003295898e+00,2.171535873394211791e+01,8.000000000000000000e+00
4.890000000000000000e+02,2.276445865631103516e+00,2.171535873394211791e+01,1.630000000000000000e+02
4.900000000000000000e+02,2.276980876922607422e+00,2.171535873394211791e+01,8.000000000000000000e+00
4.910000000000000000e+02,2.309652805328369141e+00,2.171535873394211791e+01,1.640000000000000000e+02
4.920000000000000000e+02,2.310209989547729492e+00,2.171535873394211791e+01,8.000000000000000000e+00
4.930000000000000000e+02,2.311342954635620117e+00,2.171535873394211791e+01,1.640000000000000000e+02
4.940000000000000000e+02,2.311910867691040039e+00,2.171535873394211791e+01,8.000000000000000000e+00
4.950000000000000000e+02,2.314399957656860352e+00,2.171535873394211791e+01,1.640000000000000000e+02
4.960000000000000000e+02,2.314909934997558594e+00,2.171535873394211791e+01,8.000000000000000000e+00
4.970000000000000000e+02,2.329418897628784180e+00,2.171535873394211791e+01,1.650000000000000000e+02
4.980000000000000000e+02,2.330060958862304688e+00,2.171535873394211791e+01,8.000000000000000000e+00
4.990000000000000000e+02,2.331298828125000000e+00,2.171535873394211791e+01,1.650000000000000000e+02
