0.000000000000000000e+00,8.749961853027343750e-04,1.466091204774548196e+01,1.000000000000000000e+00
1.000000000000000000e+00,1.332998275756835938e-03,1.466091204774548196e+01,1.000000000000000000e+00
2.000000000000000000e+00,1.775026321411132812e-03,1.466091204774548196e+01,1.000000000000000000e+00
3.000000000000000000e+00,2.266883850097656250e-03,1.466091204774548196e+01,1.000000000000000000e+00
4.000000000000000000e+00,3.169059753417968750e-03,1.466091204774548196e+01,1.000000000000000000e+00
5.000000000000000000e+00,3.597021102905273438e-03,1.466091204774548196e+01,1.000000000000000000e+00
6.000000000000000000e+00,4.149913787841796875e-03,1.466091204774548196e+01,1.000000000000000000e+00
7.000000000000000000e+00,4.685878753662109375e-03,1.466091204774548196e+01,1.000000000000000000e+00
8.000000000000000000e+00,5.255937576293945312e-03,1.466091204774548196e+01,1.000000000000000000e+00
9.000000000000000000e+00,5.721092224121093750e-03,1.466091204774548196e+01,1.000000000000000000e+00
1.000000000000000000e+01,6.340980529785156250e-03,1.466091204774548196e+01,1.000000000000000000e+00
1.100000000000000000e+01,6.844043731689453125e-03,1.466091204774548196e+01,1.000000000000000000e+00
1.200000000000000000e+01,7.759094238281250000e-03,1.466091204774548196e+01,1.000000000000000000e+00
1.300000000000000000e+01,8.470058441162109375e-03,1.466091204774548196e+01,1.000000000000000000e+00
1.400000000000000000e+01,9.445905685424804688e-03,1.466091204774548196e+01,1.000000000000000000e+00
1.500000000000000000e+01,9.938955307006835938e-03,1.466091204774548196e+01,1.000000000000000000e+00
1.600000000000000000e+01,1.072096824645996094e-02,1.466091204774548196e+01,1.000000000000000000e+00
1.700000000000000000e+01,1.115489006042480469e-02,1.466091204774548196e+01,1.000000000000000000e+00
1.800000000000000000e+01,1.163506507873535156e-02,1.466091204774548196e+01,1.000000000000000000e+00
1.900000000000000000e+01,1.209092140197753906e-02,1.466091204774548196e+01,1.000000000000000000e+00
2.000000000000000000e+01,1.299309730529785156e-02,1.466091204774548196e+01,1.000000000000000000e+00
2.100000000000000000e+01,1.341891288757324219e-02,1.466091204774548196e+01,1.000000000000000000e+00
2.200000000000000000e+01,1.426291465759277344e-02,1.466091204774548196e+01,1.000000000000000000e+00
2.300000000000000000e+01,1.469492912292480469e-02,1.466091204774548196e+01,1.000000000000000000e+00
2.400000000000000000e+01,1.551508903503417969e-02,1.466091204774548196e+01,1.000000000000000000e+00
2.500000000000000000e+01,1.592302322387695312e-02,1.466091204774548196e+01,1.000000000000000000e+00
2.600000000000000000e+01,1.681303977966308594e-02,1.466091204774548196e+01,1.000000000000000000e+00
2.700000000000000000e+01,1.735687255859375000e-02,1.466091204774548196e+01,1.000000000000000000e+00
2.800000000000000000e+01,1.776099205017089844e-02,1.466091204774548196e+01,1.000000000000000000e+00
2.900000000000000000e+01,1.818609237670898438e-02,1.466091204774548196e+01,1.000000000000000000e+00
3.000000000000000000e+01,1.994204521179199219e-02,1.466091204774548196e+01,1.000000000000000000e+00
3.100000000000000000e+01,2.063894271850585938e-02,1.466091204774548196e+01,1.000000000000000000e+00
3.200000000000000000e+01,2.173304557800292969e-02,1.466091204774548196e+01,1.000000000000000000e+00
3.300000000000000000e+01,2.241706848144531250e-02,1.466091204774548196e+01,1.000000000000000000e+00
3.400000000000000000e+01,2.334690093994140625e-02,1.466091204774548196e+01,1.000000000000000000e+00
3.500000000000000000e+01,2.396893501281738281e-02,1.466091204774548196e+01,1.000000000000000000e+00
3.600000000000000000e+01,2.742004394531250000e-02,1.466091204774548196e+01,1.000000000000000000e+00
3.700000000000000000e+01,2.794504165649414062e-02,1.466091204774548196e+01,1.000000000000000000e+00
3.800000000000000000e+01,2.895188331604003906e-02,1.466091204774548196e+01,1.000000000000000000e+00
3.900000000000000000e+01,2.939391136169433594e-02,1.466091204774548196e+01,1.000000000000000000e+00
4.000000000000000000e+01,3.098797798156738281e-02,1.466091204774548196e+01,1.000000000000000000e+00
4.100000000000000000e+01,3.145694732666015625e-02,1.466091204774548196e+01,1.000000000000000000e+00
4.200000000000000000e+01,3.192806243896484375e-02,1.466091204774548196e+01,1.000000000000000000e+00
4.300000000000000000e+01,3.234887123107910156e-02,1.466091204774548196e+01,1.000000000000000000e+00
4.400000000000000000e+01,3.277587890625000000e-02,1.466091204774548196e+01,1.000000000000000000e+00
4.500000000000000000e+01,3.320407867431640625e-02,1.466091204774548196e+01,1.000000000000000000e+00
4.600000000000000000e+01,3.479099273681640625e-02,1.466091204774548196e+01,1.000000000000000000e+00
4.700000000000000000e+01,3.531098365783691406e-02,1.466091204774548196e+01,1.000000000000000000e+00
4.800000000000000000e+01,3.579688072204589844e-02,1.466091204774548196e+01,1.000000000000000000e+00
4.900000000000000000e+01,3.636288642883300781e-02,1.466091204774548196e+01,1.000000000000000000e+00
5.000000000000000000e+01,3.742289543151855469e-02,1.466091204774548196e+01,1.000000000000000000e+00
5.100000000000000000e+01,3.788805007934570312e-02,1.466091204774548196e+01,1.000000000000000000e+00
5.200000000000000000e+01,3.987693786621093750e-02,1.466091204774548196e+01,1.000000000000000000e+00
5.300000000000000000e+01,4.037809371948242188e-02,1.466091204774548196e+01,1.000000000000000000e+00
5.400000000000000000e+01,4.205298423767089844e-02,1.466091204774548196e+01,1.000000000000000000e+00
5.500000000000000000e+01,4.276394844055175781e-02,1.466091204774548196e+01,1.000000000000000000e+00
5.600000000000000000e+01,4.358291625976562500e-02,1.466091204774548196e+01,1.000000000000000000e+00
5.700000000000000000e+01,4.409003257751464844e-02,1.466091204774548196e+01,1.000000000000000000e+00
5.800000000000000000e+01,4.455804824829101562e-02,1.466091204774548196e+01,1.000000000000000000e+00
5.900000000000000000e+01,4.498791694641113281e-02,1.466091204774548196e+01,1.000000000000000000e+00
6.000000000000000000e+01,4.544997215270996094e-02,1.466091204774548196e+01,1.000000000000000000e+00
6.100000000000000000e+01,4.588794708251953125e-02,1.466091204774548196e+01,1.000000000000000000e+00
6.200000000000000000e+01,4.647302627563476562e-02,1.466091204774548196e+01,1.000000000000000000e+00
6.300000000000000000e+01,4.693698883056640625e-02,1.466091204774548196e+01,1.000000000000000000e+00
6.400000000000000000e+01,4.739809036254882812e-02,1.466091204774548196e+01,1.000000000000000000e+00
6.500000000000000000e+01,4.785704612731933594e-02,1.466091204774548196e+01,1.000000000000000000e+00
6.600000000000000000e+01,4.853296279907226562e-02,1.466091204774548196e+01,1.000000000000000000e+00
6.700000000000000000e+01,4.895591735839843750e-02,1.466091204774548196e+01,1.000000000000000000e+00
6.800000000000000000e+01,5.003309249877929688e-02,1.466091204774548196e+01,1.000000000000000000e+00
6.900000000000000000e+01,5.073904991149902344e-02,1.466091204774548196e+01,1.000000000000000000e+00
7.000000000000000000e+01,5.176901817321777344e-02,1.466091204774548196e+01,1.000000000000000000e+00
7.100000000000000000e+01,5.234694480895996094e-02,1.466091204774548196e+01,1.000000000000000000e+00
7.200000000000000000e+01,5.293297767639160156e-02,1.466091204774548196e+01,1.000000000000000000e+00
7.300000000000000000e+01,5.345797538757324219e-02,1.466091204774548196e+01,1.000000000000000000e+00
7.400000000000000000e+01,5.411696434020996094e-02,1.466091204774548196e+01,1.000000000000000000e+00
7.500000000000000000e+01,5.465006828308105469e-02,1.466091204774548196e+01,1.000000000000000000e+00
7.600000000000000000e+01,5.585193634033203125e-02,1.466091204774548196e+01,1.000000000000000000e+00
7.700000000000000000e+01,5.632400512695312500e-02,1.466091204774548196e+01,1.000000000000000000e+00
7.800000000000000000e+01,5.735301971435546875e-02,1.466091204774548196e+01,1.000000000000000000e+00
7.900000000000000000e+01,5.777406692504882812e-02,1.466091204774548196e+01,1.000000000000000000e+00
8.000000000000000000e+01,5.951499938964843750e-02,1.466091204774548196e+01,1.000000000000000000e+00
8.100000000000000000e+01,6.003904342651367188e-02,1.466091204774548196e+01,1.000000000000000000e+00
8.200000000000000000e+01,6.100106239318847656e-02,1.466091204774548196e+01,1.000000000000000000e+00
8.300000000000000000e+01,6.152009963989257812e-02,1.466091204774548196e+01,1.000000000000000000e+00
8.400000000000000000e+01,6.209206581115722656e-02,1.466091204774548196e+01,1.000000000000000000e+00
8.500000000000000000e+01,6.257987022399902344e-02,1.466091204774548196e+01,1.000000000000000000e+00
8.600000000000000000e+01,6.358790397644042969e-02,1.466091204774548196e+01,1.000000000000000000e+00
8.700000000000000000e+01,6.406092643737792969e-02,1.466091204774548196e+01,1.000000000000000000e+00
8.800000000000000000e+01,6.451892852783203125e-02,1.466091204774548196e+01,1.000000000000000000e+00
8.900000000000000000e+01,6.496691703796386719e-02,1.466091204774548196e+01,1.000000000000000000e+00
9.000000000000000000e+01,6.552100181579589844e-02,1.466091204774548196e+01,1.000000000000000000e+00
9.100000000000000000e+01,6.609702110290527344e-02,1.466091204774548196e+01,1.000000000000000000e+00
9.200000000000000000e+01,6.709790229797363281e-02,1.466091204774548196e+01,1.000000000000000000e+00
9.300000000000000000e+01,6.758904457092285156e-02,1.466091204774548196e+01,1.000000000000000000e+00
9.400000000000000000e+01,6.834602355957031250e-02,1.466091204774548196e+01,1.000000000000000000e+00
9.500000000000000000e+01,6.875896453857421875e-02,1.466091204774548196e+01,1.000000000000000000e+00
9.600000000000000000e+01,6.963491439819335938e-02,1.466091204774548196e+01,1.000000000000000000e+00
9.700000000000000000e+01,7.012391090393066406e-02,1.466091204774548196e+01,1.000000000000000000e+00
9.800000000000000000e+01,7.200789451599121094e-02,1.466091204774548196e+01,1.000000000000000000e+00
9.900000000000000000e+01,7.254600524902343750e-02,1.466091204774548196e+01,1.000000000000000000e+00
1.000000000000000000e+02,7.350206375122070312e-02,1.466091204774548196e+01,1.000000000000000000e+00
1.010000000000000000e+02,7.400202751159667969e-02,1.466091204774548196e+01,1.000000000000000000e+00
1.020000000000000000e+02,7.495903968811035156e-02,1.466091204774548196e+01,1.000000000000000000e+00
1.030000000000000000e+02,7.548999786376953125e-02,1.466091204774548196e+01,1.000000000000000000e+00
1.040000000000000000e+02,7.606887817382812500e-02,1.466091204774548196e+01,1.000000000000000000e+00
1.050000000000000000e+02,7.654190063476562500e-02,1.466091204774548196e+01,1.000000000000000000e+00
1.060000000000000000e+02,7.716608047485351562e-02,1.466091204774548196e+01,1.000000000000000000e+00
1.070000000000000000e+02,7.770299911499023438e-02,1.466091204774548196e+01,1.000000000000000000e+00
1.080000000000000000e+02,7.820010185241699219e-02,1.466091204774548196e+01,1.000000000000000000e+00
1.090000000000000000e+02,7.863306999206542969e-02,1.466091204774548196e+01,1.000000000000000000e+00
1.100000000000000000e+02,7.947397232055664062e-02,1.466091204774548196e+01,1.000000000000000000e+00
1.110000000000000000e+02,8.014297485351562500e-02,1.466091204774548196e+01,1.000000000000000000e+00
1.120000000000000000e+02,8.057308197021484375e-02,1.466091204774548196e+01,1.000000000000000000e+00
1.130000000000000000e+02,8.106398582458496094e-02,1.466091204774548196e+01,1.000000000000000000e+00
1.140000000000000000e+02,8.161306381225585938e-02,1.466091204774548196e+01,1.000000000000000000e+00
1.150000000000000000e+02,8.226799964904785156e-02,1.466091204774548196e+01,1.000000000000000000e+00
1.160000000000000000e+02,8.306598663330078125e-02,1.466091204774548196e+01,1.000000000000000000e+00
1.170000000000000000e+02,8.349704742431640625e-02,1.466091204774548196e+01,1.000000000000000000e+00
1.180000000000000000e+02,8.410692214965820312e-02,1.466091204774548196e+01,1.000000000000000000e+00
1.190000000000000000e+02,8.462905883789062500e-02,1.466091204774548196e+01,1.000000000000000000e+00
1.200000000000000000e+02,8.547997474670410156e-02,1.466091204774548196e+01,1.000000000000000000e+00
1.210000000000000000e+02,8.591794967651367188e-02,1.466091204774548196e+01,1.000000000000000000e+00
1.220000000000000000e+02,8.811306953430175781e-02,1.466091204774548196e+01,1.000000000000000000e+00
1.230000000000000000e+02,8.860898017883300781e-02,1.466091204774548196e+01,1.000000000000000000e+00
1.240000000000000000e+02,8.907103538513183594e-02,1.466091204774548196e+01,1.000000000000000000e+00
1.250000000000000000e+02,8.955693244934082031e-02,1.466091204774548196e+01,1.000000000000000000e+00
1.260000000000000000e+02,9.035086631774902344e-02,1.466091204774548196e+01,1.000000000000000000e+00
1.270000000000000000e+02,9.104990959167480469e-02,1.466091204774548196e+01,1.000000000000000000e+00
1.280000000000000000e+02,9.162688255310058594e-02,1.466091204774548196e+01,1.000000000000000000e+00
1.290000000000000000e+02,9.211206436157226562e-02,1.466091204774548196e+01,1.000000000000000000e+00
1.300000000000000000e+02,9.264206886291503906e-02,1.466091204774548196e+01,1.000000000000000000e+00
1.310000000000000000e+02,9.312891960144042969e-02,1.466091204774548196e+01,1.000000000000000000e+00
1.320000000000000000e+02,9.370493888854980469e-02,1.466091204774548196e+01,1.000000000000000000e+00
1.330000000000000000e+02,9.419202804565429688e-02,1.466091204774548196e+01,1.000000000000000000e+00
1.340000000000000000e+02,9.493803977966308594e-02,1.466091204774548196e+01,1.000000000000000000e+00
1.350000000000000000e+02,9.539508819580078125e-02,1.466091204774548196e+01,1.000000000000000000e+00
1.360000000000000000e+02,9.631705284118652344e-02,1.466091204774548196e+01,1.000000000000000000e+00
1.370000000000000000e+02,9.683108329772949219e-02,1.466091204774548196e+01,1.000000000000000000e+00
1.380000000000000000e+02,9.723687171936035156e-02,1.466091204774548196e+01,1.000000000000000000e+00
1.390000000000000000e+02,9.774708747863769531e-02,1.466091204774548196e+01,1.000000000000000000e+00
1.400000000000000000e+02,9.890890121459960938e-02,1.466091204774548196e+01,1.000000000000000000e+00
1.410000000000000000e+02,9.952497482299804688e-02,1.466091204774548196e+01,1.000000000000000000e+00
1.420000000000000000e+02,1.003520488739013672e-01,1.466091204774548196e+01,1.000000000000000000e+00
1.430000000000000000e+02,1.008920669555664062e-01,1.466091204774548196e+01,1.000000000000000000e+00
1.440000000000000000e+02,1.017739772796630859e-01,1.466091204774548196e+01,1.000000000000000000e+00
1.450000000000000000e+02,1.022930145263671875e-01,1.466091204774548196e+01,1.000000000000000000e+00
1.460000000000000000e+02,1.033768653869628906e-01,1.466091204774548196e+01,1.000000000000000000e+00
1.470000000000000000e+02,1.039130687713623047e-01,1.466091204774548196e+01,1.000000000000000000e+00
1.480000000000000000e+02,1.050910949707031250e-01,1.466091204774548196e+01,1.000000000000000000e+00
1.490000000000000000e+02,1.055819988250732422e-01,1.466091204774548196e+01,1.000000000000000000e+00
1.500000000000000000e+02,1.064529418945312500e-01,1.466091204774548196e+01,1.000000000000000000e+00
1.510000000000000000e+02,1.069948673248291016e-01,1.466091204774548196e+01,1.000000000000000000e+00
1.520000000000000000e+02,1.075870990753173828e-01,1.466091204774548196e+01,1.000000000000000000e+00
1.530000000000000000e+02,1.080808639526367188e-01,1.466091204774548196e+01,1.000000000000000000e+00
1.540000000000000000e+02,1.091220378875732422e-01,1.466091204774548196e+01,1.000000000000000000e+00
1.550000000000000000e+02,1.096758842468261719e-01,1.466091204774548196e+01,1.000000000000000000e+00
1.560000000000000000e+02,1.104559898376464844e-01,1.466091204774548196e+01,1.000000000000000000e+00
1.570000000000000000e+02,1.109559535980224609e-01,1.466091204774548196e+01,1.000000000000000000e+00
1.580000000000000000e+02,1.114189624786376953e-01,1.466091204774548196e+01,1.000000000000000000e+00
1.590000000000000000e+02,1.119079589843750000e-01,1.466091204774548196e+01,1.000000000000000000e+00
1.600000000000000000e+02,1.124060153961181641e-01,1.466091204774548196e+01,1.000000000000000000e+00
1.610000000000000000e+02,1.129770278930664062e-01,1.466091204774548196e+01,1.000000000000000000e+00
1.620000000000000000e+02,1.139879226684570312e-01,1.466091204774548196e+01,1.000000000000000000e+00
1.630000000000000000e+02,1.145250797271728516e-01,1.466091204774548196e+01,1.000000000000000000e+00
1.640000000000000000e+02,1.149809360504150391e-01,1.466091204774548196e+01,1.000000000000000000e+00
1.650000000000000000e+02,1.154949665069580078e-01,1.466091204774548196e+01,1.000000000000000000e+00
1.660000000000000000e+02,1.168029308319091797e-01,1.466091204774548196e+01,1.000000000000000000e+00
1.670000000000000000e+02,1.174728870391845703e-01,1.466091204774548196e+01,1.000000000000000000e+00
1.680000000000000000e+02,1.180770397186279297e-01,1.466091204774548196e+01,1.000000000000000000e+00
1.690000000000000000e+02,1.186120510101318359e-01,1.466091204774548196e+01,1.000000000000000000e+00
1.700000000000000000e+02,1.192400455474853516e-01,1.466091204774548196e+01,1.000000000000000000e+00
1.710000000000000000e+02,1.197249889373779297e-01,1.466091204774548196e+01,1.000000000000000000e+00
1.720000000000000000e+02,1.201829910278320312e-01,1.466091204774548196e+01,1.000000000000000000e+00
1.730000000000000000e+02,1.206018924713134766e-01,1.466091204774548196e+01,1.000000000000000000e+00
1.740000000000000000e+02,1.217820644378662109e-01,1.466091204774548196e+01,1.000000000000000000e+00
1.750000000000000000e+02,1.222379207611083984e-01,1.466091204774548196e+01,1.000000000000000000e+00
1.760000000000000000e+02,1.231970787048339844e-01,1.466091204774548196e+01,1.000000000000000000e+00
1.770000000000000000e+02,1.237130165100097656e-01,1.466091204774548196e+01,1.000000000000000000e+00
1.780000000000000000e+02,1.243028640747070312e-01,1.466091204774548196e+01,1.000000000000000000e+00
1.790000000000000000e+02,1.248478889465332031e-01,1.466091204774548196e+01,1.000000000000000000e+00
1.800000000000000000e+02,1.263048648834228516e-01,1.466091204774548196e+01,1.000000000000000000e+00
1.810000000000000000e+02,1.267940998077392578e-01,1.466091204774548196e+01,1.000000000000000000e+00
1.820000000000000000e+02,1.272480487823486328e-01,1.466091204774548196e+01,1.000000000000000000e+00
1.830000000000000000e+02,1.277389526367187500e-01,1.466091204774548196e+01,1.000000000000000000e+00
1.840000000000000000e+02,1.283040046691894531e-01,1.466091204774548196e+01,1.000000000000000000e+00
1.850000000000000000e+02,1.287539005279541016e-01,1.466091204774548196e+01,1.000000000000000000e+00
1.860000000000000000e+02,1.295850276947021484e-01,1.466091204774548196e+01,1.000000000000000000e+00
1.870000000000000000e+02,1.300160884857177734e-01,1.466091204774548196e+01,1.000000000000000000e+00
1.880000000000000000e+02,1.312959194183349609e-01,1.466091204774548196e+01,1.000000000000000000e+00
1.890000000000000000e+02,1.317279338836669922e-01,1.466091204774548196e+01,1.000000000000000000e+00
1.900000000000000000e+02,1.322219371795654297e-01,1.466091204774548196e+01,1.000000000000000000e+00
1.910000000000000000e+02,1.326589584350585938e-01,1.466091204774548196e+01,1.000000000000000000e+00
1.920000000000000000e+02,1.337659358978271484e-01,1.466091204774548196e+01,1.000000000000000000e+00
1.930000000000000000e+02,1.342029571533203125e-01,1.466091204774548196e+01,1.000000000000000000e+00
1.940000000000000000e+02,1.349220275878906250e-01,1.466091204774548196e+01,1.000000000000000000e+00
1.950000000000000000e+02,1.353719234466552734e-01,1.466091204774548196e+01,1.000000000000000000e+00
1.960000000000000000e+02,1.358180046081542969e-01,1.466091204774548196e+01,1.000000000000000000e+00
1.970000000000000000e+02,1.362090110778808594e-01,1.466091204774548196e+01,1.000000000000000000e+00
1.980000000000000000e+02,1.373720169067382812e-01,1.466091204774548196e+01,1.000000000000000000e+00
1.990000000000000000e+02,1.378529071807861328e-01,1.466091204774548196e+01,1.000000000000000000e+00
2.000000000000000000e+02,1.383390426635742188e-01,1.466091204774548196e+01,1.000000000000000000e+00
2.010000000000000000e+02,1.388700008392333984e-01,1.466091204774548196e+01,1.000000000000000000e+00
2.020000000000000000e+02,1.392998695373535156e-01,1.466091204774548196e+01,1.000000000000000000e+00
2.030000000000000000e+02,1.398239135742187500e-01,1.466091204774548196e+01,1.000000000000000000e+00
2.040000000000000000e+02,1.410489082336425781e-01,1.466091204774548196e+01,1.000000000000000000e+00
2.050000000000000000e+02,1.415948867797851562e-01,1.466091204774548196e+01,1.000000000000000000e+00
2.060000000000000000e+02,1.423349380493164062e-01,1.466091204774548196e+01,1.000000000000000000e+00
2.070000000000000000e+02,1.428320407867431641e-01,1.466091204774548196e+01,1.000000000000000000e+00
2.080000000000000000e+02,1.435070037841796875e-01,1.466091204774548196e+01,1.000000000000000000e+00
2.090000000000000000e+02,1.439659595489501953e-01,1.466091204774548196e+01,1.000000000000000000e+00
2.100000000000000000e+02,1.449320316314697266e-01,1.466091204774548196e+01,1.000000000000000000e+00
2.110000000000000000e+02,1.454279422760009766e-01,1.466091204774548196e+01,1.000000000000000000e+00
2.120000000000000000e+02,1.475059986114501953e-01,1.466091204774548196e+01,1.000000000000000000e+00
2.130000000000000000e+02,1.480500698089599609e-01,1.466091204774548196e+01,1.000000000000000000e+00
2.140000000000000000e+02,1.486968994140625000e-01,1.466091204774548196e+01,1.000000000000000000e+00
2.150000000000000000e+02,1.491589546203613281e-01,1.466091204774548196e+01,1.000000000000000000e+00
2.160000000000000000e+02,1.504120826721191406e-01,1.466091204774548196e+01,1.000000000000000000e+00
2.170000000000000000e+02,1.509170532226562500e-01,1.466091204774548196e+01,1.000000000000000000e+00
2.180000000000000000e+02,1.520528793334960938e-01,1.466091204774548196e+01,1.000000000000000000e+00
2.190000000000000000e+02,1.525430679321289062e-01,1.466091204774548196e+01,1.000000000000000000e+00
2.200000000000000000e+02,1.531100273132324219e-01,1.466091204774548196e+01,1.000000000000000000e+00
2.210000000000000000e+02,1.535820960998535156e-01,1.466091204774548196e+01,1.000000000000000000e+00
2.220000000000000000e+02,1.549549102783203125e-01,1.466091204774548196e+01,1.000000000000000000e+00
2.230000000000000000e+02,1.554970741271972656e-01,1.466091204774548196e+01,1.000000000000000000e+00
2.240000000000000000e+02,1.566469669342041016e-01,1.466091204774548196e+01,1.000000000000000000e+00
2.250000000000000000e+02,1.571240425109863281e-01,1.466091204774548196e+01,1.000000000000000000e+00
2.260000000000000000e+02,1.576189994812011719e-01,1.466091204774548196e+01,1.000000000000000000e+00
2.270000000000000000e+02,1.580350399017333984e-01,1.466091204774548196e+01,1.000000000000000000e+00
2.280000000000000000e+02,1.584589481353759766e-01,1.466091204774548196e+01,1.000000000000000000e+00
2.290000000000000000e+02,1.589319705963134766e-01,1.466091204774548196e+01,1.000000000000000000e+00
2.300000000000000000e+02,1.601479053497314453e-01,1.466091204774548196e+01,1.000000000000000000e+00
2.310000000000000000e+02,1.606118679046630859e-01,1.466091204774548196e+01,1.000000000000000000e+00
2.320000000000000000e+02,1.610748767852783203e-01,1.466091204774548196e+01,1.000000000000000000e+00
2.330000000000000000e+02,1.615359783172607422e-01,1.466091204774548196e+01,1.000000000000000000e+00
2.340000000000000000e+02,1.626110076904296875e-01,1.466091204774548196e+01,1.000000000000000000e+00
2.350000000000000000e+02,1.630718708038330078e-01,1.466091204774548196e+01,1.000000000000000000e+00
2.360000000000000000e+02,1.636559963226318359e-01,1.466091204774548196e+01,1.000000000000000000e+00
2.370000000000000000e+02,1.641709804534912109e-01,1.466091204774548196e+01,1.000000000000000000e+00
2.380000000000000000e+02,1.646449565887451172e-01,1.466091204774548196e+01,1.000000000000000000e+00
2.390000000000000000e+02,1.650950908660888672e-01,1.466091204774548196e+01,1.000000000000000000e+00
2.400000000000000000e+02,1.658139228820800781e-01,1.466091204774548196e+01,1.000000000000000000e+00
2.410000000000000000e+02,1.662669181823730469e-01,1.466091204774548196e+01,1.000000000000000000e+00
2.420000000000000000e+02,1.667881011962890625e-01,1.466091204774548196e+01,1.000000000000000000e+00
2.430000000000000000e+02,1.672780513763427734e-01,1.466091204774548196e+01,1.000000000000000000e+00
2.440000000000000000e+02,1.682889461517333984e-01,1.466091204774548196e+01,1.000000000000000000e+00
2.450000000000000000e+02,1.688179969787597656e-01,1.466091204774548196e+01,1.000000000000000000e+00
2.460000000000000000e+02,1.709289550781250000e-01,1.466091204774548196e+01,1.000000000000000000e+00
2.470000000000000000e+02,1.714680194854736328e-01,1.466091204774548196e+01,1.000000000000000000e+00
2.480000000000000000e+02,1.719288825988769531e-01,1.466091204774548196e+01,1.000000000000000000e+00
2.490000000000000000e+02,1.723999977111816406e-01,1.466091204774548196e+01,1.000000000000000000e+00
2.500000000000000000e+02,1.728570461273193359e-01,1.466091204774548196e+01,1.000000000000000000e+00
2.510000000000000000e+02,1.733460426330566406e-01,1.466091204774548196e+01,1.000000000000000000e+00
2.520000000000000000e+02,1.737809181213378906e-01,1.466091204774548196e+01,1.000000000000000000e+00
2.530000000000000000e+02,1.743040084838867188e-01,1.466091204774548196e+01,1.000000000000000000e+00
2.540000000000000000e+02,1.753950119018554688e-01,1.466091204774548196e+01,1.000000000000000000e+00
2.550000000000000000e+02,1.758480072021484375e-01,1.466091204774548196e+01,1.000000000000000000e+00
2.560000000000000000e+02,1.768329143524169922e-01,1.466091204774548196e+01,1.000000000000000000e+00
2.570000000000000000e+02,1.772999763488769531e-01,1.466091204774548196e+01,1.000000000000000000e+00
2.580000000000000000e+02,1.778540611267089844e-01,1.466091204774548196e+01,1.000000000000000000e+00
2.590000000000000000e+02,1.783590316772460938e-01,1.466091204774548196e+01,1.000000000000000000e+00
2.600000000000000000e+02,1.797919273376464844e-01,1.466091204774548196e+01,1.000000000000000000e+00
2.610000000000000000e+02,1.802768707275390625e-01,1.466091204774548196e+01,1.000000000000000000e+00
2.620000000000000000e+02,1.810488700866699219e-01,1.466091204774548196e+01,1.000000000000000000e+00
2.630000000000000000e+02,1.814670562744140625e-01,1.466091204774548196e+01,1.000000000000000000e+00
2.640000000000000000e+02,1.820509433746337891e-01,1.466091204774548196e+01,1.000000000000000000e+00
2.650000000000000000e+02,1.824879646301269531e-01,1.466091204774548196e+01,1.000000000000000000e+00
2.660000000000000000e+02,1.830949783325195312e-01,1.466091204774548196e+01,1.000000000000000000e+00
2.670000000000000000e+02,1.835548877716064453e-01,1.466091204774548196e+01,1.000000000000000000e+00
2.680000000000000000e+02,1.847438812255859375e-01,1.466091204774548196e+01,1.000000000000000000e+00
2.690000000000000000e+02,1.852059364318847656e-01,1.466091204774548196e+01,1.000000000000000000e+00
2.700000000000000000e+02,1.860370635986328125e-01,1.466091204774548196e+01,1.000000000000000000e+00
2.710000000000000000e+02,1.865460872650146484e-01,1.466091204774548196e+01,1.000000000000000000e+00
2.720000000000000000e+02,1.877689361572265625e-01,1.466091204774548196e+01,1.000000000000000000e+00
2.730000000000000000e+02,1.882209777832031250e-01,1.466091204774548196e+01,1.000000000000000000e+00
2.740000000000000000e+02,1.888220310211181641e-01,1.466091204774548196e+01,1.000000000000000000e+00
2.750000000000000000e+02,1.892809867858886719e-01,1.466091204774548196e+01,1.000000000000000000e+00
2.760000000000000000e+02,1.901280879974365234e-01,1.466091204774548196e+01,1.000000000000000000e+00
2.770000000000000000e+02,1.906230449676513672e-01,1.466091204774548196e+01,1.000000000000000000e+00
2.780000000000000000e+02,1.911759376525878906e-01,1.466091204774548196e+01,1.000000000000000000e+00
2.790000000000000000e+02,1.917068958282470703e-01,1.466091204774548196e+01,1.000000000000000000e+00
2.800000000000000000e+02,1.923179626464843750e-01,1.466091204774548196e+01,1.000000000000000000e+00
2.810000000000000000e+02,1.927728652954101562e-01,1.466091204774548196e+01,1.000000000000000000e+00
2.820000000000000000e+02,1.939859390258789062e-01,1.466091204774548196e+01,1.000000000000000000e+00
2.830000000000000000e+02,1.944580078125000000e-01,1.466091204774548196e+01,1.000000000000000000e+00
2.840000000000000000e+02,1.950380802154541016e-01,1.466091204774548196e+01,1.000000000000000000e+00
2.850000000000000000e+02,1.954910755157470703e-01,1.466091204774548196e+01,1.000000000000000000e+00
2.860000000000000000e+02,1.961119174957275391e-01,1.466091204774548196e+01,1.000000000000000000e+00
2.870000000000000000e+02,1.966190338134765625e-01,1.466091204774548196e+01,1.000000000000000000e+00
2.880000000000000000e+02,1.982760429382324219e-01,1.466091204774548196e+01,1.000000000000000000e+00
2.890000000000000000e+02,1.987349987030029297e-01,1.466091204774548196e+01,1.000000000000000000e+00
2.900000000000000000e+02,1.991679668426513672e-01,1.466091204774548196e+01,1.000000000000000000e+00
2.910000000000000000e+02,1.996889114379882812e-01,1.466091204774548196e+01,1.000000000000000000e+00
2.920000000000000000e+02,2.004690170288085938e-01,1.466091204774548196e+01,1.000000000000000000e+00
2.930000000000000000e+02,2.009510993957519531e-01,1.466091204774548196e+01,1.000000000000000000e+00
2.940000000000000000e+02,2.023260593414306641e-01,1.466091204774548196e+01,1.000000000000000000e+00
2.950000000000000000e+02,2.027709484100341797e-01,1.466091204774548196e+01,1.000000000000000000e+00
2.960000000000000000e+02,2.039239406585693359e-01,1.466091204774548196e+01,1.000000000000000000e+00
2.970000000000000000e+02,2.044639587402343750e-01,1.466091204774548196e+01,1.000000000000000000e+00
2.980000000000000000e+02,2.058780193328857422e-01,1.466091204774548196e+01,1.000000000000000000e+00
2.990000000000000000e+02,2.063119411468505859e-01,1.466091204774548196e+01,1.000000000000000000e+00
3.000000000000000000e+02,2.070479393005371094e-01,1.466091204774548196e+01,1.000000000000000000e+00
3.010000000000000000e+02,2.074949741363525391e-01,1.466091204774548196e+01,1.000000000000000000e+00
3.020000000000000000e+02,2.083499431610107422e-01,1.466091204774548196e+01,1.000000000000000000e+00
3.030000000000000000e+02,2.087628841400146484e-01,1.466091204774548196e+01,1.000000000000000000e+00
3.040000000000000000e+02,2.092399597167968750e-01,1.466091204774548196e+01,1.000000000000000000e+00
3.050000000000000000e+02,2.097439765930175781e-01,1.466091204774548196e+01,1.000000000000000000e+00
3.060000000000000000e+02,2.114400863647460938e-01,1.466091204774548196e+01,1.000000000000000000e+00
3.070000000000000000e+02,2.119610309600830078e-01,1.466091204774548196e+01,1.000000000000000000e+00
3.080000000000000000e+02,2.133979797363281250e-01,1.466091204774548196e+01,1.000000000000000000e+00
3.090000000000000000e+02,2.139458656311035156e-01,1.466091204774548196e+01,1.000000000000000000e+00
3.100000000000000000e+02,2.143828868865966797e-01,1.466091204774548196e+01,1.000000000000000000e+00
3.110000000000000000e+02,2.147839069366455078e-01,1.466091204774548196e+01,1.000000000000000000e+00
3.120000000000000000e+02,2.161109447479248047e-01,1.466091204774548196e+01,1.000000000000000000e+00
3.130000000000000000e+02,2.165908813476562500e-01,1.466091204774548196e+01,1.000000000000000000e+00
3.140000000000000000e+02,2.171640396118164062e-01,1.466091204774548196e+01,1.000000000000000000e+00
3.150000000000000000e+02,2.176570892333984375e-01,1.466091204774548196e+01,1.000000000000000000e+00
3.160000000000000000e+02,2.185108661651611328e-01,1.466091204774548196e+01,1.000000000000000000e+00
3.170000000000000000e+02,2.190170288085937500e-01,1.466091204774548196e+01,1.000000000000000000e+00
3.180000000000000000e+02,2.194509506225585938e-01,1.466091204774548196e+01,1.000000000000000000e+00
3.190000000000000000e+02,2.200009822845458984e-01,1.466091204774548196e+01,1.000000000000000000e+00
3.200000000000000000e+02,2.210600376129150391e-01,1.466091204774548196e+01,1.000000000000000000e+00
3.210000000000000000e+02,2.215499877929687500e-01,1.466091204774548196e+01,1.000000000000000000e+00
3.220000000000000000e+02,2.226998805999755859e-01,1.466091204774548196e+01,1.000000000000000000e+00
3.230000000000000000e+02,2.232220172882080078e-01,1.466091204774548196e+01,1.000000000000000000e+00
3.240000000000000000e+02,2.245368957519531250e-01,1.466091204774548196e+01,1.000000000000000000e+00
3.250000000000000000e+02,2.250270843505859375e-01,1.466091204774548196e+01,1.000000000000000000e+00
3.260000000000000000e+02,2.264440059661865234e-01,1.466091204774548196e+01,1.000000000000000000e+00
3.270000000000000000e+02,2.269880771636962891e-01,1.466091204774548196e+01,1.000000000000000000e+00
3.280000000000000000e+02,2.274379730224609375e-01,1.466091204774548196e+01,1.000000000000000000e+00
3.290000000000000000e+02,2.278609275817871094e-01,1.466091204774548196e+01,1.000000000000000000e+00
3.300000000000000000e+02,2.288239002227783203e-01,1.466091204774548196e+01,1.000000000000000000e+00
3.310000000000000000e+02,2.294120788574218750e-01,1.466091204774548196e+01,1.000000000000000000e+00
3.320000000000000000e+02,2.298710346221923828e-01,1.466091204774548196e+01,1.000000000000000000e+00
3.330000000000000000e+02,2.303390502929687500e-01,1.466091204774548196e+01,1.000000000000000000e+00
3.340000000000000000e+02,2.310230731964111328e-01,1.466091204774548196e+01,1.000000000000000000e+00
3.350000000000000000e+02,2.314589023590087891e-01,1.466091204774548196e+01,1.000000000000000000e+00
3.360000000000000000e+02,2.318680286407470703e-01,1.466091204774548196e+01,1.000000000000000000e+00
3.370000000000000000e+02,2.323870658874511719e-01,1.466091204774548196e+01,1.000000000000000000e+00
3.380000000000000000e+02,2.332160472869873047e-01,1.466091204774548196e+01,1.000000000000000000e+00
3.390000000000000000e+02,2.336230278015136719e-01,1.466091204774548196e+01,1.000000000000000000e+00
3.400000000000000000e+02,2.345440387725830078e-01,1.466091204774548196e+01,1.000000000000000000e+00
3.410000000000000000e+02,2.351729869842529297e-01,1.466091204774548196e+01,1.000000000000000000e+00
3.420000000000000000e+02,2.363948822021484375e-01,1.466091204774548196e+01,1.000000000000000000e+00
3.430000000000000000e+02,2.370600700378417969e-01,1.466091204774548196e+01,1.000000000000000000e+00
3.440000000000000000e+02,2.384650707244873047e-01,1.466091204774548196e+01,1.000000000000000000e+00
3.450000000000000000e+02,2.389938831329345703e-01,1.466091204774548196e+01,1.000000000000000000e+00
3.460000000000000000e+02,2.397139072418212891e-01,1.466091204774548196e+01,1.000000000000000000e+00
3.470000000000000000e+02,2.403469085693359375e-01,1.466091204774548196e+01,1.000000000000000000e+00
3.480000000000000000e+02,2.414789199829101562e-01,1.466091204774548196e+01,1.000000000000000000e+00
3.490000000000000000e+02,2.419819831848144531e-01,1.466091204774548196e+01,1.000000000000000000e+00
3.500000000000000000e+02,2.427949905395507812e-01,1.466091204774548196e+01,1.000000000000000000e+00
3.510000000000000000e+02,2.433290481567382812e-01,1.466091204774548196e+01,1.000000000000000000e+00
3.520000000000000000e+02,2.448909282684326172e-01,1.466091204774548196e+01,1.000000000000000000e+00
3.530000000000000000e+02,2.454400062561035156e-01,1.466091204774548196e+01,1.000000000000000000e+00
3.540000000000000000e+02,2.458600997924804688e-01,1.466091204774548196e+01,1.000000000000000000e+00
3.550000000000000000e+02,2.463960647583007812e-01,1.466091204774548196e+01,1.000000000000000000e+00
3.560000000000000000e+02,2.469429969787597656e-01,1.466091204774548196e+01,1.000000000000000000e+00
3.570000000000000000e+02,2.474648952484130859e-01,1.466091204774548196e+01,1.000000000000000000e+00
3.580000000000000000e+02,2.481179237365722656e-01,1.466091204774548196e+01,1.000000000000000000e+00
3.590000000000000000e+02,2.486290931701660156e-01,1.466091204774548196e+01,1.000000000000000000e+00
3.600000000000000000e+02,2.490479946136474609e-01,1.466091204774548196e+01,1.000000000000000000e+00
3.610000000000000000e+02,2.496449947357177734e-01,1.466091204774548196e+01,1.000000000000000000e+00
3.620000000000000000e+02,2.503890991210937500e-01,1.466091204774548196e+01,1.000000000000000000e+00
3.630000000000000000e+02,2.508559226989746094e-01,1.466091204774548196e+01,1.000000000000000000e+00
3.640000000000000000e+02,2.513098716735839844e-01,1.466091204774548196e+01,1.000000000000000000e+00
3.650000000000000000e+02,2.517418861389160156e-01,1.466091204774548196e+01,1.000000000000000000e+00
3.660000000000000000e+02,2.525739669799804688e-01,1.466091204774548196e+01,1.000000000000000000e+00
3.670000000000000000e+02,2.529950141906738281e-01,1.466091204774548196e+01,1.000000000000000000e+00
3.680000000000000000e+02,2.535619735717773438e-01,1.466091204774548196e+01,1.000000000000000000e+00
3.690000000000000000e+02,2.539849281311035156e-01,1.466091204774548196e+01,1.000000000000000000e+00
3.700000000000000000e+02,2.545490264892578125e-01,1.466091204774548196e+01,1.000000000000000000e+00
3.710000000000000000e+02,2.549779415130615234e-01,1.466091204774548196e+01,1.000000000000000000e+00
3.720000000000000000e+02,2.554368972778320312e-01,1.466091204774548196e+01,1.000000000000000000e+00
3.730000000000000000e+02,2.559390068054199219e-01,1.466091204774548196e+01,1.000000000000000000e+00
3.740000000000000000e+02,2.574229240417480469e-01,1.466091204774548196e+01,1.000000000000000000e+00
3.750000000000000000e+02,2.579100131988525391e-01,1.466091204774548196e+01,1.000000000000000000e+00
3.760000000000000000e+02,2.597088813781738281e-01,1.466091204774548196e+01,1.000000000000000000e+00
3.770000000000000000e+02,2.603580951690673828e-01,1.466091204774548196e+01,1.000000000000000000e+00
3.780000000000000000e+02,2.611498832702636719e-01,1.466091204774548196e+01,1.000000000000000000e+00
3.790000000000000000e+02,2.615990638732910156e-01,1.466091204774548196e+01,1.000000000000000000e+00
3.800000000000000000e+02,2.627549171447753906e-01,1.466091204774548196e+01,1.000000000000000000e+00
3.810000000000000000e+02,2.631959915161132812e-01,1.466091204774548196e+01,1.000000000000000000e+00
3.820000000000000000e+02,2.639429569244384766e-01,1.466091204774548196e+01,1.000000000000000000e+00
3.830000000000000000e+02,2.644810676574707031e-01,1.466091204774548196e+01,1.000000000000000000e+00
3.840000000000000000e+02,2.649409770965576172e-01,1.466091204774548196e+01,1.000000000000000000e+00
3.850000000000000000e+02,2.653439044952392578e-01,1.466091204774548196e+01,1.000000000000000000e+00
3.860000000000000000e+02,2.661809921264648438e-01,1.466091204774548196e+01,1.000000000000000000e+00
3.870000000000000000e+02,2.666640281677246094e-01,1.466091204774548196e+01,1.000000000000000000e+00
3.880000000000000000e+02,2.672779560089111328e-01,1.466091204774548196e+01,1.000000000000000000e+00
3.890000000000000000e+02,2.677309513092041016e-01,1.466091204774548196e+01,1.000000000000000000e+00
3.900000000000000000e+02,2.681798934936523438e-01,1.466091204774548196e+01,1.000000000000000000e+00
3.910000000000000000e+02,2.689208984375000000e-01,1.466091204774548196e+01,1.000000000000000000e+00
3.920000000000000000e+02,2.694709300994873047e-01,1.466091204774548196e+01,1.000000000000000000e+00
3.930000000000000000e+02,2.699100971221923828e-01,1.466091204774548196e+01,1.000000000000000000e+00
3.940000000000000000e+02,2.704288959503173828e-01,1.466091204774548196e+01,1.000000000000000000e+00
3.950000000000000000e+02,2.709650993347167969e-01,1.466091204774548196e+01,1.000000000000000000e+00
3.960000000000000000e+02,2.719380855560302734e-01,1.466091204774548196e+01,1.000000000000000000e+00
3.970000000000000000e+02,2.723989486694335938e-01,1.466091204774548196e+01,1.000000000000000000e+00
3.980000000000000000e+02,2.731409072875976562e-01,1.466091204774548196e+01,1.000000000000000000e+00
3.990000000000000000e+02,2.736001014709472656e-01,1.466091204774548196e+01,1.000000000000000000e+00
4.000000000000000000e+02,2.743270397186279297e-01,1.466091204774548196e+01,1.000000000000000000e+00
4.010000000000000000e+02,2.747769355773925781e-01,1.466091204774548196e+01,1.000000000000000000e+00
4.020000000000000000e+02,2.754750251770019531e-01,1.466091204774548196e+01,1.000000000000000000e+00
4.030000000000000000e+02,2.760050296783447266e-01,1.466091204774548196e+01,1.000000000000000000e+00
4.040000000000000000e+02,2.772419452667236328e-01,1.466091204774548196e+01,1.000000000000000000e+00
4.050000000000000000e+02,2.779140472412109375e-01,1.466091204774548196e+01,1.000000000000000000e+00
4.060000000000000000e+02,2.789080142974853516e-01,1.466091204774548196e+01,1.000000000000000000e+00
4.070000000000000000e+02,2.793240547180175781e-01,1.466091204774548196e+01,1.000000000000000000e+00
4.080000000000000000e+02,2.804520130157470703e-01,1.466091204774548196e+01,1.000000000000000000e+00
4.090000000000000000e+02,2.808969020843505859e-01,1.466091204774548196e+01,1.000000000000000000e+00
4.100000000000000000e+02,2.814049720764160156e-01,1.466091204774548196e+01,1.000000000000000000e+00
4.110000000000000000e+02,2.818679809570312500e-01,1.466091204774548196e+01,1.000000000000000000e+00
4.120000000000000000e+02,2.834110260009765625e-01,1.466091204774548196e+01,1.000000000000000000e+00
4.130000000000000000e+02,2.838439941406250000e-01,1.466091204774548196e+01,1.000000000000000000e+00
4.140000000000000000e+02,2.848520278930664062e-01,1.466091204774548196e+01,1.000000000000000000e+00
4.150000000000000000e+02,2.854549884796142578e-01,1.466091204774548196e+01,1.000000000000000000e+00
4.160000000000000000e+02,2.864000797271728516e-01,1.466091204774548196e+01,1.000000000000000000e+00
4.170000000000000000e+02,2.868468761444091797e-01,1.466091204774548196e+01,1.000000000000000000e+00
4.180000000000000000e+02,2.887670993804931641e-01,1.466091204774548196e+01,1.000000000000000000e+00
4.190000000000000000e+02,2.891719341278076172e-01,1.466091204774548196e+01,1.000000000000000000e+00
4.200000000000000000e+02,2.896919250488281250e-01,1.466091204774548196e+01,1.000000000000000000e+00
4.210000000000000000e+02,2.901000976562500000e-01,1.466091204774548196e+01,1.000000000000000000e+00
4.220000000000000000e+02,2.906050682067871094e-01,1.466091204774548196e+01,1.000000000000000000e+00
4.230000000000000000e+02,2.910609245300292969e-01,1.466091204774548196e+01,1.000000000000000000e+00
4.240000000000000000e+02,2.924649715423583984e-01,1.466091204774548196e+01,1.000000000000000000e+00
4.250000000000000000e+02,2.931160926818847656e-01,1.466091204774548196e+01,1.000000000000000000e+00
4.260000000000000000e+02,2.938790321350097656e-01,1.466091204774548196e+01,1.000000000000000000e+00
4.270000000000000000e+02,2.944729328155517578e-01,1.466091204774548196e+01,1.000000000000000000e+00
4.280000000000000000e+02,2.953360080718994141e-01,1.466091204774548196e+01,1.000000000000000000e+00
4.290000000000000000e+02,2.958030700683593750e-01,1.466091204774548196e+01,1.000000000000000000e+00
4.300000000000000000e+02,2.963750362396240234e-01,1.466091204774548196e+01,1.000000000000000000e+00
4.310000000000000000e+02,2.968039512634277344e-01,1.466091204774548196e+01,1.000000000000000000e+00
4.320000000000000000e+02,2.977809906005859375e-01,1.466091204774548196e+01,1.000000000000000000e+00
4.330000000000000000e+02,2.983300685882568359e-01,1.466091204774548196e+01,1.000000000000000000e+00
4.340000000000000000e+02,3.013970851898193359e-01,1.466091204774548196e+01,1.000000000000000000e+00
4.350000000000000000e+02,3.018729686737060547e-01,1.466091204774548196e+01,1.000000000000000000e+00
4.360000000000000000e+02,3.035249710083007812e-01,1.466091204774548196e+01,1.000000000000000000e+00
4.370000000000000000e+02,3.041079044342041016e-01,1.466091204774548196e+01,1.000000000000000000e+00
4.380000000000000000e+02,3.045589923858642578e-01,1.466091204774548196e+01,1.000000000000000000e+00
4.390000000000000000e+02,3.050239086151123047e-01,1.466091204774548196e+01,1.000000000000000000e+00
4.400000000000000000e+02,3.058919906616210938e-01,1.466091204774548196e+01,1.000000000000000000e+00
4.410000000000000000e+02,3.064169883728027344e-01,1.466091204774548196e+01,1.000000000000000000e+00
4.420000000000000000e+02,3.070220947265625000e-01,1.466091204774548196e+01,1.000000000000000000e+00
4.430000000000000000e+02,3.075129985809326172e-01,1.466091204774548196e+01,1.000000000000000000e+00
4.440000000000000000e+02,3.084809780120849609e-01,1.466091204774548196e+01,1.000000000000000000e+00
4.450000000000000000e+02,3.091139793395996094e-01,1.466091204774548196e+01,1.000000000000000000e+00
4.460000000000000000e+02,3.103950023651123047e-01,1.466091204774548196e+01,1.000000000000000000e+00
4.470000000000000000e+02,3.109738826751708984e-01,1.466091204774548196e+01,1.000000000000000000e+00
4.480000000000000000e+02,3.126108646392822266e-01,1.466091204774548196e+01,1.000000000000000000e+00
4.490000000000000000e+02,3.131310939788818359e-01,1.466091204774548196e+01,1.000000000000000000e+00
4.500000000000000000e+02,3.139510154724121094e-01,1.466091204774548196e+01,1.000000000000000000e+00
4.510000000000000000e+02,3.144330978393554688e-01,1.466091204774548196e+01,1.000000000000000000e+00
4.520000000000000000e+02,3.150310516357421875e-01,1.466091204774548196e+01,1.000000000000000000e+00
4.530000000000000000e+02,3.155109882354736328e-01,1.466091204774548196e+01,1.000000000000000000e+00
4.540000000000000000e+02,3.170869350433349609e-01,1.466091204774548196e+01,1.000000000000000000e+00
4.550000000000000000e+02,3.177869319915771484e-01,1.466091204774548196e+01,1.000000000000000000e+00
4.560000000000000000e+02,3.184359073638916016e-01,1.466091204774548196e+01,1.000000000000000000e+00
4.570000000000000000e+02,3.189489841461181641e-01,1.466091204774548196e+01,1.000000000000000000e+00
4.580000000000000000e+02,3.202641010284423828e-01,1.466091204774548196e+01,1.000000000000000000e+00
4.590000000000000000e+02,3.208250999450683594e-01,1.466091204774548196e+01,1.000000000000000000e+00
4.600000000000000000e+02,3.215909004211425781e-01,1.466091204774548196e+01,1.000000000000000000e+00
4.610000000000000000e+02,3.222780227661132812e-01,1.466091204774548196e+01,1.000000000000000000e+00
4.620000000000000000e+02,3.238389492034912109e-01,1.466091204774548196e+01,1.000000000000000000e+00
4.630000000000000000e+02,3.244020938873291016e-01,1.466091204774548196e+01,1.000000000000000000e+00
4.640000000000000000e+02,3.252480030059814453e-01,1.466091204774548196e+01,1.000000000000000000e+00
4.650000000000000000e+02,3.257300853729248047e-01,1.466091204774548196e+01,1.000000000000000000e+00
4.660000000000000000e+02,3.263108730316162109e-01,1.466091204774548196e+01,1.000000000000000000e+00
4.670000000000000000e+02,3.267428874969482422e-01,1.466091204774548196e+01,1.000000000000000000e+00
4.680000000000000000e+02,3.273720741271972656e-01,1.466091204774548196e+01,1.000000000000000000e+00
4.690000000000000000e+02,3.279230594635009766e-01,1.466091204774548196e+01,1.000000000000000000e+00
4.700000000000000000e+02,3.284049034118652344e-01,1.466091204774548196e+01,1.000000000000000000e+00
4.710000000000000000e+02,3.288249969482421875e-01,1.466091204774548196e+01,1.000000000000000000e+00
4.720000000000000000e+02,3.301138877868652344e-01,1.466091204774548196e+01,1.000000000000000000e+00
4.730000000000000000e+02,3.306789398193359375e-01,1.466091204774548196e+01,1.000000000000000000e+00
4.740000000000000000e+02,3.318769931793212891e-01,1.466091204774548196e+01,1.000000000000000000e+00
4.750000000000000000e+02,3.325009346008300781e-01,1.466091204774548196e+01,1.000000000000000000e+00
4.760000000000000000e+02,3.329780101776123047e-01,1.466091204774548196e+01,1.000000000000000000e+00
4.770000000000000000e+02,3.336489200592041016e-01,1.466091204774548196e+01,1.000000000000000000e+00
4.780000000000000000e+02,3.350419998168945312e-01,1.466091204774548196e+01,1.000000000000000000e+00
4.790000000000000000e+02,3.356130123138427734e-01,1.466091204774548196e+01,1.000000000000000000e+00
4.800000000000000000e+02,3.361489772796630859e-01,1.466091204774548196e+01,1.000000000000000000e+00
4.810000000000000000e+02,3.368279933929443359e-01,1.466091204774548196e+01,1.000000000000000000e+00
4.820000000000000000e+02,3.376240730285644531e-01,1.466091204774548196e+01,1.000000000000000000e+00
4.830000000000000000e+02,3.381118774414062500e-01,1.466091204774548196e+01,1.000000000000000000e+00
4.840000000000000000e+02,3.389060497283935547e-01,1.466091204774548196e+01,1.000000000000000000e+00
4.850000000000000000e+02,3.394100666046142578e-01,1.466091204774548196e+01,1.000000000000000000e+00
4.860000000000000000e+02,3.399200439453125000e-01,1.466091204774548196e+01,1.000000000000000000e+00
4.870000000000000000e+02,3.405010700225830078e-01,1.466091204774548196e+01,1.000000000000000000e+00
4.880000000000000000e+02,3.411569595336914062e-01,1.466091204774548196e+01,1.000000000000000000e+00
4.890000000000000000e+02,3.417019844055175781e-01,1.466091204774548196e+01,1.000000000000000000e+00
4.900000000000000000e+02,3.424279689788818359e-01,1.466091204774548196e+01,1.000000000000000000e+00
4.910000000000000000e+02,3.429470062255859375e-01,1.466091204774548196e+01,1.000000000000000000e+00
4.920000000000000000e+02,3.435890674591064453e-01,1.466091204774548196e+01,1.000000000000000000e+00
4.930000000000000000e+02,3.440768718719482422e-01,1.466091204774548196e+01,1.000000000000000000e+00
4.940000000000000000e+02,3.452439308166503906e-01,1.466091204774548196e+01,1.000000000000000000e+00
4.950000000000000000e+02,3.457779884338378906e-01,1.466091204774548196e+01,1.000000000000000000e+00
4.960000000000000000e+02,3.463380336761474609e-01,1.466091204774548196e+01,1.000000000000000000e+00
4.970000000000000000e+02,3.468780517578125000e-01,1.466091204774548196e+01,1.000000000000000000e+00
4.980000000000000000e+02,3.474659919738769531e-01,1.466091204774548196e+01,1.000000000000000000e+00
4.990000000000000000e+02,3.479321002960205078e-01,1.466091204774548196e+01,1.000000000000000000e+00
