0.000000000000000000e+00,2.909898757934570312e-03,0.000000000000000000e+00,2.000000000000000000e+00
1.000000000000000000e+00,5.353927612304687500e-03,0.000000000000000000e+00,2.000000000000000000e+00
2.000000000000000000e+00,8.348941802978515625e-03,0.000000000000000000e+00,3.000000000000000000e+00
3.000000000000000000e+00,1.135587692260742188e-02,3.124851634138336820e+01,3.000000000000000000e+00
4.000000000000000000e+00,1.242089271545410156e-02,3.124851634138336820e+01,2.000000000000000000e+00
5.000000000000000000e+00,1.480388641357421875e-02,3.124851634138336820e+01,4.000000000000000000e+00
6.000000000000000000e+00,1.648187637329101562e-02,3.034338627255764109e+01,3.000000000000000000e+00
7.000000000000000000e+00,1.802992820739746094e-02,3.034338627255764109e+01,4.000000000000000000e+00
8.000000000000000000e+00,2.027606964111328125e-02,3.034338627255764109e+01,3.000000000000000000e+00
9.000000000000000000e+00,2.192592620849609375e-02,3.034338627255764109e+01,5.000000000000000000e+00
1.000000000000000000e+01,2.286601066589355469e-02,3.034338627255764109e+01,3.000000000000000000e+00
1.100000000000000000e+01,2.338695526123046875e-02,3.034338627255764109e+01,5.000000000000000000e+00
1.200000000000000000e+01,2.562904357910156250e-02,3.034338627255764109e+01,4.000000000000000000e+00
1.300000000000000000e+01,2.618193626403808594e-02,3.034338627255764109e+01,5.000000000000000000e+00
1.400000000000000000e+01,2.684807777404785156e-02,3.034338627255764109e+01,4.000000000000000000e+00
1.500000000000000000e+01,2.748608589172363281e-02,3.034338627255764109e+01,5.000000000000000000e+00
1.600000000000000000e+01,3.051185607910156250e-02,2.993773589545270397e+01,5.000000000000000000e+00
1.700000000000000000e+01,3.111004829406738281e-02,2.993773589545270397e+01,2.000000000000000000e+00
1.800000000000000000e+01,3.180193901062011719e-02,2.993773589545270397e+01,3.000000000000000000e+00
1.900000000000000000e+01,3.228187561035156250e-02,2.993773589545270397e+01,2.000000000000000000e+00
2.000000000000000000e+01,3.272700309753417969e-02,2.993773589545270397e+01,3.000000000000000000e+00
2.100000000000000000e+01,3.318905830383300781e-02,2.993773589545270397e+01,2.000000000000000000e+00
2.200000000000000000e+01,3.569102287292480469e-02,2.993773589545270397e+01,4.000000000000000000e+00
2.300000000000000000e+01,3.649187088012695312e-02,2.993773589545270397e+01,2.000000000000000000e+00
2.400000000000000000e+01,3.705286979675292969e-02,2.993773589545270397e+01,4.000000000000000000e+00
2.500000000000000000e+01,3.756093978881835938e-02,2.993773589545270397e+01,2.000000000000000000e+00
2.600000000000000000e+01,3.901886940002441406e-02,2.993773589545270397e+01,4.000000000000000000e+00
2.700000000000000000e+01,3.942894935607910156e-02,2.993773589545270397e+01,2.000000000000000000e+00
2.800000000000000000e+01,4.018402099609375000e-02,2.993773589545270397e+01,4.000000000000000000e+00
2.900000000000000000e+01,4.087305068969726562e-02,2.993773589545270397e+01,2.000000000000000000e+00
3.000000000000000000e+01,4.164004325866699219e-02,2.993773589545270397e+01,4.000000000000000000e+00
3.100000000000000000e+01,4.220485687255859375e-02,2.993773589545270397e+01,2.000000000000000000e+00
3.200000000000000000e+01,4.300403594970703125e-02,2.993773589545270397e+01,4.000000000000000000e+00
3.300000000000000000e+01,4.348492622375488281e-02,2.993773589545270397e+01,2.000000000000000000e+00
3.400000000000000000e+01,4.395985603332519531e-02,2.993773589545270397e+01,4.000000000000000000e+00
3.500000000000000000e+01,4.476094245910644531e-02,2.993773589545270397e+01,2.000000000000000000e+00
3.600000000000000000e+01,4.524803161621093750e-02,2.993773589545270397e+01,4.000000000000000000e+00
3.700000000000000000e+01,4.594087600708007812e-02,2.993773589545270397e+01,2.000000000000000000e+00
3.800000000000000000e+01,4.671597480773925781e-02,2.993773589545270397e+01,4.000000000000000000e+00
3.900000000000000000e+01,4.718685150146484375e-02,2.993773589545270397e+01,2.000000000000000000e+00
4.000000000000000000e+01,4.772400856018066406e-02,2.993773589545270397e+01,4.000000000000000000e+00
4.100000000000000000e+01,4.823303222656250000e-02,2.993773589545270397e+01,2.000000000000000000e+00
4.200000000000000000e+01,4.878306388854980469e-02,2.993773589545270397e+01,4.000000000000000000e+00
4.300000000000000000e+01,4.925203323364257812e-02,2.993773589545270397e+01,2.000000000000000000e+00
4.400000000000000000e+01,4.975295066833496094e-02,2.993773589545270397e+01,4.000000000000000000e+00
4.500000000000000000e+01,5.021595954895019531e-02,2.993773589545270397e+01,2.000000000000000000e+00
4.600000000000000000e+01,5.078387260437011719e-02,2.993773589545270397e+01,4.000000000000000000e+00
4.700000000000000000e+01,5.127501487731933594e-02,2.993773589545270397e+01,2.000000000000000000e+00
4.800000000000000000e+01,5.190706253051757812e-02,2.993773589545270397e+01,4.000000000000000000e+00
4.900000000000000000e+01,5.245089530944824219e-02,2.993773589545270397e+01,2.000000000000000000e+00
5.000000000000000000e+01,5.303502082824707031e-02,2.993773589545270397e+01,4.000000000000000000e+00
5.100000000000000000e+01,5.361199378967285156e-02,2.993773589545270397e+01,2.000000000000000000e+00
5.200000000000000000e+01,5.416798591613769531e-02,2.993773589545270397e+01,4.000000000000000000e+00
5.300000000000000000e+01,5.460786819458007812e-02,2.993773589545270397e+01,2.000000000000000000e+00
5.400000000000000000e+01,5.529189109802246094e-02,2.993773589545270397e+01,4.000000000000000000e+00
5.500000000000000000e+01,5.576491355895996094e-02,2.993773589545270397e+01,2.000000000000000000e+00
5.600000000000000000e+01,5.639290809631347656e-02,2.993773589545270397e+01,4.000000000000000000e+00
5.700000000000000000e+01,5.693793296813964844e-02,2.993773589545270397e+01,2.000000000000000000e+00
5.800000000000000000e+01,5.748987197875976562e-02,2.993773589545270397e+01,4.000000000000000000e+00
5.900000000000000000e+01,5.793595314025878906e-02,2.993773589545270397e+01,2.000000000000000000e+00
6.000000000000000000e+01,5.856490135192871094e-02,2.993773589545270397e+01,4.000000000000000000e+00
6.100000000000000000e+01,5.911493301391601562e-02,2.993773589545270397e+01,2.000000000000000000e+00
6.200000000000000000e+01,5.963206291198730469e-02,2.993773589545270397e+01,4.000000000000000000e+00
6.300000000000000000e+01,6.015300750732421875e-02,2.993773589545270397e+01,2.000000000000000000e+00
6.400000000000000000e+01,6.068587303161621094e-02,2.993773589545270397e+01,4.000000000000000000e+00
6.500000000000000000e+01,6.123495101928710938e-02,2.993773589545270397e+01,2.000000000000000000e+00
6.600000000000000000e+01,6.186795234680175781e-02,2.993773589545270397e+01,4.000000000000000000e+00
6.700000000000000000e+01,6.234002113342285156e-02,2.993773589545270397e+01,2.000000000000000000e+00
6.800000000000000000e+01,6.410598754882812500e-02,2.993773589545270397e+01,5.000000000000000000e+00
6.900000000000000000e+01,6.463503837585449219e-02,2.993773589545270397e+01,2.000000000000000000e+00
7.000000000000000000e+01,6.510996818542480469e-02,2.993773589545270397e+01,5.000000000000000000e+00
7.100000000000000000e+01,6.563997268676757812e-02,2.993773589545270397e+01,2.000000000000000000e+00
7.200000000000000000e+01,6.629586219787597656e-02,2.993773589545270397e+01,5.000000000000000000e+00
7.300000000000000000e+01,6.688690185546875000e-02,2.993773589545270397e+01,2.000000000000000000e+00
7.400000000000000000e+01,6.842088699340820312e-02,2.993773589545270397e+01,6.000000000000000000e+00
7.500000000000000000e+01,6.886005401611328125e-02,2.993773589545270397e+01,2.000000000000000000e+00
7.600000000000000000e+01,6.957197189331054688e-02,2.993773589545270397e+01,6.000000000000000000e+00
7.700000000000000000e+01,7.005000114440917969e-02,2.993773589545270397e+01,2.000000000000000000e+00
7.800000000000000000e+01,7.072687149047851562e-02,2.993773589545270397e+01,6.000000000000000000e+00
7.900000000000000000e+01,7.120990753173828125e-02,2.993773589545270397e+01,2.000000000000000000e+00
8.000000000000000000e+01,7.188391685485839844e-02,2.993773589545270397e+01,6.000000000000000000e+00
8.100000000000000000e+01,7.239699363708496094e-02,2.993773589545270397e+01,2.000000000000000000e+00
8.200000000000000000e+01,7.323503494262695312e-02,2.993773589545270397e+01,6.000000000000000000e+00
8.300000000000000000e+01,7.375192642211914062e-02,2.993773589545270397e+01,2.000000000000000000e+00
8.400000000000000000e+01,7.605004310607910156e-02,2.993773589545270397e+01,7.000000000000000000e+00
8.500000000000000000e+01,7.661890983581542969e-02,2.993773589545270397e+01,2.000000000000000000e+00
8.600000000000000000e+01,7.732391357421875000e-02,2.993773589545270397e+01,7.000000000000000000e+00
8.700000000000000000e+01,7.780504226684570312e-02,2.993773589545270397e+01,2.000000000000000000e+00
8.800000000000000000e+01,7.856893539428710938e-02,2.993773589545270397e+01,7.000000000000000000e+00
8.900000000000000000e+01,7.902693748474121094e-02,2.993773589545270397e+01,2.000000000000000000e+00
9.000000000000000000e+01,7.969498634338378906e-02,2.993773589545270397e+01,7.000000000000000000e+00
9.100000000000000000e+01,8.024501800537109375e-02,2.993773589545270397e+01,2.000000000000000000e+00
9.200000000000000000e+01,8.087396621704101562e-02,2.993773589545270397e+01,7.000000000000000000e+00
9.300000000000000000e+01,8.139705657958984375e-02,2.993773589545270397e+01,2.000000000000000000e+00
9.400000000000000000e+01,8.211302757263183594e-02,2.993773589545270397e+01,7.000000000000000000e+00
9.500000000000000000e+01,8.257794380187988281e-02,2.993773589545270397e+01,2.000000000000000000e+00
9.600000000000000000e+01,8.336901664733886719e-02,2.993773589545270397e+01,7.000000000000000000e+00
9.700000000000000000e+01,8.418893814086914062e-02,2.993773589545270397e+01,2.000000000000000000e+00
9.800000000000000000e+01,8.478808403015136719e-02,2.993773589545270397e+01,7.000000000000000000e+00
9.900000000000000000e+01,8.528399467468261719e-02,2.993773589545270397e+01,2.000000000000000000e+00
1.000000000000000000e+02,8.602094650268554688e-02,2.993773589545270397e+01,7.000000000000000000e+00
1.010000000000000000e+02,8.660101890563964844e-02,2.993773589545270397e+01,2.000000000000000000e+00
1.020000000000000000e+02,8.723592758178710938e-02,2.993773589545270397e+01,7.000000000000000000e+00
1.030000000000000000e+02,8.773398399353027344e-02,2.993773589545270397e+01,2.000000000000000000e+00
1.040000000000000000e+02,8.871507644653320312e-02,2.993773589545270397e+01,7.000000000000000000e+00
1.050000000000000000e+02,8.921003341674804688e-02,2.993773589545270397e+01,2.000000000000000000e+00
1.060000000000000000e+02,9.101104736328125000e-02,2.993773589545270397e+01,8.000000000000000000e+00
1.070000000000000000e+02,9.147691726684570312e-02,2.993773589545270397e+01,2.000000000000000000e+00
1.080000000000000000e+02,9.208607673645019531e-02,2.993773589545270397e+01,8.000000000000000000e+00
1.090000000000000000e+02,9.272408485412597656e-02,2.993773589545270397e+01,2.000000000000000000e+00
1.100000000000000000e+02,9.434795379638671875e-02,2.993773589545270397e+01,9.000000000000000000e+00
1.110000000000000000e+02,9.483790397644042969e-02,2.993773589545270397e+01,2.000000000000000000e+00
1.120000000000000000e+02,9.536290168762207031e-02,2.993773589545270397e+01,9.000000000000000000e+00
1.130000000000000000e+02,9.589004516601562500e-02,2.993773589545270397e+01,2.000000000000000000e+00
1.140000000000000000e+02,9.661006927490234375e-02,2.993773589545270397e+01,9.000000000000000000e+00
1.150000000000000000e+02,9.715104103088378906e-02,2.993773589545270397e+01,2.000000000000000000e+00
1.160000000000000000e+02,9.790897369384765625e-02,2.993773589545270397e+01,9.000000000000000000e+00
1.170000000000000000e+02,9.841799736022949219e-02,2.993773589545270397e+01,2.000000000000000000e+00
1.180000000000000000e+02,9.955501556396484375e-02,2.993773589545270397e+01,9.000000000000000000e+00
1.190000000000000000e+02,1.000590324401855469e-01,2.993773589545270397e+01,2.000000000000000000e+00
1.200000000000000000e+02,1.009709835052490234e-01,2.993773589545270397e+01,9.000000000000000000e+00
1.210000000000000000e+02,1.015229225158691406e-01,2.993773589545270397e+01,2.000000000000000000e+00
1.220000000000000000e+02,1.021108627319335938e-01,2.993773589545270397e+01,9.000000000000000000e+00
1.230000000000000000e+02,1.026308536529541016e-01,2.993773589545270397e+01,2.000000000000000000e+00
1.240000000000000000e+02,1.034469604492187500e-01,2.993773589545270397e+01,9.000000000000000000e+00
1.250000000000000000e+02,1.039299964904785156e-01,2.993773589545270397e+01,2.000000000000000000e+00
1.260000000000000000e+02,1.044340133666992188e-01,2.993773589545270397e+01,9.000000000000000000e+00
1.270000000000000000e+02,1.048419475555419922e-01,2.993773589545270397e+01,2.000000000000000000e+00
1.280000000000000000e+02,1.078369617462158203e-01,2.993747794954177976e+01,1.000000000000000000e+01
1.290000000000000000e+02,1.083130836486816406e-01,2.993747794954177976e+01,2.000000000000000000e+00
1.300000000000000000e+02,1.095888614654541016e-01,2.993747794954177976e+01,9.000000000000000000e+00
1.310000000000000000e+02,1.101748943328857422e-01,2.993747794954177976e+01,2.000000000000000000e+00
1.320000000000000000e+02,1.107699871063232422e-01,2.993747794954177976e+01,9.000000000000000000e+00
1.330000000000000000e+02,1.112430095672607422e-01,2.993747794954177976e+01,2.000000000000000000e+00
1.340000000000000000e+02,1.118018627166748047e-01,2.993747794954177976e+01,9.000000000000000000e+00
1.350000000000000000e+02,1.122760772705078125e-01,2.993747794954177976e+01,2.000000000000000000e+00
1.360000000000000000e+02,1.132190227508544922e-01,2.993747794954177976e+01,9.000000000000000000e+00
1.370000000000000000e+02,1.137130260467529297e-01,2.993747794954177976e+01,2.000000000000000000e+00
1.380000000000000000e+02,1.145329475402832031e-01,2.993747794954177976e+01,9.000000000000000000e+00
1.390000000000000000e+02,1.152420043945312500e-01,2.993747794954177976e+01,2.000000000000000000e+00
1.400000000000000000e+02,1.158940792083740234e-01,2.993747794954177976e+01,9.000000000000000000e+00
1.410000000000000000e+02,1.164278984069824219e-01,2.993747794954177976e+01,2.000000000000000000e+00
1.420000000000000000e+02,1.169869899749755859e-01,2.993747794954177976e+01,9.000000000000000000e+00
1.430000000000000000e+02,1.174819469451904297e-01,2.993747794954177976e+01,2.000000000000000000e+00
1.440000000000000000e+02,1.181528568267822266e-01,2.993747794954177976e+01,9.000000000000000000e+00
1.450000000000000000e+02,1.186850070953369141e-01,2.993747794954177976e+01,2.000000000000000000e+00
1.460000000000000000e+02,1.194388866424560547e-01,2.993747794954177976e+01,9.000000000000000000e+00
1.470000000000000000e+02,1.199078559875488281e-01,2.993747794954177976e+01,2.000000000000000000e+00
1.480000000000000000e+02,1.207249164581298828e-01,2.993747794954177976e+01,9.000000000000000000e+00
1.490000000000000000e+02,1.212019920349121094e-01,2.993747794954177976e+01,2.000000000000000000e+00
1.500000000000000000e+02,1.218838691711425781e-01,2.993747794954177976e+01,9.000000000000000000e+00
1.510000000000000000e+02,1.223928928375244141e-01,2.993747794954177976e+01,2.000000000000000000e+00
1.520000000000000000e+02,1.231520175933837891e-01,2.993747794954177976e+01,9.000000000000000000e+00
1.530000000000000000e+02,1.236970424652099609e-01,2.993747794954177976e+01,2.000000000000000000e+00
1.540000000000000000e+02,1.249730587005615234e-01,2.993747794954177976e+01,9.000000000000000000e+00
1.550000000000000000e+02,1.255130767822265625e-01,2.993747794954177976e+01,2.000000000000000000e+00
1.560000000000000000e+02,1.263420581817626953e-01,2.993747794954177976e+01,9.000000000000000000e+00
1.570000000000000000e+02,1.268470287322998047e-01,2.993747794954177976e+01,2.000000000000000000e+00
1.580000000000000000e+02,1.277849674224853516e-01,2.993747794954177976e+01,9.000000000000000000e+00
1.590000000000000000e+02,1.282639503479003906e-01,2.993747794954177976e+01,2.000000000000000000e+00
1.600000000000000000e+02,1.289319992065429688e-01,2.993747794954177976e+01,9.000000000000000000e+00
1.610000000000000000e+02,1.294250488281250000e-01,2.993747794954177976e+01,2.000000000000000000e+00
1.620000000000000000e+02,1.308078765869140625e-01,2.993747794954177976e+01,9.000000000000000000e+00
1.630000000000000000e+02,1.313879489898681641e-01,2.993747794954177976e+01,2.000000000000000000e+00
1.640000000000000000e+02,1.351010799407958984e-01,2.993747794954177976e+01,1.000000000000000000e+01
1.650000000000000000e+02,1.356039047241210938e-01,2.993747794954177976e+01,2.000000000000000000e+00
1.660000000000000000e+02,1.372439861297607422e-01,2.993747794954177976e+01,1.100000000000000000e+01
1.670000000000000000e+02,1.377148628234863281e-01,2.993747794954177976e+01,2.000000000000000000e+00
1.680000000000000000e+02,1.384799480438232422e-01,2.993747794954177976e+01,1.100000000000000000e+01
1.690000000000000000e+02,1.389589309692382812e-01,2.993747794954177976e+01,2.000000000000000000e+00
1.700000000000000000e+02,1.397979259490966797e-01,2.993747794954177976e+01,1.100000000000000000e+01
1.710000000000000000e+02,1.403210163116455078e-01,2.993747794954177976e+01,2.000000000000000000e+00
1.720000000000000000e+02,1.408920288085937500e-01,2.993747794954177976e+01,1.100000000000000000e+01
1.730000000000000000e+02,1.413619518280029297e-01,2.993747794954177976e+01,2.000000000000000000e+00
1.740000000000000000e+02,1.422178745269775391e-01,2.993747794954177976e+01,1.100000000000000000e+01
1.750000000000000000e+02,1.427788734436035156e-01,2.993747794954177976e+01,2.000000000000000000e+00
1.760000000000000000e+02,1.438660621643066406e-01,2.993747794954177976e+01,1.100000000000000000e+01
1.770000000000000000e+02,1.442909240722656250e-01,2.993747794954177976e+01,2.000000000000000000e+00
1.780000000000000000e+02,1.449449062347412109e-01,2.993747794954177976e+01,1.100000000000000000e+01
1.790000000000000000e+02,1.457090377807617188e-01,2.993747794954177976e+01,2.000000000000000000e+00
1.800000000000000000e+02,1.480178833007812500e-01,2.993747794954177976e+01,1.200000000000000000e+01
1.810000000000000000e+02,1.485679149627685547e-01,2.993747794954177976e+01,2.000000000000000000e+00
1.820000000000000000e+02,1.491489410400390625e-01,2.993747794954177976e+01,1.200000000000000000e+01
1.830000000000000000e+02,1.496639251708984375e-01,2.993747794954177976e+01,2.000000000000000000e+00
1.840000000000000000e+02,1.504070758819580078e-01,2.993747794954177976e+01,1.200000000000000000e+01
1.850000000000000000e+02,1.509320735931396484e-01,2.993747794954177976e+01,2.000000000000000000e+00
1.860000000000000000e+02,1.516499519348144531e-01,2.993747794954177976e+01,1.200000000000000000e+01
1.870000000000000000e+02,1.522469520568847656e-01,2.993747794954177976e+01,2.000000000000000000e+00
1.880000000000000000e+02,1.531128883361816406e-01,2.993747794954177976e+01,1.200000000000000000e+01
1.890000000000000000e+02,1.536140441894531250e-01,2.993747794954177976e+01,2.000000000000000000e+00
1.900000000000000000e+02,1.541690826416015625e-01,2.993747794954177976e+01,1.200000000000000000e+01
1.910000000000000000e+02,1.546568870544433594e-01,2.993747794954177976e+01,2.000000000000000000e+00
1.920000000000000000e+02,1.553568840026855469e-01,2.993747794954177976e+01,1.200000000000000000e+01
1.930000000000000000e+02,1.558010578155517578e-01,2.993747794954177976e+01,2.000000000000000000e+00
1.940000000000000000e+02,1.564760208129882812e-01,2.993747794954177976e+01,1.200000000000000000e+01
1.950000000000000000e+02,1.569590568542480469e-01,2.993747794954177976e+01,2.000000000000000000e+00
1.960000000000000000e+02,1.574959754943847656e-01,2.993747794954177976e+01,1.200000000000000000e+01
1.970000000000000000e+02,1.579809188842773438e-01,2.993747794954177976e+01,2.000000000000000000e+00
1.980000000000000000e+02,1.585278511047363281e-01,2.993747794954177976e+01,1.200000000000000000e+01
1.990000000000000000e+02,1.590399742126464844e-01,2.993747794954177976e+01,2.000000000000000000e+00
2.000000000000000000e+02,1.599678993225097656e-01,2.993747794954177976e+01,1.200000000000000000e+01
2.010000000000000000e+02,1.604359149932861328e-01,2.993747794954177976e+01,2.000000000000000000e+00
2.020000000000000000e+02,1.614608764648437500e-01,2.993747794954177976e+01,1.200000000000000000e+01
2.030000000000000000e+02,1.619229316711425781e-01,2.993747794954177976e+01,2.000000000000000000e+00
2.040000000000000000e+02,1.625030040740966797e-01,2.993747794954177976e+01,1.200000000000000000e+01
2.050000000000000000e+02,1.629378795623779297e-01,2.993747794954177976e+01,2.000000000000000000e+00
2.060000000000000000e+02,1.638009548187255859e-01,2.993747794954177976e+01,1.200000000000000000e+01
2.070000000000000000e+02,1.642389297485351562e-01,2.993747794954177976e+01,2.000000000000000000e+00
2.080000000000000000e+02,1.650259494781494141e-01,2.993747794954177976e+01,1.200000000000000000e+01
2.090000000000000000e+02,1.656918525695800781e-01,2.993747794954177976e+01,2.000000000000000000e+00
2.100000000000000000e+02,1.698260307312011719e-01,2.993747794954177976e+01,1.300000000000000000e+01
2.110000000000000000e+02,1.704480648040771484e-01,2.993747794954177976e+01,2.000000000000000000e+00
2.120000000000000000e+02,1.709859371185302734e-01,2.993747794954177976e+01,1.300000000000000000e+01
2.130000000000000000e+02,1.714599132537841797e-01,2.993747794954177976e+01,2.000000000000000000e+00
2.140000000000000000e+02,1.722559928894042969e-01,2.993747794954177976e+01,1.300000000000000000e+01
2.150000000000000000e+02,1.739599704742431641e-01,2.993747794954177976e+01,3.000000000000000000e+00
2.160000000000000000e+02,1.747369766235351562e-01,2.993747794954177976e+01,1.300000000000000000e+01
2.170000000000000000e+02,1.752350330352783203e-01,2.993747794954177976e+01,3.000000000000000000e+00
2.180000000000000000e+02,1.758818626403808594e-01,2.993747794954177976e+01,1.300000000000000000e+01
2.190000000000000000e+02,1.770648956298828125e-01,2.993747794954177976e+01,3.000000000000000000e+00
2.200000000000000000e+02,1.776728630065917969e-01,2.993747794954177976e+01,1.300000000000000000e+01
2.210000000000000000e+02,1.780920028686523438e-01,2.993747794954177976e+01,3.000000000000000000e+00
2.220000000000000000e+02,1.793079376220703125e-01,2.993747794954177976e+01,1.300000000000000000e+01
2.230000000000000000e+02,1.798820495605468750e-01,2.993747794954177976e+01,3.000000000000000000e+00
2.240000000000000000e+02,1.804358959197998047e-01,2.993747794954177976e+01,1.300000000000000000e+01
2.250000000000000000e+02,1.809730529785156250e-01,2.993747794954177976e+01,3.000000000000000000e+00
2.260000000000000000e+02,1.834659576416015625e-01,2.993747794954177976e+01,1.400000000000000000e+01
2.270000000000000000e+02,1.840419769287109375e-01,2.993747794954177976e+01,3.000000000000000000e+00
2.280000000000000000e+02,1.859929561614990234e-01,2.993747794954177976e+01,1.400000000000000000e+01
2.290000000000000000e+02,1.865320205688476562e-01,2.993747794954177976e+01,3.000000000000000000e+00
2.300000000000000000e+02,1.870770454406738281e-01,2.993747794954177976e+01,1.400000000000000000e+01
2.310000000000000000e+02,1.875948905944824219e-01,2.993747794954177976e+01,3.000000000000000000e+00
2.320000000000000000e+02,1.882109642028808594e-01,2.993747794954177976e+01,1.400000000000000000e+01
2.330000000000000000e+02,1.892790794372558594e-01,2.993747794954177976e+01,3.000000000000000000e+00
2.340000000000000000e+02,1.901080608367919922e-01,2.993747794954177976e+01,1.400000000000000000e+01
2.350000000000000000e+02,1.906149387359619141e-01,2.993747794954177976e+01,3.000000000000000000e+00
2.360000000000000000e+02,1.961679458618164062e-01,2.993747794954177976e+01,1.500000000000000000e+01
2.370000000000000000e+02,1.966478824615478516e-01,2.993747794954177976e+01,3.000000000000000000e+00
2.380000000000000000e+02,1.973500251770019531e-01,2.993747794954177976e+01,1.500000000000000000e+01
2.390000000000000000e+02,1.977789402008056641e-01,2.993747794954177976e+01,3.000000000000000000e+00
2.400000000000000000e+02,1.983339786529541016e-01,2.993747794954177976e+01,1.500000000000000000e+01
2.410000000000000000e+02,1.988639831542968750e-01,2.993747794954177976e+01,3.000000000000000000e+00
2.420000000000000000e+02,1.996619701385498047e-01,2.993747794954177976e+01,1.500000000000000000e+01
2.430000000000000000e+02,2.001340389251708984e-01,2.993747794954177976e+01,3.000000000000000000e+00
2.440000000000000000e+02,2.018539905548095703e-01,2.993747794954177976e+01,1.500000000000000000e+01
2.450000000000000000e+02,2.023780345916748047e-01,2.993747794954177976e+01,3.000000000000000000e+00
2.460000000000000000e+02,2.033610343933105469e-01,2.993747794954177976e+01,1.500000000000000000e+01
2.470000000000000000e+02,2.038199901580810547e-01,2.993747794954177976e+01,3.000000000000000000e+00
2.480000000000000000e+02,2.073929309844970703e-01,2.993747794954177976e+01,1.600000000000000000e+01
2.490000000000000000e+02,2.078809738159179688e-01,2.993747794954177976e+01,3.000000000000000000e+00
2.500000000000000000e+02,2.092280387878417969e-01,2.993747794954177976e+01,1.600000000000000000e+01
2.510000000000000000e+02,2.097399234771728516e-01,2.993747794954177976e+01,3.000000000000000000e+00
2.520000000000000000e+02,2.106609344482421875e-01,2.993747794954177976e+01,1.600000000000000000e+01
2.530000000000000000e+02,2.111818790435791016e-01,2.993747794954177976e+01,3.000000000000000000e+00
2.540000000000000000e+02,2.119388580322265625e-01,2.993747794954177976e+01,1.600000000000000000e+01
2.550000000000000000e+02,2.126150131225585938e-01,2.993747794954177976e+01,3.000000000000000000e+00
2.560000000000000000e+02,2.134420871734619141e-01,2.993747794954177976e+01,1.600000000000000000e+01
2.570000000000000000e+02,2.139608860015869141e-01,2.993747794954177976e+01,3.000000000000000000e+00
2.580000000000000000e+02,2.146968841552734375e-01,2.993747794954177976e+01,1.600000000000000000e+01
2.590000000000000000e+02,2.153699398040771484e-01,2.993747794954177976e+01,3.000000000000000000e+00
2.600000000000000000e+02,2.162029743194580078e-01,2.993747794954177976e+01,1.600000000000000000e+01
2.610000000000000000e+02,2.167539596557617188e-01,2.993747794954177976e+01,3.000000000000000000e+00
2.620000000000000000e+02,2.175688743591308594e-01,2.993747794954177976e+01,1.600000000000000000e+01
2.630000000000000000e+02,2.180469036102294922e-01,2.993747794954177976e+01,3.000000000000000000e+00
2.640000000000000000e+02,2.189319133758544922e-01,2.993747794954177976e+01,1.600000000000000000e+01
2.650000000000000000e+02,2.194628715515136719e-01,2.993747794954177976e+01,3.000000000000000000e+00
2.660000000000000000e+02,2.245340347290039062e-01,2.991197184118509966e+01,1.700000000000000000e+01
2.670000000000000000e+02,2.250630855560302734e-01,2.991197184118509966e+01,3.000000000000000000e+00
2.680000000000000000e+02,2.259569168090820312e-01,2.991197184118509966e+01,1.400000000000000000e+01
2.690000000000000000e+02,2.264530658721923828e-01,2.991197184118509966e+01,3.000000000000000000e+00
2.700000000000000000e+02,2.273459434509277344e-01,2.991197184118509966e+01,1.400000000000000000e+01
2.710000000000000000e+02,2.278950214385986328e-01,2.991197184118509966e+01,3.000000000000000000e+00
2.720000000000000000e+02,2.284870147705078125e-01,2.991197184118509966e+01,1.400000000000000000e+01
2.730000000000000000e+02,2.289710044860839844e-01,2.991197184118509966e+01,3.000000000000000000e+00
2.740000000000000000e+02,2.297558784484863281e-01,2.991197184118509966e+01,1.400000000000000000e+01
2.750000000000000000e+02,2.309839725494384766e-01,2.991197184118509966e+01,3.000000000000000000e+00
2.760000000000000000e+02,2.317450046539306641e-01,2.991197184118509966e+01,1.400000000000000000e+01
2.770000000000000000e+02,2.322700023651123047e-01,2.991197184118509966e+01,3.000000000000000000e+00
2.780000000000000000e+02,2.333030700683593750e-01,2.991197184118509966e+01,1.400000000000000000e+01
2.790000000000000000e+02,2.339658737182617188e-01,2.991197184118509966e+01,3.000000000000000000e+00
2.800000000000000000e+02,2.348239421844482422e-01,2.991197184118509966e+01,1.400000000000000000e+01
2.810000000000000000e+02,2.353339195251464844e-01,2.991197184118509966e+01,3.000000000000000000e+00
2.820000000000000000e+02,2.359158992767333984e-01,2.991197184118509966e+01,1.400000000000000000e+01
2.830000000000000000e+02,2.363538742065429688e-01,2.991197184118509966e+01,3.000000000000000000e+00
2.840000000000000000e+02,2.369070053100585938e-01,2.991197184118509966e+01,1.400000000000000000e+01
2.850000000000000000e+02,2.374839782714843750e-01,2.991197184118509966e+01,3.000000000000000000e+00
2.860000000000000000e+02,2.380878925323486328e-01,2.991197184118509966e+01,1.400000000000000000e+01
2.870000000000000000e+02,2.404489517211914062e-01,2.991197184118509966e+01,3.000000000000000000e+00
2.880000000000000000e+02,2.411379814147949219e-01,2.991197184118509966e+01,1.400000000000000000e+01
2.890000000000000000e+02,2.416038513183593750e-01,2.991197184118509966e+01,3.000000000000000000e+00
2.900000000000000000e+02,2.422690391540527344e-01,2.991197184118509966e+01,1.400000000000000000e+01
2.910000000000000000e+02,2.428479194641113281e-01,2.991197184118509966e+01,3.000000000000000000e+00
2.920000000000000000e+02,2.438859939575195312e-01,2.991197184118509966e+01,1.400000000000000000e+01
2.930000000000000000e+02,2.451899051666259766e-01,2.991197184118509966e+01,3.000000000000000000e+00
2.940000000000000000e+02,2.463169097900390625e-01,2.991197184118509966e+01,1.400000000000000000e+01
2.950000000000000000e+02,2.468578815460205078e-01,2.991197184118509966e+01,3.000000000000000000e+00
2.960000000000000000e+02,2.475509643554687500e-01,2.991197184118509966e+01,1.400000000000000000e+01
2.970000000000000000e+02,2.479948997497558594e-01,2.991197184118509966e+01,3.000000000000000000e+00
2.980000000000000000e+02,2.487649917602539062e-01,2.991197184118509966e+01,1.400000000000000000e+01
2.990000000000000000e+02,2.495958805084228516e-01,2.991197184118509966e+01,3.000000000000000000e+00
3.000000000000000000e+02,2.503740787506103516e-01,2.991197184118509966e+01,1.400000000000000000e+01
3.010000000000000000e+02,2.514050006866455078e-01,2.991197184118509966e+01,3.000000000000000000e+00
3.020000000000000000e+02,2.522950172424316406e-01,2.991197184118509966e+01,1.400000000000000000e+01
3.030000000000000000e+02,2.528309822082519531e-01,2.991197184118509966e+01,3.000000000000000000e+00
3.040000000000000000e+02,2.537429332733154297e-01,2.991197184118509966e+01,1.400000000000000000e+01
3.050000000000000000e+02,2.550039291381835938e-01,2.991197184118509966e+01,3.000000000000000000e+00
3.060000000000000000e+02,2.558488845825195312e-01,2.991197184118509966e+01,1.400000000000000000e+01
3.070000000000000000e+02,2.577199935913085938e-01,2.991197184118509966e+01,4.000000000000000000e+00
3.080000000000000000e+02,2.583179473876953125e-01,2.991197184118509966e+01,1.400000000000000000e+01
3.090000000000000000e+02,2.589008808135986328e-01,2.991197184118509966e+01,4.000000000000000000e+00
3.100000000000000000e+02,2.596750259399414062e-01,2.991197184118509966e+01,1.400000000000000000e+01
3.110000000000000000e+02,2.606570720672607422e-01,2.991197184118509966e+01,4.000000000000000000e+00
3.120000000000000000e+02,2.613768577575683594e-01,2.991197184118509966e+01,1.400000000000000000e+01
3.130000000000000000e+02,2.619738578796386719e-01,2.991197184118509966e+01,4.000000000000000000e+00
3.140000000000000000e+02,2.626168727874755859e-01,2.991197184118509966e+01,1.400000000000000000e+01
3.150000000000000000e+02,2.632470130920410156e-01,2.991197184118509966e+01,4.000000000000000000e+00
3.160000000000000000e+02,2.640149593353271484e-01,2.991197184118509966e+01,1.400000000000000000e+01
3.170000000000000000e+02,2.646720409393310547e-01,2.991197184118509966e+01,4.000000000000000000e+00
3.180000000000000000e+02,2.655820846557617188e-01,2.991197184118509966e+01,1.400000000000000000e+01
3.190000000000000000e+02,2.661960124969482422e-01,2.991197184118509966e+01,4.000000000000000000e+00
3.200000000000000000e+02,2.669479846954345703e-01,2.991197184118509966e+01,1.400000000000000000e+01
3.210000000000000000e+02,2.674109935760498047e-01,2.991197184118509966e+01,4.000000000000000000e+00
3.220000000000000000e+02,2.679760456085205078e-01,2.991197184118509966e+01,1.400000000000000000e+01
3.230000000000000000e+02,2.685079574584960938e-01,2.991197184118509966e+01,4.000000000000000000e+00
3.240000000000000000e+02,2.690620422363281250e-01,2.991197184118509966e+01,1.400000000000000000e+01
3.250000000000000000e+02,2.696309089660644531e-01,2.991197184118509966e+01,4.000000000000000000e+00
3.260000000000000000e+02,2.704329490661621094e-01,2.991197184118509966e+01,1.400000000000000000e+01
3.270000000000000000e+02,2.709760665893554688e-01,2.991197184118509966e+01,4.000000000000000000e+00
3.280000000000000000e+02,2.715010643005371094e-01,2.991197184118509966e+01,1.400000000000000000e+01
3.290000000000000000e+02,2.725250720977783203e-01,2.991197184118509966e+01,4.000000000000000000e+00
3.300000000000000000e+02,2.731609344482421875e-01,2.991197184118509966e+01,1.400000000000000000e+01
3.310000000000000000e+02,2.739350795745849609e-01,2.991197184118509966e+01,4.000000000000000000e+00
3.320000000000000000e+02,2.747840881347656250e-01,2.991197184118509966e+01,1.400000000000000000e+01
3.330000000000000000e+02,2.752468585968017578e-01,2.991197184118509966e+01,4.000000000000000000e+00
3.340000000000000000e+02,2.760980129241943359e-01,2.991197184118509966e+01,1.400000000000000000e+01
3.350000000000000000e+02,2.766208648681640625e-01,2.991197184118509966e+01,4.000000000000000000e+00
3.360000000000000000e+02,2.775039672851562500e-01,2.991197184118509966e+01,1.400000000000000000e+01
3.370000000000000000e+02,2.779510021209716797e-01,2.991197184118509966e+01,4.000000000000000000e+00
3.380000000000000000e+02,2.815699577331542969e-01,2.991197184118509966e+01,1.500000000000000000e+01
3.390000000000000000e+02,2.821068763732910156e-01,2.991197184118509966e+01,4.000000000000000000e+00
3.400000000000000000e+02,2.828829288482666016e-01,2.991197184118509966e+01,1.500000000000000000e+01
3.410000000000000000e+02,2.833678722381591797e-01,2.991197184118509966e+01,4.000000000000000000e+00
3.420000000000000000e+02,2.850918769836425781e-01,2.991197184118509966e+01,1.500000000000000000e+01
3.430000000000000000e+02,2.855870723724365234e-01,2.991197184118509966e+01,4.000000000000000000e+00
3.440000000000000000e+02,2.866120338439941406e-01,2.991197184118509966e+01,1.500000000000000000e+01
3.450000000000000000e+02,2.871339321136474609e-01,2.991197184118509966e+01,4.000000000000000000e+00
3.460000000000000000e+02,2.882559299468994141e-01,2.991197184118509966e+01,1.500000000000000000e+01
3.470000000000000000e+02,2.887320518493652344e-01,2.991197184118509966e+01,4.000000000000000000e+00
3.480000000000000000e+02,2.896959781646728516e-01,2.991197184118509966e+01,1.500000000000000000e+01
3.490000000000000000e+02,2.902669906616210938e-01,2.991197184118509966e+01,4.000000000000000000e+00
3.500000000000000000e+02,2.909178733825683594e-01,2.991197184118509966e+01,1.500000000000000000e+01
3.510000000000000000e+02,2.914149761199951172e-01,2.991197184118509966e+01,4.000000000000000000e+00
3.520000000000000000e+02,2.919340133666992188e-01,2.991197184118509966e+01,1.500000000000000000e+01
3.530000000000000000e+02,2.924749851226806641e-01,2.991197184118509966e+01,4.000000000000000000e+00
3.540000000000000000e+02,2.932720184326171875e-01,2.991197184118509966e+01,1.500000000000000000e+01
3.550000000000000000e+02,2.937569618225097656e-01,2.991197184118509966e+01,4.000000000000000000e+00
3.560000000000000000e+02,2.943379878997802734e-01,2.991197184118509966e+01,1.500000000000000000e+01
3.570000000000000000e+02,2.948319911956787109e-01,2.991197184118509966e+01,4.000000000000000000e+00
3.580000000000000000e+02,2.956330776214599609e-01,2.991197184118509966e+01,1.500000000000000000e+01
3.590000000000000000e+02,2.962920665740966797e-01,2.991197184118509966e+01,4.000000000000000000e+00
3.600000000000000000e+02,2.996249198913574219e-01,2.991197184118509966e+01,1.600000000000000000e+01
3.610000000000000000e+02,3.001880645751953125e-01,2.991197184118509966e+01,4.000000000000000000e+00
3.620000000000000000e+02,3.010239601135253906e-01,2.991197184118509966e+01,1.600000000000000000e+01
3.630000000000000000e+02,3.017489910125732422e-01,2.991197184118509966e+01,4.000000000000000000e+00
3.640000000000000000e+02,3.023040294647216797e-01,2.991197184118509966e+01,1.600000000000000000e+01
3.650000000000000000e+02,3.030650615692138672e-01,2.991197184118509966e+01,4.000000000000000000e+00
3.660000000000000000e+02,3.036179542541503906e-01,2.991197184118509966e+01,1.600000000000000000e+01
3.670000000000000000e+02,3.055288791656494141e-01,2.991197184118509966e+01,4.000000000000000000e+00
3.680000000000000000e+02,3.067929744720458984e-01,2.991197184118509966e+01,1.600000000000000000e+01
3.690000000000000000e+02,3.076238632202148438e-01,2.991197184118509966e+01,4.000000000000000000e+00
3.700000000000000000e+02,3.085348606109619141e-01,2.991197184118509966e+01,1.600000000000000000e+01
3.710000000000000000e+02,3.090870380401611328e-01,2.991197184118509966e+01,4.000000000000000000e+00
3.720000000000000000e+02,3.095920085906982422e-01,2.991197184118509966e+01,1.600000000000000000e+01
3.730000000000000000e+02,3.106479644775390625e-01,2.991197184118509966e+01,4.000000000000000000e+00
3.740000000000000000e+02,3.114299774169921875e-01,2.991197184118509966e+01,1.600000000000000000e+01
3.750000000000000000e+02,3.119649887084960938e-01,2.991197184118509966e+01,4.000000000000000000e+00
3.760000000000000000e+02,3.131570816040039062e-01,2.991197184118509966e+01,1.600000000000000000e+01
3.770000000000000000e+02,3.135859966278076172e-01,2.991197184118509966e+01,4.000000000000000000e+00
3.780000000000000000e+02,3.176350593566894531e-01,2.991197184118509966e+01,1.700000000000000000e+01
3.790000000000000000e+02,3.182470798492431641e-01,2.991197184118509966e+01,4.000000000000000000e+00
3.800000000000000000e+02,3.188500404357910156e-01,2.991197184118509966e+01,1.700000000000000000e+01
3.810000000000000000e+02,3.193938732147216797e-01,2.991197184118509966e+01,4.000000000000000000e+00
3.820000000000000000e+02,3.201780319213867188e-01,2.991197184118509966e+01,1.700000000000000000e+01
3.830000000000000000e+02,3.206350803375244141e-01,2.991197184118509966e+01,4.000000000000000000e+00
3.840000000000000000e+02,3.211939334869384766e-01,2.991197184118509966e+01,1.700000000000000000e+01
3.850000000000000000e+02,3.218739032745361328e-01,2.991197184118509966e+01,4.000000000000000000e+00
3.860000000000000000e+02,3.231010437011718750e-01,2.991197184118509966e+01,1.700000000000000000e+01
3.870000000000000000e+02,3.236310482025146484e-01,2.991197184118509966e+01,4.000000000000000000e+00
3.880000000000000000e+02,3.246920108795166016e-01,2.991197184118509966e+01,1.700000000000000000e+01
3.890000000000000000e+02,3.251788616180419922e-01,2.991197184118509966e+01,4.000000000000000000e+00
3.900000000000000000e+02,3.257319927215576172e-01,2.991197184118509966e+01,1.700000000000000000e+01
3.910000000000000000e+02,3.262939453125000000e-01,2.991197184118509966e+01,4.000000000000000000e+00
3.920000000000000000e+02,3.287279605865478516e-01,2.991197184118509966e+01,1.800000000000000000e+01
3.930000000000000000e+02,3.292288780212402344e-01,2.991197184118509966e+01,4.000000000000000000e+00
3.940000000000000000e+02,3.300499916076660156e-01,2.991197184118509966e+01,1.800000000000000000e+01
3.950000000000000000e+02,3.305909633636474609e-01,2.991197184118509966e+01,4.000000000000000000e+00
3.960000000000000000e+02,3.314650058746337891e-01,2.991197184118509966e+01,1.800000000000000000e+01
3.970000000000000000e+02,3.319919109344482422e-01,2.991197184118509966e+01,4.000000000000000000e+00
3.980000000000000000e+02,3.325040340423583984e-01,2.991197184118509966e+01,1.800000000000000000e+01
3.990000000000000000e+02,3.329448699951171875e-01,2.991197184118509966e+01,4.000000000000000000e+00
4.000000000000000000e+02,3.338410854339599609e-01,2.991197184118509966e+01,1.800000000000000000e+01
4.010000000000000000e+02,3.345360755920410156e-01,2.991197184118509966e+01,4.000000000000000000e+00
4.020000000000000000e+02,3.352239131927490234e-01,2.991197184118509966e+01,1.800000000000000000e+01
4.030000000000000000e+02,3.358850479125976562e-01,2.991197184118509966e+01,4.000000000000000000e+00
4.040000000000000000e+02,3.366169929504394531e-01,2.991197184118509966e+01,1.800000000000000000e+01
4.050000000000000000e+02,3.371520042419433594e-01,2.991197184118509966e+01,4.000000000000000000e+00
4.060000000000000000e+02,3.378019332885742188e-01,2.991197184118509966e+01,1.800000000000000000e+01
4.070000000000000000e+02,3.383369445800781250e-01,2.991197184118509966e+01,4.000000000000000000e+00
4.080000000000000000e+02,3.394899368286132812e-01,2.991197184118509966e+01,1.800000000000000000e+01
4.090000000000000000e+02,3.399400711059570312e-01,2.991197184118509966e+01,4.000000000000000000e+00
4.100000000000000000e+02,3.406150341033935547e-01,2.991197184118509966e+01,1.800000000000000000e+01
4.110000000000000000e+02,3.411738872528076172e-01,2.991197184118509966e+01,4.000000000000000000e+00
4.120000000000000000e+02,3.447890281677246094e-01,2.991197184118509966e+01,1.900000000000000000e+01
4.130000000000000000e+02,3.454399108886718750e-01,2.991197184118509966e+01,4.000000000000000000e+00
4.140000000000000000e+02,3.461458683013916016e-01,2.991197184118509966e+01,1.900000000000000000e+01
4.150000000000000000e+02,3.466949462890625000e-01,2.991197184118509966e+01,4.000000000000000000e+00
4.160000000000000000e+02,3.472709655761718750e-01,2.991197184118509966e+01,1.900000000000000000e+01
4.170000000000000000e+02,3.478419780731201172e-01,2.991197184118509966e+01,4.000000000000000000e+00
4.180000000000000000e+02,3.487100601196289062e-01,2.991197184118509966e+01,1.900000000000000000e+01
4.190000000000000000e+02,3.491899967193603516e-01,2.991197184118509966e+01,4.000000000000000000e+00
4.200000000000000000e+02,3.500480651855468750e-01,2.991197184118509966e+01,1.900000000000000000e+01
4.210000000000000000e+02,3.507339954376220703e-01,2.991197184118509966e+01,4.000000000000000000e+00
4.220000000000000000e+02,3.514339923858642578e-01,2.991197184118509966e+01,1.900000000000000000e+01
4.230000000000000000e+02,3.519690036773681641e-01,2.991197184118509966e+01,4.000000000000000000e+00
4.240000000000000000e+02,3.525328636169433594e-01,2.991197184118509966e+01,1.900000000000000000e+01
4.250000000000000000e+02,3.530559539794921875e-01,2.991197184118509966e+01,4.000000000000000000e+00
4.260000000000000000e+02,3.539359569549560547e-01,2.991197184118509966e+01,1.900000000000000000e+01
4.270000000000000000e+02,3.547708988189697266e-01,2.991197184118509966e+01,4.000000000000000000e+00
4.280000000000000000e+02,3.556549549102783203e-01,2.991197184118509966e+01,1.900000000000000000e+01
4.290000000000000000e+02,3.562140464782714844e-01,2.991197184118509966e+01,4.000000000000000000e+00
4.300000000000000000e+02,3.575580120086669922e-01,2.991197184118509966e+01,1.900000000000000000e+01
4.310000000000000000e+02,3.592848777770996094e-01,2.991197184118509966e+01,5.000000000000000000e+00
4.320000000000000000e+02,3.601539134979248047e-01,2.991197184118509966e+01,1.900000000000000000e+01
4.330000000000000000e+02,3.607220649719238281e-01,2.991197184118509966e+01,5.000000000000000000e+00
4.340000000000000000e+02,3.615760803222656250e-01,2.991197184118509966e+01,1.900000000000000000e+01
4.350000000000000000e+02,3.621249198913574219e-01,2.991197184118509966e+01,5.000000000000000000e+00
4.360000000000000000e+02,3.629939556121826172e-01,2.991197184118509966e+01,1.900000000000000000e+01
4.370000000000000000e+02,3.634459972381591797e-01,2.991197184118509966e+01,5.000000000000000000e+00
4.380000000000000000e+02,3.639800548553466797e-01,2.991197184118509966e+01,1.900000000000000000e+01
4.390000000000000000e+02,3.657538890838623047e-01,2.991197184118509966e+01,5.000000000000000000e+00
4.400000000000000000e+02,3.667118549346923828e-01,2.991197184118509966e+01,1.900000000000000000e+01
4.410000000000000000e+02,3.672490119934082031e-01,2.991197184118509966e+01,5.000000000000000000e+00
4.420000000000000000e+02,3.678078651428222656e-01,2.991197184118509966e+01,1.900000000000000000e+01
4.430000000000000000e+02,3.688259124755859375e-01,2.991197184118509966e+01,5.000000000000000000e+00
4.440000000000000000e+02,3.693778514862060547e-01,2.991197184118509966e+01,1.900000000000000000e+01
4.450000000000000000e+02,3.698508739471435547e-01,2.991197184118509966e+01,5.000000000000000000e+00
4.460000000000000000e+02,3.703899383544921875e-01,2.991197184118509966e+01,1.900000000000000000e+01
4.470000000000000000e+02,3.711988925933837891e-01,2.991197184118509966e+01,5.000000000000000000e+00
4.480000000000000000e+02,3.719699382781982422e-01,2.991197184118509966e+01,1.900000000000000000e+01
4.490000000000000000e+02,3.724660873413085938e-01,2.991197184118509966e+01,5.000000000000000000e+00
4.500000000000000000e+02,3.731689453125000000e-01,2.991197184118509966e+01,1.900000000000000000e+01
4.510000000000000000e+02,3.736879825592041016e-01,2.991197184118509966e+01,5.000000000000000000e+00
4.520000000000000000e+02,3.742830753326416016e-01,2.991197184118509966e+01,1.900000000000000000e+01
4.530000000000000000e+02,3.748068809509277344e-01,2.991197184118509966e+01,5.000000000000000000e+00
4.540000000000000000e+02,3.753850460052490234e-01,2.991197184118509966e+01,1.900000000000000000e+01
4.550000000000000000e+02,3.757970333099365234e-01,2.991197184118509966e+01,5.000000000000000000e+00
4.560000000000000000e+02,3.763730525970458984e-01,2.991197184118509966e+01,1.900000000000000000e+01
4.570000000000000000e+02,3.777170181274414062e-01,2.991197184118509966e+01,5.000000000000000000e+00
4.580000000000000000e+02,3.782470226287841797e-01,2.991197184118509966e+01,1.900000000000000000e+01
4.590000000000000000e+02,3.791790008544921875e-01,2.991197184118509966e+01,5.000000000000000000e+00
4.600000000000000000e+02,3.800680637359619141e-01,2.991197184118509966e+01,1.900000000000000000e+01
4.610000000000000000e+02,3.806009292602539062e-01,2.991197184118509966e+01,5.000000000000000000e+00
4.620000000000000000e+02,3.816058635711669922e-01,2.991197184118509966e+01,1.900000000000000000e+01
4.630000000000000000e+02,3.824660778045654297e-01,2.991197184118509966e+01,5.000000000000000000e+00
4.640000000000000000e+02,3.833649158477783203e-01,2.991197184118509966e+01,1.900000000000000000e+01
4.650000000000000000e+02,3.851349353790283203e-01,2.991197184118509966e+01,5.000000000000000000e+00
4.660000000000000000e+02,3.863370418548583984e-01,2.991197184118509966e+01,1.900000000000000000e+01
4.670000000000000000e+02,3.873050212860107422e-01,2.991197184118509966e+01,5.000000000000000000e+00
4.680000000000000000e+02,3.882479667663574219e-01,2.991197184118509966e+01,1.900000000000000000e+01
4.690000000000000000e+02,3.889920711517333984e-01,2.991197184118509966e+01,5.000000000000000000e+00
4.700000000000000000e+02,3.936219215393066406e-01,2.991197184118509966e+01,2.000000000000000000e+01
4.710000000000000000e+02,3.941419124603271484e-01,2.991197184118509966e+01,5.000000000000000000e+00
4.720000000000000000e+02,3.950710296630859375e-01,2.991197184118509966e+01,2.000000000000000000e+01
4.730000000000000000e+02,3.955900669097900391e-01,2.991197184118509966e+01,5.000000000000000000e+00
4.740000000000000000e+02,3.961420059204101562e-01,2.991197184118509966e+01,2.000000000000000000e+01
4.750000000000000000e+02,3.966159820556640625e-01,2.991197184118509966e+01,5.000000000000000000e+00
4.760000000000000000e+02,3.973710536956787109e-01,2.991197184118509966e+01,2.000000000000000000e+01
4.770000000000000000e+02,3.979408740997314453e-01,2.991197184118509966e+01,5.000000000000000000e+00
4.780000000000000000e+02,3.987560272216796875e-01,2.991197184118509966e+01,2.000000000000000000e+01
4.790000000000000000e+02,3.992719650268554688e-01,2.991197184118509966e+01,5.000000000000000000e+00
4.800000000000000000e+02,4.004518985748291016e-01,2.991197184118509966e+01,2.000000000000000000e+01
4.810000000000000000e+02,4.010210037231445312e-01,2.991197184118509966e+01,5.000000000000000000e+00
4.820000000000000000e+02,4.020290374755859375e-01,2.991197184118509966e+01,2.000000000000000000e+01
4.830000000000000000e+02,4.033858776092529297e-01,2.991197184118509966e+01,5.000000000000000000e+00
4.840000000000000000e+02,4.041550159454345703e-01,2.991197184118509966e+01,2.000000000000000000e+01
4.850000000000000000e+02,4.046130180358886719e-01,2.991197184118509966e+01,5.000000000000000000e+00
4.860000000000000000e+02,4.054119586944580078e-01,2.991197184118509966e+01,2.000000000000000000e+01
4.870000000000000000e+02,4.060618877410888672e-01,2.991197184118509966e+01,5.000000000000000000e+00
4.880000000000000000e+02,4.066379070281982422e-01,2.991197184118509966e+01,2.000000000000000000e+01
4.890000000000000000e+02,4.073469638824462891e-01,2.991197184118509966e+01,5.000000000000000000e+00
4.900000000000000000e+02,4.082479476928710938e-01,2.991197184118509966e+01,2.000000000000000000e+01
4.910000000000000000e+02,4.090840816497802734e-01,2.991197184118509966e+01,5.000000000000000000e+00
4.920000000000000000e+02,4.100909233093261719e-01,2.991197184118509966e+01,2.000000000000000000e+01
4.930000000000000000e+02,4.106230735778808594e-01,2.991197184118509966e+01,5.000000000000000000e+00
4.940000000000000000e+02,4.112370014190673828e-01,2.991197184118509966e+01,2.000000000000000000e+01
4.950000000000000000e+02,4.118020534515380859e-01,2.991197184118509966e+01,5.000000000000000000e+00
4.960000000000000000e+02,4.126858711242675781e-01,2.991197184118509966e+01,2.000000000000000000e+01
4.970000000000000000e+02,4.136340618133544922e-01,2.991197184118509966e+01,5.000000000000000000e+00
4.980000000000000000e+02,4.144248962402343750e-01,2.991197184118509966e+01,2.000000000000000000e+01
4.990000000000000000e+02,4.152660369873046875e-01,2.991197184118509966e+01,5.000000000000000000e+00
