0.000000000000000000e+00,2.768993377685546875e-03,0.000000000000000000e+00,2.000000000000000000e+00
1.000000000000000000e+00,5.188941955566406250e-03,0.000000000000000000e+00,2.000000000000000000e+00
2.000000000000000000e+00,9.150981903076171875e-03,0.000000000000000000e+00,3.000000000000000000e+00
3.000000000000000000e+00,1.147985458374023438e-02,0.000000000000000000e+00,3.000000000000000000e+00
4.000000000000000000e+00,1.385402679443359375e-02,0.000000000000000000e+00,4.000000000000000000e+00
5.000000000000000000e+00,1.584887504577636719e-02,0.000000000000000000e+00,4.000000000000000000e+00
6.000000000000000000e+00,1.821899414062500000e-02,0.000000000000000000e+00,5.000000000000000000e+00
7.000000000000000000e+00,2.026391029357910156e-02,0.000000000000000000e+00,5.000000000000000000e+00
8.000000000000000000e+00,2.231192588806152344e-02,0.000000000000000000e+00,6.000000000000000000e+00
9.000000000000000000e+00,2.437591552734375000e-02,0.000000000000000000e+00,6.000000000000000000e+00
1.000000000000000000e+01,2.623796463012695312e-02,0.000000000000000000e+00,7.000000000000000000e+00
1.100000000000000000e+01,2.840304374694824219e-02,0.000000000000000000e+00,7.000000000000000000e+00
1.200000000000000000e+01,3.038191795349121094e-02,0.000000000000000000e+00,8.000000000000000000e+00
1.300000000000000000e+01,3.167295455932617188e-02,0.000000000000000000e+00,7.000000000000000000e+00
1.400000000000000000e+01,3.281593322753906250e-02,0.000000000000000000e+00,8.000000000000000000e+00
1.500000000000000000e+01,3.465485572814941406e-02,2.629332242337742187e+01,8.000000000000000000e+00
1.600000000000000000e+01,3.545904159545898438e-02,2.629332242337742187e+01,8.000000000000000000e+00
1.700000000000000000e+01,3.636598587036132812e-02,2.629332242337742187e+01,6.000000000000000000e+00
1.800000000000000000e+01,3.730487823486328125e-02,2.629332242337742187e+01,8.000000000000000000e+00
1.900000000000000000e+01,3.826189041137695312e-02,2.629332242337742187e+01,6.000000000000000000e+00
2.000000000000000000e+01,3.908991813659667969e-02,2.629332242337742187e+01,8.000000000000000000e+00
2.100000000000000000e+01,4.006505012512207031e-02,2.629332242337742187e+01,6.000000000000000000e+00
2.200000000000000000e+01,4.138088226318359375e-02,2.629332242337742187e+01,8.000000000000000000e+00
2.300000000000000000e+01,4.236388206481933594e-02,2.629332242337742187e+01,6.000000000000000000e+00
2.400000000000000000e+01,4.343104362487792969e-02,2.629332242337742187e+01,8.000000000000000000e+00
2.500000000000000000e+01,4.471588134765625000e-02,2.629332242337742187e+01,6.000000000000000000e+00
2.600000000000000000e+01,4.576992988586425781e-02,2.629332242337742187e+01,8.000000000000000000e+00
2.700000000000000000e+01,4.795289039611816406e-02,2.629332242337742187e+01,6.000000000000000000e+00
2.800000000000000000e+01,4.948806762695312500e-02,2.629332242337742187e+01,8.000000000000000000e+00
2.900000000000000000e+01,5.008196830749511719e-02,2.629332242337742187e+01,6.000000000000000000e+00
3.000000000000000000e+01,5.332493782043457031e-02,2.629332242337742187e+01,9.000000000000000000e+00
3.100000000000000000e+01,5.393004417419433594e-02,2.629332242337742187e+01,6.000000000000000000e+00
3.200000000000000000e+01,5.635905265808105469e-02,2.629332242337742187e+01,1.000000000000000000e+01
3.300000000000000000e+01,6.010389328002929688e-02,2.629332242337742187e+01,7.000000000000000000e+00
3.400000000000000000e+01,6.225895881652832031e-02,2.629332242337742187e+01,1.100000000000000000e+01
3.500000000000000000e+01,6.485891342163085938e-02,2.629332242337742187e+01,8.000000000000000000e+00
3.600000000000000000e+01,6.679892539978027344e-02,2.629332242337742187e+01,1.200000000000000000e+01
3.700000000000000000e+01,6.912302970886230469e-02,2.592683072464553362e+01,9.000000000000000000e+00
3.800000000000000000e+01,7.093286514282226562e-02,2.592683072464553362e+01,1.300000000000000000e+01
3.900000000000000000e+01,7.326507568359375000e-02,2.587311379714094883e+01,1.000000000000000000e+01
4.000000000000000000e+01,7.520484924316406250e-02,2.587311379714094883e+01,1.400000000000000000e+01
4.100000000000000000e+01,7.762193679809570312e-02,2.587311379714094883e+01,1.100000000000000000e+01
4.200000000000000000e+01,7.840704917907714844e-02,2.587311379714094883e+01,1.400000000000000000e+01
4.300000000000000000e+01,7.947802543640136719e-02,2.587311379714094883e+01,1.100000000000000000e+01
4.400000000000000000e+01,8.037185668945312500e-02,2.587311379714094883e+01,1.400000000000000000e+01
4.500000000000000000e+01,8.138489723205566406e-02,2.587311379714094883e+01,1.100000000000000000e+01
4.600000000000000000e+01,8.227086067199707031e-02,2.587311379714094883e+01,1.400000000000000000e+01
4.700000000000000000e+01,8.331108093261718750e-02,2.587311379714094883e+01,1.100000000000000000e+01
4.800000000000000000e+01,8.427095413208007812e-02,2.587311379714094883e+01,1.400000000000000000e+01
4.900000000000000000e+01,8.546996116638183594e-02,2.587311379714094883e+01,1.100000000000000000e+01
5.000000000000000000e+01,8.646488189697265625e-02,2.587311379714094883e+01,1.400000000000000000e+01
5.100000000000000000e+01,8.753490447998046875e-02,2.587311379714094883e+01,1.100000000000000000e+01
5.200000000000000000e+01,8.863592147827148438e-02,2.587311379714094883e+01,1.400000000000000000e+01
5.300000000000000000e+01,8.972501754760742188e-02,2.587311379714094883e+01,1.100000000000000000e+01
5.400000000000000000e+01,9.085893630981445312e-02,2.587311379714094883e+01,1.400000000000000000e+01
5.500000000000000000e+01,9.264087677001953125e-02,2.587311379714094883e+01,1.100000000000000000e+01
5.600000000000000000e+01,9.710597991943359375e-02,2.587311379714094883e+01,1.500000000000000000e+01
5.700000000000000000e+01,9.770989418029785156e-02,2.587311379714094883e+01,1.100000000000000000e+01
5.800000000000000000e+01,9.835195541381835938e-02,2.587311379714094883e+01,1.500000000000000000e+01
5.900000000000000000e+01,9.892892837524414062e-02,2.587311379714094883e+01,1.100000000000000000e+01
6.000000000000000000e+01,1.029870510101318359e-01,2.587311379714094883e+01,1.600000000000000000e+01
6.100000000000000000e+01,1.084909439086914062e-01,2.587311379714094883e+01,1.200000000000000000e+01
6.200000000000000000e+01,1.123290061950683594e-01,2.587311379714094883e+01,1.700000000000000000e+01
6.300000000000000000e+01,1.171810626983642578e-01,2.587311379714094883e+01,1.300000000000000000e+01
6.400000000000000000e+01,1.178359985351562500e-01,2.587311379714094883e+01,1.700000000000000000e+01
6.500000000000000000e+01,1.211018562316894531e-01,2.587311379714094883e+01,1.400000000000000000e+01
6.600000000000000000e+01,1.217789649963378906e-01,2.587311379714094883e+01,1.700000000000000000e+01
6.700000000000000000e+01,1.224980354309082031e-01,2.587311379714094883e+01,1.400000000000000000e+01
6.800000000000000000e+01,1.232190132141113281e-01,2.587311379714094883e+01,1.700000000000000000e+01
6.900000000000000000e+01,1.240339279174804688e-01,2.587311379714094883e+01,1.400000000000000000e+01
7.000000000000000000e+01,1.249289512634277344e-01,2.587311379714094883e+01,1.700000000000000000e+01
7.100000000000000000e+01,1.258549690246582031e-01,2.587311379714094883e+01,1.400000000000000000e+01
7.200000000000000000e+01,1.266269683837890625e-01,2.587311379714094883e+01,1.700000000000000000e+01
7.300000000000000000e+01,1.289448738098144531e-01,2.587081488682198938e+01,1.500000000000000000e+01
7.400000000000000000e+01,1.299009323120117188e-01,2.587081488682198938e+01,1.700000000000000000e+01
7.500000000000000000e+01,1.309750080108642578e-01,2.587081488682198938e+01,1.400000000000000000e+01
7.600000000000000000e+01,1.322789192199707031e-01,2.587081488682198938e+01,1.700000000000000000e+01
7.700000000000000000e+01,1.333379745483398438e-01,2.587081488682198938e+01,1.400000000000000000e+01
7.800000000000000000e+01,1.347990036010742188e-01,2.587081488682198938e+01,1.700000000000000000e+01
7.900000000000000000e+01,1.360678672790527344e-01,2.587081488682198938e+01,1.400000000000000000e+01
8.000000000000000000e+01,1.376810073852539062e-01,2.587081488682198938e+01,1.700000000000000000e+01
8.100000000000000000e+01,1.409690380096435547e-01,2.587081488682198938e+01,1.400000000000000000e+01
8.200000000000000000e+01,1.421618461608886719e-01,2.587081488682198938e+01,1.700000000000000000e+01
8.300000000000000000e+01,1.451148986816406250e-01,2.587081488682198938e+01,1.400000000000000000e+01
8.400000000000000000e+01,1.498329639434814453e-01,2.587081488682198938e+01,1.800000000000000000e+01
8.500000000000000000e+01,1.504070758819580078e-01,2.587081488682198938e+01,1.400000000000000000e+01
8.600000000000000000e+01,1.544470787048339844e-01,2.587081488682198938e+01,1.900000000000000000e+01
8.700000000000000000e+01,1.550309658050537109e-01,2.587081488682198938e+01,1.400000000000000000e+01
8.800000000000000000e+01,1.598060131072998047e-01,2.587081488682198938e+01,2.000000000000000000e+01
8.900000000000000000e+01,1.603639125823974609e-01,2.587081488682198938e+01,1.400000000000000000e+01
9.000000000000000000e+01,1.645288467407226562e-01,2.587081488682198938e+01,2.100000000000000000e+01
9.100000000000000000e+01,1.653320789337158203e-01,2.587081488682198938e+01,1.400000000000000000e+01
9.200000000000000000e+01,1.681828498840332031e-01,2.587081488682198938e+01,2.200000000000000000e+01
9.300000000000000000e+01,1.717739105224609375e-01,2.587081488682198938e+01,1.500000000000000000e+01
9.400000000000000000e+01,1.743328571319580078e-01,2.587081488682198938e+01,2.300000000000000000e+01
9.500000000000000000e+01,1.752378940582275391e-01,2.587081488682198938e+01,1.500000000000000000e+01
9.600000000000000000e+01,1.772739887237548828e-01,2.587081488682198938e+01,2.400000000000000000e+01
9.700000000000000000e+01,1.780710220336914062e-01,2.587081488682198938e+01,1.500000000000000000e+01
9.800000000000000000e+01,1.789739131927490234e-01,2.587081488682198938e+01,2.400000000000000000e+01
9.900000000000000000e+01,1.799468994140625000e-01,2.587081488682198938e+01,1.500000000000000000e+01
1.000000000000000000e+02,1.818540096282958984e-01,2.572676182869400918e+01,2.500000000000000000e+01
1.010000000000000000e+02,1.829068660736083984e-01,2.572676182869400918e+01,1.400000000000000000e+01
1.020000000000000000e+02,1.840229034423828125e-01,2.572676182869400918e+01,2.500000000000000000e+01
1.030000000000000000e+02,1.856310367584228516e-01,2.572676182869400918e+01,1.400000000000000000e+01
1.040000000000000000e+02,1.867928504943847656e-01,2.572676182869400918e+01,2.500000000000000000e+01
1.050000000000000000e+02,1.882040500640869141e-01,2.572676182869400918e+01,1.400000000000000000e+01
1.060000000000000000e+02,1.893448829650878906e-01,2.572676182869400918e+01,2.500000000000000000e+01
1.070000000000000000e+02,1.911959648132324219e-01,2.572676182869400918e+01,1.400000000000000000e+01
1.080000000000000000e+02,1.924068927764892578e-01,2.572676182869400918e+01,2.500000000000000000e+01
1.090000000000000000e+02,1.939258575439453125e-01,2.572676182869400918e+01,1.400000000000000000e+01
1.100000000000000000e+02,1.952168941497802734e-01,2.572676182869400918e+01,2.500000000000000000e+01
1.110000000000000000e+02,1.981890201568603516e-01,2.572676182869400918e+01,1.400000000000000000e+01
1.120000000000000000e+02,2.054159641265869141e-01,2.572676182869400918e+01,2.600000000000000000e+01
1.130000000000000000e+02,2.059369087219238281e-01,2.572676182869400918e+01,1.400000000000000000e+01
1.140000000000000000e+02,2.066988945007324219e-01,2.572676182869400918e+01,2.600000000000000000e+01
1.150000000000000000e+02,2.125179767608642578e-01,2.572676182869400918e+01,1.500000000000000000e+01
1.160000000000000000e+02,2.185080051422119141e-01,2.572676182869400918e+01,2.700000000000000000e+01
1.170000000000000000e+02,2.229578495025634766e-01,2.572676182869400918e+01,1.600000000000000000e+01
1.180000000000000000e+02,2.267918586730957031e-01,2.572676182869400918e+01,2.800000000000000000e+01
1.190000000000000000e+02,2.316770553588867188e-01,2.572676182869400918e+01,1.700000000000000000e+01
1.200000000000000000e+02,2.368040084838867188e-01,2.485987303570380647e+01,2.900000000000000000e+01
1.210000000000000000e+02,2.389039993286132812e-01,2.485987303570380647e+01,1.300000000000000000e+01
1.220000000000000000e+02,2.423038482666015625e-01,2.485987303570380647e+01,2.500000000000000000e+01
1.230000000000000000e+02,2.430460453033447266e-01,2.485987303570380647e+01,1.300000000000000000e+01
1.240000000000000000e+02,2.438440322875976562e-01,2.485987303570380647e+01,2.500000000000000000e+01
1.250000000000000000e+02,2.447979450225830078e-01,2.485987303570380647e+01,1.300000000000000000e+01
1.260000000000000000e+02,2.458510398864746094e-01,2.485987303570380647e+01,2.500000000000000000e+01
1.270000000000000000e+02,2.469530105590820312e-01,2.485987303570380647e+01,1.300000000000000000e+01
1.280000000000000000e+02,2.479619979858398438e-01,2.485987303570380647e+01,2.500000000000000000e+01
1.290000000000000000e+02,2.491550445556640625e-01,2.485987303570380647e+01,1.300000000000000000e+01
1.300000000000000000e+02,2.500979900360107422e-01,2.485987303570380647e+01,2.500000000000000000e+01
1.310000000000000000e+02,2.511558532714843750e-01,2.485987303570380647e+01,1.300000000000000000e+01
1.320000000000000000e+02,2.523629665374755859e-01,2.485987303570380647e+01,2.500000000000000000e+01
1.330000000000000000e+02,2.534530162811279297e-01,2.485987303570380647e+01,1.300000000000000000e+01
1.340000000000000000e+02,2.545628547668457031e-01,2.485987303570380647e+01,2.500000000000000000e+01
1.350000000000000000e+02,2.556378841400146484e-01,2.485987303570380647e+01,1.300000000000000000e+01
1.360000000000000000e+02,2.568259239196777344e-01,2.485987303570380647e+01,2.500000000000000000e+01
1.370000000000000000e+02,2.579729557037353516e-01,2.485987303570380647e+01,1.300000000000000000e+01
1.380000000000000000e+02,2.592899799346923828e-01,2.485987303570380647e+01,2.500000000000000000e+01
1.390000000000000000e+02,2.614569664001464844e-01,2.485987303570380647e+01,1.300000000000000000e+01
1.400000000000000000e+02,2.690730094909667969e-01,2.485987303570380647e+01,2.600000000000000000e+01
1.410000000000000000e+02,2.695510387420654297e-01,2.485987303570380647e+01,1.300000000000000000e+01
1.420000000000000000e+02,2.703309059143066406e-01,2.485987303570380647e+01,2.600000000000000000e+01
1.430000000000000000e+02,2.708909511566162109e-01,2.485987303570380647e+01,1.300000000000000000e+01
1.440000000000000000e+02,2.772979736328125000e-01,2.485987303570380647e+01,2.700000000000000000e+01
1.450000000000000000e+02,2.779030799865722656e-01,2.485987303570380647e+01,1.300000000000000000e+01
1.460000000000000000e+02,2.839980125427246094e-01,2.485987303570380647e+01,2.800000000000000000e+01
1.470000000000000000e+02,2.872240543365478516e-01,2.485987303570380647e+01,1.400000000000000000e+01
1.480000000000000000e+02,2.914068698883056641e-01,2.485987303570380647e+01,2.900000000000000000e+01
1.490000000000000000e+02,2.933490276336669922e-01,2.485987303570380647e+01,1.500000000000000000e+01
1.500000000000000000e+02,2.966940402984619141e-01,2.485987303570380647e+01,3.000000000000000000e+01
1.510000000000000000e+02,2.974679470062255859e-01,2.485987303570380647e+01,1.500000000000000000e+01
1.520000000000000000e+02,2.980449199676513672e-01,2.485987303570380647e+01,3.000000000000000000e+01
1.530000000000000000e+02,3.004488945007324219e-01,2.485987303570380647e+01,1.600000000000000000e+01
1.540000000000000000e+02,3.017690181732177734e-01,2.485987303570380647e+01,3.000000000000000000e+01
1.550000000000000000e+02,3.027079105377197266e-01,2.485987303570380647e+01,1.600000000000000000e+01
1.560000000000000000e+02,3.037040233612060547e-01,2.485987303570380647e+01,3.000000000000000000e+01
1.570000000000000000e+02,3.047940731048583984e-01,2.485987303570380647e+01,1.600000000000000000e+01
1.580000000000000000e+02,3.058879375457763672e-01,2.485987303570380647e+01,3.000000000000000000e+01
1.590000000000000000e+02,3.069710731506347656e-01,2.485987303570380647e+01,1.600000000000000000e+01
1.600000000000000000e+02,3.080658912658691406e-01,2.485987303570380647e+01,3.000000000000000000e+01
1.610000000000000000e+02,3.094398975372314453e-01,2.485987303570380647e+01,1.600000000000000000e+01
1.620000000000000000e+02,3.106150627136230469e-01,2.485987303570380647e+01,3.000000000000000000e+01
1.630000000000000000e+02,3.129198551177978516e-01,2.485987303570380647e+01,1.600000000000000000e+01
1.640000000000000000e+02,3.142058849334716797e-01,2.485987303570380647e+01,3.000000000000000000e+01
1.650000000000000000e+02,3.153269290924072266e-01,2.485987303570380647e+01,1.600000000000000000e+01
1.660000000000000000e+02,3.166658878326416016e-01,2.485987303570380647e+01,3.000000000000000000e+01
1.670000000000000000e+02,3.181269168853759766e-01,2.485987303570380647e+01,1.600000000000000000e+01
1.680000000000000000e+02,3.189439773559570312e-01,2.485987303570380647e+01,3.000000000000000000e+01
1.690000000000000000e+02,3.195478916168212891e-01,2.485987303570380647e+01,1.600000000000000000e+01
1.700000000000000000e+02,3.263430595397949219e-01,2.485987303570380647e+01,3.100000000000000000e+01
1.710000000000000000e+02,3.269948959350585938e-01,2.485987303570380647e+01,1.600000000000000000e+01
1.720000000000000000e+02,3.280858993530273438e-01,2.485987303570380647e+01,3.100000000000000000e+01
1.730000000000000000e+02,3.287289142608642578e-01,2.485987303570380647e+01,1.600000000000000000e+01
1.740000000000000000e+02,3.322739601135253906e-01,2.485987303570380647e+01,3.200000000000000000e+01
1.750000000000000000e+02,3.329749107360839844e-01,2.485987303570380647e+01,1.600000000000000000e+01
1.760000000000000000e+02,3.383920192718505859e-01,2.485987303570380647e+01,3.300000000000000000e+01
1.770000000000000000e+02,3.410708904266357422e-01,2.485987303570380647e+01,1.700000000000000000e+01
1.780000000000000000e+02,3.446729183197021484e-01,2.485987303570380647e+01,3.400000000000000000e+01
1.790000000000000000e+02,3.456029891967773438e-01,2.485987303570380647e+01,1.700000000000000000e+01
1.800000000000000000e+02,3.465218544006347656e-01,2.485987303570380647e+01,3.400000000000000000e+01
1.810000000000000000e+02,3.473038673400878906e-01,2.485987303570380647e+01,1.700000000000000000e+01
1.820000000000000000e+02,3.484070301055908203e-01,2.485987303570380647e+01,3.400000000000000000e+01
1.830000000000000000e+02,3.496649265289306641e-01,2.485987303570380647e+01,1.700000000000000000e+01
1.840000000000000000e+02,3.506798744201660156e-01,2.485987303570380647e+01,3.400000000000000000e+01
1.850000000000000000e+02,3.523049354553222656e-01,2.485987303570380647e+01,1.700000000000000000e+01
1.860000000000000000e+02,3.534538745880126953e-01,2.485987303570380647e+01,3.400000000000000000e+01
1.870000000000000000e+02,3.546669483184814453e-01,2.485987303570380647e+01,1.700000000000000000e+01
1.880000000000000000e+02,3.558719158172607422e-01,2.485987303570380647e+01,3.400000000000000000e+01
1.890000000000000000e+02,3.571040630340576172e-01,2.485987303570380647e+01,1.700000000000000000e+01
1.900000000000000000e+02,3.583579063415527344e-01,2.485987303570380647e+01,3.400000000000000000e+01
1.910000000000000000e+02,3.605349063873291016e-01,2.485987303570380647e+01,1.700000000000000000e+01
1.920000000000000000e+02,3.619010448455810547e-01,2.485987303570380647e+01,3.400000000000000000e+01
1.930000000000000000e+02,3.632030487060546875e-01,2.485987303570380647e+01,1.700000000000000000e+01
1.940000000000000000e+02,3.646240234375000000e-01,2.485987303570380647e+01,3.400000000000000000e+01
1.950000000000000000e+02,3.658318519592285156e-01,2.485987303570380647e+01,1.700000000000000000e+01
1.960000000000000000e+02,3.671140670776367188e-01,2.485987303570380647e+01,3.400000000000000000e+01
1.970000000000000000e+02,3.680160045623779297e-01,2.485987303570380647e+01,1.700000000000000000e+01
1.980000000000000000e+02,3.763530254364013672e-01,2.485987303570380647e+01,3.500000000000000000e+01
1.990000000000000000e+02,3.830618858337402344e-01,2.485987303570380647e+01,1.800000000000000000e+01
2.000000000000000000e+02,3.849530220031738281e-01,2.485987303570380647e+01,3.500000000000000000e+01
2.010000000000000000e+02,3.855760097503662109e-01,2.485987303570380647e+01,1.800000000000000000e+01
2.020000000000000000e+02,3.924689292907714844e-01,2.485987303570380647e+01,3.600000000000000000e+01
2.030000000000000000e+02,3.988080024719238281e-01,2.485987303570380647e+01,1.900000000000000000e+01
2.040000000000000000e+02,3.996798992156982422e-01,2.485987303570380647e+01,3.600000000000000000e+01
2.050000000000000000e+02,4.004678726196289062e-01,2.485987303570380647e+01,1.900000000000000000e+01
2.060000000000000000e+02,4.053280353546142578e-01,2.485987303570380647e+01,3.700000000000000000e+01
2.070000000000000000e+02,4.061620235443115234e-01,2.485987303570380647e+01,1.900000000000000000e+01
2.080000000000000000e+02,4.068338871002197266e-01,2.485987303570380647e+01,3.700000000000000000e+01
2.090000000000000000e+02,4.077069759368896484e-01,2.485987303570380647e+01,1.900000000000000000e+01
2.100000000000000000e+02,4.088418483734130859e-01,2.485987303570380647e+01,3.700000000000000000e+01
2.110000000000000000e+02,4.100260734558105469e-01,2.485987303570380647e+01,1.900000000000000000e+01
2.120000000000000000e+02,4.111969470977783203e-01,2.485987303570380647e+01,3.700000000000000000e+01
2.130000000000000000e+02,4.124219417572021484e-01,2.485987303570380647e+01,1.900000000000000000e+01
2.140000000000000000e+02,4.136378765106201172e-01,2.485987303570380647e+01,3.700000000000000000e+01
2.150000000000000000e+02,4.150519371032714844e-01,2.485987303570380647e+01,1.900000000000000000e+01
2.160000000000000000e+02,4.165298938751220703e-01,2.485987303570380647e+01,3.700000000000000000e+01
2.170000000000000000e+02,4.187018871307373047e-01,2.485987303570380647e+01,1.900000000000000000e+01
2.180000000000000000e+02,4.201300144195556641e-01,2.485987303570380647e+01,3.700000000000000000e+01
2.190000000000000000e+02,4.215130805969238281e-01,2.485987303570380647e+01,1.900000000000000000e+01
2.200000000000000000e+02,4.229259490966796875e-01,2.485987303570380647e+01,3.700000000000000000e+01
2.210000000000000000e+02,4.241399765014648438e-01,2.485987303570380647e+01,1.900000000000000000e+01
2.220000000000000000e+02,4.256429672241210938e-01,2.485987303570380647e+01,3.700000000000000000e+01
2.230000000000000000e+02,4.283130168914794922e-01,2.485987303570380647e+01,1.900000000000000000e+01
2.240000000000000000e+02,4.295179843902587891e-01,2.485987303570380647e+01,3.700000000000000000e+01
2.250000000000000000e+02,4.301218986511230469e-01,2.485987303570380647e+01,1.900000000000000000e+01
2.260000000000000000e+02,4.427988529205322266e-01,2.485987303570380647e+01,3.800000000000000000e+01
2.270000000000000000e+02,4.434368610382080078e-01,2.485987303570380647e+01,1.900000000000000000e+01
2.280000000000000000e+02,4.555680751800537109e-01,2.485987303570380647e+01,3.900000000000000000e+01
2.290000000000000000e+02,4.562270641326904297e-01,2.485987303570380647e+01,1.900000000000000000e+01
2.300000000000000000e+02,4.570119380950927734e-01,2.485987303570380647e+01,3.900000000000000000e+01
2.310000000000000000e+02,4.577338695526123047e-01,2.485987303570380647e+01,1.900000000000000000e+01
2.320000000000000000e+02,4.632740020751953125e-01,2.485987303570380647e+01,4.000000000000000000e+01
2.330000000000000000e+02,4.673449993133544922e-01,2.485987303570380647e+01,2.000000000000000000e+01
2.340000000000000000e+02,4.704170227050781250e-01,2.485987303570380647e+01,4.100000000000000000e+01
2.350000000000000000e+02,4.711558818817138672e-01,2.485987303570380647e+01,2.000000000000000000e+01
2.360000000000000000e+02,4.735388755798339844e-01,2.485987303570380647e+01,4.200000000000000000e+01
2.370000000000000000e+02,4.743330478668212891e-01,2.485987303570380647e+01,2.000000000000000000e+01
2.380000000000000000e+02,4.753859043121337891e-01,2.485987303570380647e+01,4.200000000000000000e+01
2.390000000000000000e+02,4.766259193420410156e-01,2.485987303570380647e+01,2.000000000000000000e+01
2.400000000000000000e+02,4.778630733489990234e-01,2.485987303570380647e+01,4.200000000000000000e+01
2.410000000000000000e+02,4.789600372314453125e-01,2.485987303570380647e+01,2.000000000000000000e+01
2.420000000000000000e+02,4.801099300384521484e-01,2.485987303570380647e+01,4.200000000000000000e+01
2.430000000000000000e+02,4.811949729919433594e-01,2.485987303570380647e+01,2.000000000000000000e+01
2.440000000000000000e+02,4.824390411376953125e-01,2.485987303570380647e+01,4.200000000000000000e+01
2.450000000000000000e+02,4.841060638427734375e-01,2.485987303570380647e+01,2.000000000000000000e+01
2.460000000000000000e+02,4.854240417480468750e-01,2.485987303570380647e+01,4.200000000000000000e+01
2.470000000000000000e+02,4.866290092468261719e-01,2.485987303570380647e+01,2.000000000000000000e+01
2.480000000000000000e+02,4.881379604339599609e-01,2.485987303570380647e+01,4.200000000000000000e+01
2.490000000000000000e+02,4.895958900451660156e-01,2.485987303570380647e+01,2.000000000000000000e+01
2.500000000000000000e+02,4.910910129547119141e-01,2.485987303570380647e+01,4.200000000000000000e+01
2.510000000000000000e+02,4.938380718231201172e-01,2.485987303570380647e+01,2.000000000000000000e+01
2.520000000000000000e+02,4.960639476776123047e-01,2.485987303570380647e+01,4.200000000000000000e+01
2.530000000000000000e+02,4.966890811920166016e-01,2.485987303570380647e+01,2.000000000000000000e+01
2.540000000000000000e+02,4.974219799041748047e-01,2.485987303570380647e+01,4.200000000000000000e+01
2.550000000000000000e+02,4.979870319366455078e-01,2.485987303570380647e+01,2.000000000000000000e+01
2.560000000000000000e+02,5.098478794097900391e-01,2.485987303570380647e+01,4.300000000000000000e+01
2.570000000000000000e+02,5.106458663940429688e-01,2.485987303570380647e+01,2.000000000000000000e+01
2.580000000000000000e+02,5.198640823364257812e-01,2.485987303570380647e+01,4.400000000000000000e+01
2.590000000000000000e+02,5.245828628540039062e-01,2.485987303570380647e+01,2.100000000000000000e+01
2.600000000000000000e+02,5.297250747680664062e-01,2.485987303570380647e+01,4.500000000000000000e+01
2.610000000000000000e+02,5.342969894409179688e-01,2.485987303570380647e+01,2.200000000000000000e+01
2.620000000000000000e+02,5.400130748748779297e-01,2.485987303570380647e+01,4.600000000000000000e+01
2.630000000000000000e+02,5.407769680023193359e-01,2.485987303570380647e+01,2.200000000000000000e+01
2.640000000000000000e+02,5.414180755615234375e-01,2.485987303570380647e+01,4.600000000000000000e+01
2.650000000000000000e+02,5.421910285949707031e-01,2.485987303570380647e+01,2.200000000000000000e+01
2.660000000000000000e+02,5.435378551483154297e-01,2.485987303570380647e+01,4.600000000000000000e+01
2.670000000000000000e+02,5.445749759674072266e-01,2.485987303570380647e+01,2.200000000000000000e+01
2.680000000000000000e+02,5.457849502563476562e-01,2.485987303570380647e+01,4.600000000000000000e+01
2.690000000000000000e+02,5.469179153442382812e-01,2.485987303570380647e+01,2.200000000000000000e+01
2.700000000000000000e+02,5.482039451599121094e-01,2.485987303570380647e+01,4.600000000000000000e+01
2.710000000000000000e+02,5.496039390563964844e-01,2.485987303570380647e+01,2.200000000000000000e+01
2.720000000000000000e+02,5.507750511169433594e-01,2.485987303570380647e+01,4.600000000000000000e+01
2.730000000000000000e+02,5.519549846649169922e-01,2.485987303570380647e+01,2.200000000000000000e+01
2.740000000000000000e+02,5.533540248870849609e-01,2.485987303570380647e+01,4.600000000000000000e+01
2.750000000000000000e+02,5.548479557037353516e-01,2.485987303570380647e+01,2.200000000000000000e+01
2.760000000000000000e+02,5.563030242919921875e-01,2.485987303570380647e+01,4.600000000000000000e+01
2.770000000000000000e+02,5.580520629882812500e-01,2.485987303570380647e+01,2.200000000000000000e+01
2.780000000000000000e+02,5.597250461578369141e-01,2.485987303570380647e+01,4.600000000000000000e+01
2.790000000000000000e+02,5.614008903503417969e-01,2.485987303570380647e+01,2.200000000000000000e+01
2.800000000000000000e+02,5.629038810729980469e-01,2.485987303570380647e+01,4.600000000000000000e+01
2.810000000000000000e+02,5.634078979492187500e-01,2.485987303570380647e+01,2.200000000000000000e+01
2.820000000000000000e+02,5.727820396423339844e-01,2.485987303570380647e+01,4.700000000000000000e+01
2.830000000000000000e+02,5.733809471130371094e-01,2.485987303570380647e+01,2.200000000000000000e+01
2.840000000000000000e+02,5.747189521789550781e-01,2.485987303570380647e+01,4.700000000000000000e+01
2.850000000000000000e+02,5.754230022430419922e-01,2.485987303570380647e+01,2.200000000000000000e+01
2.860000000000000000e+02,5.832369327545166016e-01,2.485987303570380647e+01,4.800000000000000000e+01
2.870000000000000000e+02,5.881719589233398438e-01,2.485987303570380647e+01,2.300000000000000000e+01
2.880000000000000000e+02,5.955040454864501953e-01,2.485987303570380647e+01,4.900000000000000000e+01
2.890000000000000000e+02,5.997638702392578125e-01,2.485987303570380647e+01,2.400000000000000000e+01
2.900000000000000000e+02,6.038799285888671875e-01,2.485987303570380647e+01,5.000000000000000000e+01
2.910000000000000000e+02,6.046450138092041016e-01,2.485987303570380647e+01,2.400000000000000000e+01
2.920000000000000000e+02,6.056828498840332031e-01,2.485987303570380647e+01,5.000000000000000000e+01
2.930000000000000000e+02,6.065950393676757812e-01,2.485987303570380647e+01,2.400000000000000000e+01
2.940000000000000000e+02,6.092460155487060547e-01,2.485987303570380647e+01,5.100000000000000000e+01
2.950000000000000000e+02,6.104409694671630859e-01,2.485987303570380647e+01,2.400000000000000000e+01
2.960000000000000000e+02,6.118509769439697266e-01,2.485987303570380647e+01,5.100000000000000000e+01
2.970000000000000000e+02,6.130390167236328125e-01,2.485987303570380647e+01,2.400000000000000000e+01
2.980000000000000000e+02,6.143469810485839844e-01,2.485987303570380647e+01,5.100000000000000000e+01
2.990000000000000000e+02,6.155240535736083984e-01,2.485987303570380647e+01,2.400000000000000000e+01
3.000000000000000000e+02,6.170718669891357422e-01,2.485987303570380647e+01,5.100000000000000000e+01
3.010000000000000000e+02,6.182498931884765625e-01,2.485987303570380647e+01,2.400000000000000000e+01
3.020000000000000000e+02,6.200778484344482422e-01,2.485987303570380647e+01,5.100000000000000000e+01
3.030000000000000000e+02,6.215879917144775391e-01,2.485987303570380647e+01,2.400000000000000000e+01
3.040000000000000000e+02,6.230678558349609375e-01,2.485987303570380647e+01,5.100000000000000000e+01
3.050000000000000000e+02,6.247658729553222656e-01,2.485987303570380647e+01,2.400000000000000000e+01
3.060000000000000000e+02,6.264050006866455078e-01,2.485987303570380647e+01,5.100000000000000000e+01
3.070000000000000000e+02,6.277029514312744141e-01,2.485987303570380647e+01,2.400000000000000000e+01
3.080000000000000000e+02,6.285839080810546875e-01,2.485987303570380647e+01,5.100000000000000000e+01
3.090000000000000000e+02,6.291508674621582031e-01,2.485987303570380647e+01,2.400000000000000000e+01
3.100000000000000000e+02,6.419699192047119141e-01,2.485987303570380647e+01,5.200000000000000000e+01
3.110000000000000000e+02,6.522939205169677734e-01,2.485987303570380647e+01,2.500000000000000000e+01
3.120000000000000000e+02,6.655330657958984375e-01,2.485987303570380647e+01,5.300000000000000000e+01
3.130000000000000000e+02,6.666429042816162109e-01,2.485987303570380647e+01,2.500000000000000000e+01
3.140000000000000000e+02,6.819660663604736328e-01,2.485987303570380647e+01,5.400000000000000000e+01
3.150000000000000000e+02,6.832499504089355469e-01,2.485987303570380647e+01,2.500000000000000000e+01
3.160000000000000000e+02,6.906330585479736328e-01,2.483826662026676857e+01,5.500000000000000000e+01
3.170000000000000000e+02,6.913778781890869141e-01,2.483826662026676857e+01,2.400000000000000000e+01
3.180000000000000000e+02,6.960089206695556641e-01,2.483826662026676857e+01,5.600000000000000000e+01
3.190000000000000000e+02,6.967840194702148438e-01,2.483826662026676857e+01,2.400000000000000000e+01
3.200000000000000000e+02,6.981880664825439453e-01,2.483826662026676857e+01,5.600000000000000000e+01
3.210000000000000000e+02,7.021939754486083984e-01,2.483826662026676857e+01,2.500000000000000000e+01
3.220000000000000000e+02,7.042429447174072266e-01,2.483826662026676857e+01,5.600000000000000000e+01
3.230000000000000000e+02,7.061529159545898438e-01,2.483826662026676857e+01,2.500000000000000000e+01
3.240000000000000000e+02,7.078800201416015625e-01,2.483826662026676857e+01,5.600000000000000000e+01
3.250000000000000000e+02,7.097508907318115234e-01,2.483826662026676857e+01,2.500000000000000000e+01
3.260000000000000000e+02,7.115449905395507812e-01,2.483826662026676857e+01,5.600000000000000000e+01
3.270000000000000000e+02,7.131659984588623047e-01,2.483826662026676857e+01,2.500000000000000000e+01
3.280000000000000000e+02,7.151608467102050781e-01,2.483826662026676857e+01,5.600000000000000000e+01
3.290000000000000000e+02,7.177529335021972656e-01,2.483826662026676857e+01,2.500000000000000000e+01
3.300000000000000000e+02,7.199969291687011719e-01,2.483826662026676857e+01,5.600000000000000000e+01
3.310000000000000000e+02,7.234909534454345703e-01,2.483826662026676857e+01,2.500000000000000000e+01
3.320000000000000000e+02,7.256810665130615234e-01,2.483826662026676857e+01,5.600000000000000000e+01
3.330000000000000000e+02,7.273209095001220703e-01,2.483826662026676857e+01,2.500000000000000000e+01
3.340000000000000000e+02,7.293288707733154297e-01,2.483826662026676857e+01,5.600000000000000000e+01
3.350000000000000000e+02,7.309949398040771484e-01,2.483826662026676857e+01,2.500000000000000000e+01
3.360000000000000000e+02,7.322690486907958984e-01,2.483826662026676857e+01,5.600000000000000000e+01
3.370000000000000000e+02,7.328469753265380859e-01,2.483826662026676857e+01,2.500000000000000000e+01
3.380000000000000000e+02,7.349338531494140625e-01,2.483826662026676857e+01,5.600000000000000000e+01
3.390000000000000000e+02,7.460939884185791016e-01,2.483826662026676857e+01,2.600000000000000000e+01
3.400000000000000000e+02,7.569389343261718750e-01,2.483826662026676857e+01,5.700000000000000000e+01
3.410000000000000000e+02,7.644939422607421875e-01,2.483826662026676857e+01,2.700000000000000000e+01
3.420000000000000000e+02,7.711548805236816406e-01,2.483826662026676857e+01,5.800000000000000000e+01
3.430000000000000000e+02,7.779719829559326172e-01,2.483826662026676857e+01,2.800000000000000000e+01
3.440000000000000000e+02,7.870478630065917969e-01,2.483826662026676857e+01,5.900000000000000000e+01
3.450000000000000000e+02,7.882468700408935547e-01,2.483826662026676857e+01,2.800000000000000000e+01
3.460000000000000000e+02,7.894699573516845703e-01,2.483826662026676857e+01,5.900000000000000000e+01
3.470000000000000000e+02,7.933440208435058594e-01,2.483826662026676857e+01,2.900000000000000000e+01
3.480000000000000000e+02,7.940950393676757812e-01,2.483826662026676857e+01,5.900000000000000000e+01
3.490000000000000000e+02,7.964348793029785156e-01,2.483826662026676857e+01,3.000000000000000000e+01
3.500000000000000000e+02,7.979469299316406250e-01,2.483826662026676857e+01,5.900000000000000000e+01
3.510000000000000000e+02,7.989509105682373047e-01,2.483826662026676857e+01,3.000000000000000000e+01
3.520000000000000000e+02,8.003129959106445312e-01,2.483826662026676857e+01,5.900000000000000000e+01
3.530000000000000000e+02,8.015830516815185547e-01,2.483826662026676857e+01,3.000000000000000000e+01
3.540000000000000000e+02,8.029649257659912109e-01,2.483826662026676857e+01,5.900000000000000000e+01
3.550000000000000000e+02,8.042249679565429688e-01,2.483826662026676857e+01,3.000000000000000000e+01
3.560000000000000000e+02,8.056678771972656250e-01,2.483826662026676857e+01,5.900000000000000000e+01
3.570000000000000000e+02,8.071198463439941406e-01,2.483826662026676857e+01,3.000000000000000000e+01
3.580000000000000000e+02,8.086318969726562500e-01,2.483826662026676857e+01,5.900000000000000000e+01
3.590000000000000000e+02,8.102529048919677734e-01,2.483826662026676857e+01,3.000000000000000000e+01
3.600000000000000000e+02,8.119208812713623047e-01,2.483826662026676857e+01,5.900000000000000000e+01
3.610000000000000000e+02,8.135390281677246094e-01,2.483826662026676857e+01,3.000000000000000000e+01
3.620000000000000000e+02,8.152759075164794922e-01,2.483826662026676857e+01,5.900000000000000000e+01
3.630000000000000000e+02,8.166339397430419922e-01,2.483826662026676857e+01,3.000000000000000000e+01
3.640000000000000000e+02,8.176369667053222656e-01,2.483826662026676857e+01,5.900000000000000000e+01
3.650000000000000000e+02,8.182258605957031250e-01,2.483826662026676857e+01,3.000000000000000000e+01
3.660000000000000000e+02,8.194398880004882812e-01,2.483826662026676857e+01,5.900000000000000000e+01
3.670000000000000000e+02,8.201260566711425781e-01,2.483826662026676857e+01,3.000000000000000000e+01
3.680000000000000000e+02,8.305759429931640625e-01,2.483826662026676857e+01,6.000000000000000000e+01
3.690000000000000000e+02,8.396408557891845703e-01,2.483826662026676857e+01,3.100000000000000000e+01
3.700000000000000000e+02,8.448989391326904297e-01,2.483826662026676857e+01,6.100000000000000000e+01
3.710000000000000000e+02,8.459749221801757812e-01,2.483826662026676857e+01,3.100000000000000000e+01
3.720000000000000000e+02,8.540668487548828125e-01,2.479317820782179638e+01,6.200000000000000000e+01
3.730000000000000000e+02,8.599438667297363281e-01,2.479317820782179638e+01,3.100000000000000000e+01
3.740000000000000000e+02,8.647720813751220703e-01,2.479317820782179638e+01,6.000000000000000000e+01
3.750000000000000000e+02,8.686270713806152344e-01,2.479317820782179638e+01,3.200000000000000000e+01
3.760000000000000000e+02,8.731770515441894531e-01,2.479317820782179638e+01,6.100000000000000000e+01
3.770000000000000000e+02,8.740649223327636719e-01,2.479317820782179638e+01,3.200000000000000000e+01
3.780000000000000000e+02,8.754169940948486328e-01,2.479317820782179638e+01,6.100000000000000000e+01
3.790000000000000000e+02,8.766949176788330078e-01,2.479317820782179638e+01,3.200000000000000000e+01
3.800000000000000000e+02,8.780829906463623047e-01,2.479317820782179638e+01,6.100000000000000000e+01
3.810000000000000000e+02,8.793070316314697266e-01,2.479317820782179638e+01,3.200000000000000000e+01
3.820000000000000000e+02,8.809468746185302734e-01,2.479317820782179638e+01,6.100000000000000000e+01
3.830000000000000000e+02,8.837590217590332031e-01,2.457718731578503935e+01,3.300000000000000000e+01
3.840000000000000000e+02,8.852858543395996094e-01,2.457718731578503935e+01,5.900000000000000000e+01
3.850000000000000000e+02,8.864419460296630859e-01,2.457718731578503935e+01,2.300000000000000000e+01
3.860000000000000000e+02,8.890669345855712891e-01,2.451798916721145360e+01,6.000000000000000000e+01
3.870000000000000000e+02,8.903000354766845703e-01,2.451798916721145360e+01,2.100000000000000000e+01
3.880000000000000000e+02,8.924000263214111328e-01,2.451798916721145360e+01,5.800000000000000000e+01
3.890000000000000000e+02,8.947010040283203125e-01,2.451798916721145360e+01,2.100000000000000000e+01
3.900000000000000000e+02,8.972280025482177734e-01,2.451798916721145360e+01,5.800000000000000000e+01
3.910000000000000000e+02,8.990778923034667969e-01,2.451798916721145360e+01,2.100000000000000000e+01
3.920000000000000000e+02,9.029209613800048828e-01,2.451798916721145360e+01,5.800000000000000000e+01
3.930000000000000000e+02,9.037399291992187500e-01,2.451798916721145360e+01,2.100000000000000000e+01
3.940000000000000000e+02,9.054939746856689453e-01,2.451798916721145360e+01,5.800000000000000000e+01
3.950000000000000000e+02,9.062409400939941406e-01,2.451798916721145360e+01,2.100000000000000000e+01
3.960000000000000000e+02,9.075210094451904297e-01,2.451798916721145360e+01,5.800000000000000000e+01
3.970000000000000000e+02,9.137940406799316406e-01,2.451798916721145360e+01,2.200000000000000000e+01
3.980000000000000000e+02,9.163548946380615234e-01,2.451798916721145360e+01,5.800000000000000000e+01
3.990000000000000000e+02,9.204628467559814453e-01,2.451798916721145360e+01,2.300000000000000000e+01
4.000000000000000000e+02,9.270858764648437500e-01,2.451798916721145360e+01,5.900000000000000000e+01
4.010000000000000000e+02,9.278719425201416016e-01,2.451798916721145360e+01,2.300000000000000000e+01
4.020000000000000000e+02,9.285378456115722656e-01,2.451798916721145360e+01,5.900000000000000000e+01
4.030000000000000000e+02,9.293010234832763672e-01,2.451798916721145360e+01,2.300000000000000000e+01
4.040000000000000000e+02,9.299778938293457031e-01,2.451798916721145360e+01,5.900000000000000000e+01
4.050000000000000000e+02,9.309399127960205078e-01,2.451798916721145360e+01,2.300000000000000000e+01
4.060000000000000000e+02,9.322838783264160156e-01,2.451798916721145360e+01,5.900000000000000000e+01
4.070000000000000000e+02,9.335520267486572266e-01,2.451798916721145360e+01,2.300000000000000000e+01
4.080000000000000000e+02,9.349348545074462891e-01,2.451798916721145360e+01,5.900000000000000000e+01
4.090000000000000000e+02,9.361579418182373047e-01,2.451798916721145360e+01,2.300000000000000000e+01
4.100000000000000000e+02,9.376630783081054688e-01,2.451798916721145360e+01,5.900000000000000000e+01
4.110000000000000000e+02,9.390199184417724609e-01,2.451798916721145360e+01,2.300000000000000000e+01
4.120000000000000000e+02,9.406650066375732422e-01,2.451798916721145360e+01,5.900000000000000000e+01
4.130000000000000000e+02,9.420189857482910156e-01,2.451798916721145360e+01,2.300000000000000000e+01
4.140000000000000000e+02,9.436140060424804688e-01,2.451798916721145360e+01,5.900000000000000000e+01
4.150000000000000000e+02,9.462208747863769531e-01,2.451798916721145360e+01,2.300000000000000000e+01
4.160000000000000000e+02,9.480688571929931641e-01,2.451798916721145360e+01,5.900000000000000000e+01
4.170000000000000000e+02,9.494719505310058594e-01,2.451798916721145360e+01,2.300000000000000000e+01
4.180000000000000000e+02,9.511370658874511719e-01,2.451798916721145360e+01,5.900000000000000000e+01
4.190000000000000000e+02,9.525759220123291016e-01,2.451798916721145360e+01,2.300000000000000000e+01
4.200000000000000000e+02,9.540860652923583984e-01,2.451798916721145360e+01,5.900000000000000000e+01
4.210000000000000000e+02,9.546668529510498047e-01,2.451798916721145360e+01,2.300000000000000000e+01
4.220000000000000000e+02,9.693310260772705078e-01,2.451798916721145360e+01,6.000000000000000000e+01
4.230000000000000000e+02,9.702489376068115234e-01,2.451798916721145360e+01,2.300000000000000000e+01
4.240000000000000000e+02,9.841749668121337891e-01,2.451798916721145360e+01,6.100000000000000000e+01
4.250000000000000000e+02,9.919619560241699219e-01,2.451798916721145360e+01,2.400000000000000000e+01
4.260000000000000000e+02,1.003064870834350586e+00,2.448414187857571278e+01,6.200000000000000000e+01
4.270000000000000000e+02,1.008522033691406250e+00,2.444757643486092746e+01,2.400000000000000000e+01
4.280000000000000000e+02,1.016942977905273438e+00,2.435035714270819085e+01,5.700000000000000000e+01
4.290000000000000000e+02,1.020745992660522461e+00,2.435035714270819085e+01,2.300000000000000000e+01
4.300000000000000000e+02,1.021710872650146484e+00,2.435035714270819085e+01,5.200000000000000000e+01
4.310000000000000000e+02,1.022480010986328125e+00,2.435035714270819085e+01,2.300000000000000000e+01
4.320000000000000000e+02,1.023591041564941406e+00,2.435035714270819085e+01,5.200000000000000000e+01
4.330000000000000000e+02,1.024414062500000000e+00,2.435035714270819085e+01,2.300000000000000000e+01
4.340000000000000000e+02,1.025670051574707031e+00,2.435035714270819085e+01,5.200000000000000000e+01
4.350000000000000000e+02,1.026807069778442383e+00,2.435035714270819085e+01,2.300000000000000000e+01
4.360000000000000000e+02,1.028116941452026367e+00,2.435035714270819085e+01,5.200000000000000000e+01
4.370000000000000000e+02,1.029363870620727539e+00,2.435035714270819085e+01,2.300000000000000000e+01
4.380000000000000000e+02,1.030876874923706055e+00,2.435035714270819085e+01,5.200000000000000000e+01
4.390000000000000000e+02,1.032211065292358398e+00,2.435035714270819085e+01,2.300000000000000000e+01
4.400000000000000000e+02,1.033761978149414062e+00,2.435035714270819085e+01,5.200000000000000000e+01
4.410000000000000000e+02,1.035564899444580078e+00,2.435035714270819085e+01,2.300000000000000000e+01
4.420000000000000000e+02,1.037117004394531250e+00,2.435035714270819085e+01,5.200000000000000000e+01
4.430000000000000000e+02,1.038604974746704102e+00,2.435035714270819085e+01,2.300000000000000000e+01
4.440000000000000000e+02,1.040256023406982422e+00,2.435035714270819085e+01,5.200000000000000000e+01
4.450000000000000000e+02,1.041640043258666992e+00,2.435035714270819085e+01,2.300000000000000000e+01
4.460000000000000000e+02,1.043297052383422852e+00,2.435035714270819085e+01,5.200000000000000000e+01
4.470000000000000000e+02,1.044784069061279297e+00,2.435035714270819085e+01,2.300000000000000000e+01
4.480000000000000000e+02,1.045847892761230469e+00,2.435035714270819085e+01,5.200000000000000000e+01
4.490000000000000000e+02,1.046480894088745117e+00,2.435035714270819085e+01,2.300000000000000000e+01
4.500000000000000000e+02,1.048094034194946289e+00,2.435035714270819085e+01,5.200000000000000000e+01
4.510000000000000000e+02,1.057215929031372070e+00,2.435035714270819085e+01,2.400000000000000000e+01
4.520000000000000000e+02,1.059126853942871094e+00,2.435035714270819085e+01,5.200000000000000000e+01
4.530000000000000000e+02,1.059979915618896484e+00,2.435035714270819085e+01,2.400000000000000000e+01
4.540000000000000000e+02,1.062777996063232422e+00,2.435035714270819085e+01,5.200000000000000000e+01
4.550000000000000000e+02,1.063601016998291016e+00,2.435035714270819085e+01,2.400000000000000000e+01
4.560000000000000000e+02,1.064555883407592773e+00,2.435035714270819085e+01,5.200000000000000000e+01
4.570000000000000000e+02,1.065348863601684570e+00,2.435035714270819085e+01,2.400000000000000000e+01
4.580000000000000000e+02,1.069817066192626953e+00,2.435035714270819085e+01,5.300000000000000000e+01
4.590000000000000000e+02,1.071057081222534180e+00,2.435035714270819085e+01,2.400000000000000000e+01
4.600000000000000000e+02,1.072301864624023438e+00,2.435035714270819085e+01,5.300000000000000000e+01
4.610000000000000000e+02,1.073166847229003906e+00,2.435035714270819085e+01,2.400000000000000000e+01
4.620000000000000000e+02,1.074604988098144531e+00,2.435035714270819085e+01,5.300000000000000000e+01
4.630000000000000000e+02,1.076305866241455078e+00,2.435035714270819085e+01,2.400000000000000000e+01
4.640000000000000000e+02,1.078248023986816406e+00,2.435035714270819085e+01,5.300000000000000000e+01
4.650000000000000000e+02,1.079804897308349609e+00,2.435035714270819085e+01,2.400000000000000000e+01
4.660000000000000000e+02,1.081425905227661133e+00,2.435035714270819085e+01,5.300000000000000000e+01
4.670000000000000000e+02,1.083313941955566406e+00,2.435035714270819085e+01,2.400000000000000000e+01
4.680000000000000000e+02,1.085170030593872070e+00,2.435035714270819085e+01,5.300000000000000000e+01
4.690000000000000000e+02,1.087118864059448242e+00,2.435035714270819085e+01,2.400000000000000000e+01
4.700000000000000000e+02,1.089631080627441406e+00,2.435035714270819085e+01,5.300000000000000000e+01
4.710000000000000000e+02,1.091260910034179688e+00,2.435035714270819085e+01,2.400000000000000000e+01
4.720000000000000000e+02,1.093042850494384766e+00,2.435035714270819085e+01,5.300000000000000000e+01
4.730000000000000000e+02,1.094654083251953125e+00,2.435035714270819085e+01,2.400000000000000000e+01
4.740000000000000000e+02,1.096679925918579102e+00,2.435035714270819085e+01,5.300000000000000000e+01
4.750000000000000000e+02,1.098747014999389648e+00,2.435035714270819085e+01,2.400000000000000000e+01
4.760000000000000000e+02,1.099864006042480469e+00,2.435035714270819085e+01,5.300000000000000000e+01
4.770000000000000000e+02,1.100507974624633789e+00,2.435035714270819085e+01,2.400000000000000000e+01
4.780000000000000000e+02,1.101855039596557617e+00,2.435035714270819085e+01,5.300000000000000000e+01
4.790000000000000000e+02,1.111316919326782227e+00,2.435035714270819085e+01,2.500000000000000000e+01
4.800000000000000000e+02,1.112957000732421875e+00,2.435035714270819085e+01,5.300000000000000000e+01
4.810000000000000000e+02,1.121228933334350586e+00,2.435035714270819085e+01,2.600000000000000000e+01
4.820000000000000000e+02,1.129402875900268555e+00,2.435035714270819085e+01,5.400000000000000000e+01
4.830000000000000000e+02,1.130385875701904297e+00,2.435035714270819085e+01,2.600000000000000000e+01
4.840000000000000000e+02,1.137364864349365234e+00,2.435035714270819085e+01,5.500000000000000000e+01
4.850000000000000000e+02,1.138174057006835938e+00,2.435035714270819085e+01,2.600000000000000000e+01
4.860000000000000000e+02,1.139312028884887695e+00,2.435035714270819085e+01,5.500000000000000000e+01
4.870000000000000000e+02,1.140133857727050781e+00,2.435035714270819085e+01,2.600000000000000000e+01
4.880000000000000000e+02,1.141274929046630859e+00,2.435035714270819085e+01,5.500000000000000000e+01
4.890000000000000000e+02,1.142197847366333008e+00,2.435035714270819085e+01,2.600000000000000000e+01
4.900000000000000000e+02,1.143604040145874023e+00,2.435035714270819085e+01,5.500000000000000000e+01
4.910000000000000000e+02,1.144788980484008789e+00,2.435035714270819085e+01,2.600000000000000000e+01
4.920000000000000000e+02,1.146040916442871094e+00,2.435035714270819085e+01,5.500000000000000000e+01
4.930000000000000000e+02,1.147239923477172852e+00,2.435035714270819085e+01,2.600000000000000000e+01
4.940000000000000000e+02,1.149080991744995117e+00,2.435035714270819085e+01,5.500000000000000000e+01
4.950000000000000000e+02,1.150724887847900391e+00,2.435035714270819085e+01,2.600000000000000000e+01
4.960000000000000000e+02,1.152853012084960938e+00,2.435035714270819085e+01,5.500000000000000000e+01
4.970000000000000000e+02,1.154137849807739258e+00,2.435035714270819085e+01,2.600000000000000000e+01
4.980000000000000000e+02,1.155567884445190430e+00,2.435035714270819085e+01,5.500000000000000000e+01
4.990000000000000000e+02,1.156871080398559570e+00,2.435035714270819085e+01,2.600000000000000000e+01
