0.000000000000000000e+00,2.749919891357421875e-03,0.000000000000000000e+00,2.000000000000000000e+00
1.000000000000000000e+00,5.038022994995117188e-03,0.000000000000000000e+00,2.000000000000000000e+00
2.000000000000000000e+00,8.100986480712890625e-03,0.000000000000000000e+00,3.000000000000000000e+00
3.000000000000000000e+00,1.069498062133789062e-02,0.000000000000000000e+00,3.000000000000000000e+00
4.000000000000000000e+00,1.360988616943359375e-02,0.000000000000000000e+00,4.000000000000000000e+00
5.000000000000000000e+00,1.574087142944335938e-02,0.000000000000000000e+00,4.000000000000000000e+00
6.000000000000000000e+00,1.656484603881835938e-02,0.000000000000000000e+00,4.000000000000000000e+00
7.000000000000000000e+00,1.978802680969238281e-02,0.000000000000000000e+00,5.000000000000000000e+00
8.000000000000000000e+00,2.176594734191894531e-02,0.000000000000000000e+00,5.000000000000000000e+00
9.000000000000000000e+00,2.409291267395019531e-02,0.000000000000000000e+00,6.000000000000000000e+00
1.000000000000000000e+01,2.607893943786621094e-02,0.000000000000000000e+00,6.000000000000000000e+00
1.100000000000000000e+01,2.815699577331542969e-02,0.000000000000000000e+00,7.000000000000000000e+00
1.200000000000000000e+01,2.891397476196289062e-02,0.000000000000000000e+00,6.000000000000000000e+00
1.300000000000000000e+01,3.136181831359863281e-02,0.000000000000000000e+00,8.000000000000000000e+00
1.400000000000000000e+01,3.372883796691894531e-02,3.252018429619234041e+01,7.000000000000000000e+00
1.500000000000000000e+01,3.576183319091796875e-02,3.252018429619234041e+01,9.000000000000000000e+00
1.600000000000000000e+01,3.729486465454101562e-02,3.252018429619234041e+01,8.000000000000000000e+00
1.700000000000000000e+01,4.018092155456542969e-02,3.172497176986109224e+01,1.000000000000000000e+01
1.800000000000000000e+01,4.222893714904785156e-02,3.172497176986109224e+01,9.000000000000000000e+00
1.900000000000000000e+01,4.309296607971191406e-02,3.172497176986109224e+01,1.000000000000000000e+01
2.000000000000000000e+01,4.483985900878906250e-02,3.172497176986109224e+01,1.000000000000000000e+01
2.100000000000000000e+01,4.585981369018554688e-02,3.172497176986109224e+01,1.000000000000000000e+01
2.200000000000000000e+01,4.762291908264160156e-02,3.172497176986109224e+01,1.100000000000000000e+01
2.300000000000000000e+01,4.865884780883789062e-02,3.172497176986109224e+01,1.000000000000000000e+01
2.400000000000000000e+01,5.039286613464355469e-02,3.073714887198053702e+01,1.200000000000000000e+01
2.500000000000000000e+01,5.232095718383789062e-02,3.046661111363287233e+01,1.000000000000000000e+01
2.600000000000000000e+01,5.403494834899902344e-02,2.950099337901103524e+01,1.100000000000000000e+01
2.700000000000000000e+01,5.495595932006835938e-02,2.950099337901103524e+01,7.000000000000000000e+00
2.800000000000000000e+01,5.589699745178222656e-02,2.950099337901103524e+01,1.100000000000000000e+01
2.900000000000000000e+01,5.763387680053710938e-02,2.943889631622526437e+01,8.000000000000000000e+00
3.000000000000000000e+01,5.858802795410156250e-02,2.943889631622526437e+01,1.000000000000000000e+01
3.100000000000000000e+01,5.959987640380859375e-02,2.943889631622526437e+01,8.000000000000000000e+00
3.200000000000000000e+01,6.054687500000000000e-02,2.943889631622526437e+01,1.000000000000000000e+01
3.300000000000000000e+01,6.211590766906738281e-02,2.943889631622526437e+01,8.000000000000000000e+00
3.400000000000000000e+01,6.352591514587402344e-02,2.943889631622526437e+01,1.000000000000000000e+01
3.500000000000000000e+01,6.468296051025390625e-02,2.943889631622526437e+01,8.000000000000000000e+00
3.600000000000000000e+01,6.571197509765625000e-02,2.943889631622526437e+01,1.000000000000000000e+01
3.700000000000000000e+01,6.701493263244628906e-02,2.943889631622526437e+01,8.000000000000000000e+00
3.800000000000000000e+01,6.813287734985351562e-02,2.943889631622526437e+01,1.000000000000000000e+01
3.900000000000000000e+01,6.947994232177734375e-02,2.943889631622526437e+01,8.000000000000000000e+00
4.000000000000000000e+01,7.343888282775878906e-02,2.943889631622526437e+01,1.100000000000000000e+01
4.100000000000000000e+01,7.812786102294921875e-02,2.943889631622526437e+01,9.000000000000000000e+00
4.200000000000000000e+01,8.239603042602539062e-02,2.943889631622526437e+01,1.200000000000000000e+01
4.300000000000000000e+01,8.737993240356445312e-02,2.943889631622526437e+01,1.000000000000000000e+01
4.400000000000000000e+01,9.063696861267089844e-02,2.943889631622526437e+01,1.300000000000000000e+01
4.500000000000000000e+01,9.518790245056152344e-02,2.943889631622526437e+01,1.100000000000000000e+01
4.600000000000000000e+01,9.863185882568359375e-02,2.943889631622526437e+01,1.400000000000000000e+01
4.700000000000000000e+01,1.020720005035400391e-01,2.943889631622526437e+01,1.200000000000000000e+01
4.800000000000000000e+01,1.050019264221191406e-01,2.943889631622526437e+01,1.500000000000000000e+01
4.900000000000000000e+01,1.059570312500000000e-01,2.943889631622526437e+01,1.200000000000000000e+01
5.000000000000000000e+01,1.083128452301025391e-01,2.943889631622526437e+01,1.600000000000000000e+01
5.100000000000000000e+01,1.092169284820556641e-01,2.943889631622526437e+01,1.200000000000000000e+01
5.200000000000000000e+01,1.126699447631835938e-01,2.943889631622526437e+01,1.700000000000000000e+01
5.300000000000000000e+01,1.154799461364746094e-01,2.885087701243308800e+01,1.300000000000000000e+01
5.400000000000000000e+01,1.180658340454101562e-01,2.885087701243308800e+01,1.800000000000000000e+01
5.500000000000000000e+01,1.187739372253417969e-01,2.885087701243308800e+01,1.200000000000000000e+01
5.600000000000000000e+01,1.221008300781250000e-01,2.885087701243308800e+01,1.900000000000000000e+01
5.700000000000000000e+01,1.230068206787109375e-01,2.885087701243308800e+01,1.200000000000000000e+01
5.800000000000000000e+01,1.252248287200927734e-01,2.885087701243308800e+01,2.000000000000000000e+01
5.900000000000000000e+01,1.264359951019287109e-01,2.885087701243308800e+01,1.200000000000000000e+01
6.000000000000000000e+01,1.287658214569091797e-01,2.885087701243308800e+01,2.100000000000000000e+01
6.100000000000000000e+01,1.300678253173828125e-01,2.885087701243308800e+01,1.200000000000000000e+01
6.200000000000000000e+01,1.310830116271972656e-01,2.885087701243308800e+01,2.100000000000000000e+01
6.300000000000000000e+01,1.321308612823486328e-01,2.885087701243308800e+01,1.200000000000000000e+01
6.400000000000000000e+01,1.330659389495849609e-01,2.885087701243308800e+01,2.100000000000000000e+01
6.500000000000000000e+01,1.341249942779541016e-01,2.885087701243308800e+01,1.200000000000000000e+01
6.600000000000000000e+01,1.350219249725341797e-01,2.885087701243308800e+01,2.100000000000000000e+01
6.700000000000000000e+01,1.364598274230957031e-01,2.885087701243308800e+01,1.200000000000000000e+01
6.800000000000000000e+01,1.374788284301757812e-01,2.885087701243308800e+01,2.100000000000000000e+01
6.900000000000000000e+01,1.390550136566162109e-01,2.885087701243308800e+01,1.200000000000000000e+01
7.000000000000000000e+01,1.401998996734619141e-01,2.885087701243308800e+01,2.100000000000000000e+01
7.100000000000000000e+01,1.411728858947753906e-01,2.885087701243308800e+01,1.200000000000000000e+01
7.200000000000000000e+01,1.433358192443847656e-01,2.870137954379602263e+01,2.200000000000000000e+01
7.300000000000000000e+01,1.456449031829833984e-01,2.870137954379602263e+01,1.100000000000000000e+01
7.400000000000000000e+01,1.467928886413574219e-01,2.870137954379602263e+01,2.100000000000000000e+01
7.500000000000000000e+01,1.479740142822265625e-01,2.870137954379602263e+01,1.100000000000000000e+01
7.600000000000000000e+01,1.492338180541992188e-01,2.870137954379602263e+01,2.100000000000000000e+01
7.700000000000000000e+01,1.505877971649169922e-01,2.870137954379602263e+01,1.100000000000000000e+01
7.800000000000000000e+01,1.518509387969970703e-01,2.870137954379602263e+01,2.100000000000000000e+01
7.900000000000000000e+01,1.532309055328369141e-01,2.870137954379602263e+01,1.100000000000000000e+01
8.000000000000000000e+01,1.601569652557373047e-01,2.870137954379602263e+01,2.200000000000000000e+01
8.100000000000000000e+01,1.607189178466796875e-01,2.870137954379602263e+01,1.100000000000000000e+01
8.200000000000000000e+01,1.671028137207031250e-01,2.870137954379602263e+01,2.300000000000000000e+01
8.300000000000000000e+01,1.719160079956054688e-01,2.870137954379602263e+01,1.200000000000000000e+01
8.400000000000000000e+01,1.788768768310546875e-01,2.870137954379602263e+01,2.400000000000000000e+01
8.500000000000000000e+01,1.825869083404541016e-01,2.870137954379602263e+01,1.300000000000000000e+01
8.600000000000000000e+01,1.879599094390869141e-01,2.870137954379602263e+01,2.500000000000000000e+01
8.700000000000000000e+01,1.910438537597656250e-01,2.870137954379602263e+01,1.400000000000000000e+01
8.800000000000000000e+01,1.961739063262939453e-01,2.870137954379602263e+01,2.600000000000000000e+01
8.900000000000000000e+01,1.990039348602294922e-01,2.870137954379602263e+01,1.500000000000000000e+01
9.000000000000000000e+01,2.023689746856689453e-01,2.870137954379602263e+01,2.700000000000000000e+01
9.100000000000000000e+01,2.050189971923828125e-01,2.870137954379602263e+01,1.600000000000000000e+01
9.200000000000000000e+01,2.092938423156738281e-01,2.870137954379602263e+01,2.800000000000000000e+01
9.300000000000000000e+01,2.117338180541992188e-01,2.870137954379602263e+01,1.700000000000000000e+01
9.400000000000000000e+01,2.152428627014160156e-01,2.870137954379602263e+01,2.900000000000000000e+01
9.500000000000000000e+01,2.162048816680908203e-01,2.870137954379602263e+01,1.700000000000000000e+01
9.600000000000000000e+01,2.188208103179931641e-01,2.870137954379602263e+01,3.000000000000000000e+01
9.700000000000000000e+01,2.197899818420410156e-01,2.870137954379602263e+01,1.700000000000000000e+01
9.800000000000000000e+01,2.224118709564208984e-01,2.870137954379602263e+01,3.100000000000000000e+01
9.900000000000000000e+01,2.234280109405517578e-01,2.870137954379602263e+01,1.700000000000000000e+01
1.000000000000000000e+02,2.270958423614501953e-01,2.840065561005503270e+01,3.200000000000000000e+01
1.010000000000000000e+02,2.282068729400634766e-01,2.840065561005503270e+01,1.600000000000000000e+01
1.020000000000000000e+02,2.304739952087402344e-01,2.840065561005503270e+01,3.300000000000000000e+01
1.030000000000000000e+02,2.315709590911865234e-01,2.840065561005503270e+01,1.600000000000000000e+01
1.040000000000000000e+02,2.326798439025878906e-01,2.840065561005503270e+01,3.300000000000000000e+01
1.050000000000000000e+02,2.338759899139404297e-01,2.840065561005503270e+01,1.600000000000000000e+01
1.060000000000000000e+02,2.349858283996582031e-01,2.840065561005503270e+01,3.300000000000000000e+01
1.070000000000000000e+02,2.362298965454101562e-01,2.840065561005503270e+01,1.600000000000000000e+01
1.080000000000000000e+02,2.375278472900390625e-01,2.840065561005503270e+01,3.300000000000000000e+01
1.090000000000000000e+02,2.385699748992919922e-01,2.840065561005503270e+01,1.600000000000000000e+01
1.100000000000000000e+02,2.400000095367431641e-01,2.840065561005503270e+01,3.300000000000000000e+01
1.110000000000000000e+02,2.410769462585449219e-01,2.840065561005503270e+01,1.600000000000000000e+01
1.120000000000000000e+02,2.423458099365234375e-01,2.840065561005503270e+01,3.300000000000000000e+01
1.130000000000000000e+02,2.435779571533203125e-01,2.840065561005503270e+01,1.600000000000000000e+01
1.140000000000000000e+02,2.447569370269775391e-01,2.840065561005503270e+01,3.300000000000000000e+01
1.150000000000000000e+02,2.460160255432128906e-01,2.840065561005503270e+01,1.600000000000000000e+01
1.160000000000000000e+02,2.473540306091308594e-01,2.840065561005503270e+01,3.300000000000000000e+01
1.170000000000000000e+02,2.490320205688476562e-01,2.840065561005503270e+01,1.600000000000000000e+01
1.180000000000000000e+02,2.504518032073974609e-01,2.840065561005503270e+01,3.300000000000000000e+01
1.190000000000000000e+02,2.517809867858886719e-01,2.840065561005503270e+01,1.600000000000000000e+01
1.200000000000000000e+02,2.636229991912841797e-01,2.840065561005503270e+01,3.400000000000000000e+01
1.210000000000000000e+02,2.710800170898437500e-01,2.840065561005503270e+01,1.700000000000000000e+01
1.220000000000000000e+02,2.730050086975097656e-01,2.840065561005503270e+01,3.400000000000000000e+01
1.230000000000000000e+02,2.738258838653564453e-01,2.840065561005503270e+01,1.700000000000000000e+01
1.240000000000000000e+02,2.799777984619140625e-01,2.840065561005503270e+01,3.500000000000000000e+01
1.250000000000000000e+02,2.848188877105712891e-01,2.840065561005503270e+01,1.800000000000000000e+01
1.260000000000000000e+02,2.899348735809326172e-01,2.840065561005503270e+01,3.600000000000000000e+01
1.270000000000000000e+02,2.942829132080078125e-01,2.840065561005503270e+01,1.900000000000000000e+01
1.280000000000000000e+02,2.993388175964355469e-01,2.840065561005503270e+01,3.700000000000000000e+01
1.290000000000000000e+02,3.031859397888183594e-01,2.840065561005503270e+01,2.000000000000000000e+01
1.300000000000000000e+02,3.109049797058105469e-01,2.840065561005503270e+01,3.800000000000000000e+01
1.310000000000000000e+02,3.132820129394531250e-01,2.840065561005503270e+01,2.100000000000000000e+01
1.320000000000000000e+02,3.183958530426025391e-01,2.840065561005503270e+01,3.900000000000000000e+01
1.330000000000000000e+02,3.210148811340332031e-01,2.840065561005503270e+01,2.200000000000000000e+01
1.340000000000000000e+02,3.284399509429931641e-01,2.840065561005503270e+01,4.000000000000000000e+01
1.350000000000000000e+02,3.292679786682128906e-01,2.840065561005503270e+01,2.200000000000000000e+01
1.360000000000000000e+02,3.357439041137695312e-01,2.830989515549819657e+01,4.100000000000000000e+01
1.370000000000000000e+02,3.365638256072998047e-01,2.830989515549819657e+01,2.200000000000000000e+01
1.380000000000000000e+02,3.421959877014160156e-01,2.830989515549819657e+01,4.100000000000000000e+01
1.390000000000000000e+02,3.433778285980224609e-01,2.830989515549819657e+01,2.200000000000000000e+01
1.400000000000000000e+02,3.470718860626220703e-01,2.830989515549819657e+01,4.200000000000000000e+01
1.410000000000000000e+02,3.481979370117187500e-01,2.830989515549819657e+01,2.200000000000000000e+01
1.420000000000000000e+02,3.494708538055419922e-01,2.830989515549819657e+01,4.200000000000000000e+01
1.430000000000000000e+02,3.505218029022216797e-01,2.830989515549819657e+01,2.200000000000000000e+01
1.440000000000000000e+02,3.518929481506347656e-01,2.830989515549819657e+01,4.200000000000000000e+01
1.450000000000000000e+02,3.531088829040527344e-01,2.830989515549819657e+01,2.200000000000000000e+01
1.460000000000000000e+02,3.543188571929931641e-01,2.830989515549819657e+01,4.200000000000000000e+01
1.470000000000000000e+02,3.554809093475341797e-01,2.830989515549819657e+01,2.200000000000000000e+01
1.480000000000000000e+02,3.567969799041748047e-01,2.830989515549819657e+01,4.200000000000000000e+01
1.490000000000000000e+02,3.578917980194091797e-01,2.830989515549819657e+01,2.200000000000000000e+01
1.500000000000000000e+02,3.592588901519775391e-01,2.830989515549819657e+01,4.200000000000000000e+01
1.510000000000000000e+02,3.605878353118896484e-01,2.830989515549819657e+01,2.200000000000000000e+01
1.520000000000000000e+02,3.618509769439697266e-01,2.830989515549819657e+01,4.200000000000000000e+01
1.530000000000000000e+02,3.634479045867919922e-01,2.830989515549819657e+01,2.200000000000000000e+01
1.540000000000000000e+02,3.649020195007324219e-01,2.830989515549819657e+01,4.200000000000000000e+01
1.550000000000000000e+02,3.666670322418212891e-01,2.830989515549819657e+01,2.200000000000000000e+01
1.560000000000000000e+02,3.682079315185546875e-01,2.830989515549819657e+01,4.200000000000000000e+01
1.570000000000000000e+02,3.698799610137939453e-01,2.830989515549819657e+01,2.200000000000000000e+01
1.580000000000000000e+02,3.714139461517333984e-01,2.830989515549819657e+01,4.200000000000000000e+01
1.590000000000000000e+02,3.729460239410400391e-01,2.830989515549819657e+01,2.200000000000000000e+01
1.600000000000000000e+02,3.858978748321533203e-01,2.830989515549819657e+01,4.300000000000000000e+01
1.610000000000000000e+02,3.951759338378906250e-01,2.830989515549819657e+01,2.300000000000000000e+01
1.620000000000000000e+02,3.961248397827148438e-01,2.830989515549819657e+01,4.300000000000000000e+01
1.630000000000000000e+02,4.044878482818603516e-01,2.830989515549819657e+01,2.400000000000000000e+01
1.640000000000000000e+02,4.056069850921630859e-01,2.830989515549819657e+01,4.300000000000000000e+01
1.650000000000000000e+02,4.115939140319824219e-01,2.830989515549819657e+01,2.500000000000000000e+01
1.660000000000000000e+02,4.208748340606689453e-01,2.830989515549819657e+01,4.400000000000000000e+01
1.670000000000000000e+02,4.258909225463867188e-01,2.830989515549819657e+01,2.600000000000000000e+01
1.680000000000000000e+02,4.369149208068847656e-01,2.830989515549819657e+01,4.500000000000000000e+01
1.690000000000000000e+02,4.419689178466796875e-01,2.830989515549819657e+01,2.700000000000000000e+01
1.700000000000000000e+02,4.457199573516845703e-01,2.830989515549819657e+01,4.600000000000000000e+01
1.710000000000000000e+02,4.494738578796386719e-01,2.830989515549819657e+01,2.800000000000000000e+01
1.720000000000000000e+02,4.575200080871582031e-01,2.830989515549819657e+01,4.700000000000000000e+01
1.730000000000000000e+02,4.603579044342041016e-01,2.830989515549819657e+01,2.900000000000000000e+01
1.740000000000000000e+02,4.643478393554687500e-01,2.830989515549819657e+01,4.800000000000000000e+01
1.750000000000000000e+02,4.651379585266113281e-01,2.830989515549819657e+01,2.900000000000000000e+01
1.760000000000000000e+02,4.724500179290771484e-01,2.830989515549819657e+01,4.900000000000000000e+01
1.770000000000000000e+02,4.736678600311279297e-01,2.830989515549819657e+01,2.900000000000000000e+01
1.780000000000000000e+02,4.798469543457031250e-01,2.830989515549819657e+01,5.000000000000000000e+01
1.790000000000000000e+02,4.810409545898437500e-01,2.830989515549819657e+01,2.900000000000000000e+01
1.800000000000000000e+02,4.823949337005615234e-01,2.830989515549819657e+01,5.000000000000000000e+01
1.810000000000000000e+02,4.835870265960693359e-01,2.830989515549819657e+01,2.900000000000000000e+01
1.820000000000000000e+02,4.849510192871093750e-01,2.830989515549819657e+01,5.000000000000000000e+01
1.830000000000000000e+02,4.862158298492431641e-01,2.830989515549819657e+01,2.900000000000000000e+01
1.840000000000000000e+02,4.891359806060791016e-01,2.830989515549819657e+01,5.100000000000000000e+01
1.850000000000000000e+02,4.903099536895751953e-01,2.830989515549819657e+01,2.900000000000000000e+01
1.860000000000000000e+02,4.916558265686035156e-01,2.830989515549819657e+01,5.100000000000000000e+01
1.870000000000000000e+02,4.933168888092041016e-01,2.830989515549819657e+01,2.900000000000000000e+01
1.880000000000000000e+02,4.947578907012939453e-01,2.830989515549819657e+01,5.100000000000000000e+01
1.890000000000000000e+02,4.961469173431396484e-01,2.830989515549819657e+01,2.900000000000000000e+01
1.900000000000000000e+02,4.976129531860351562e-01,2.830989515549819657e+01,5.100000000000000000e+01
1.910000000000000000e+02,4.988379478454589844e-01,2.830989515549819657e+01,2.900000000000000000e+01
1.920000000000000000e+02,5.004119873046875000e-01,2.830989515549819657e+01,5.100000000000000000e+01
1.930000000000000000e+02,5.025329589843750000e-01,2.830989515549819657e+01,2.900000000000000000e+01
1.940000000000000000e+02,5.039918422698974609e-01,2.830989515549819657e+01,5.100000000000000000e+01
1.950000000000000000e+02,5.054519176483154297e-01,2.830989515549819657e+01,2.900000000000000000e+01
1.960000000000000000e+02,5.070378780364990234e-01,2.830989515549819657e+01,5.100000000000000000e+01
1.970000000000000000e+02,5.083739757537841797e-01,2.830989515549819657e+01,2.900000000000000000e+01
1.980000000000000000e+02,5.100319385528564453e-01,2.830989515549819657e+01,5.100000000000000000e+01
1.990000000000000000e+02,5.121719837188720703e-01,2.830989515549819657e+01,2.900000000000000000e+01
2.000000000000000000e+02,5.286259651184082031e-01,2.830989515549819657e+01,5.200000000000000000e+01
2.010000000000000000e+02,5.292968750000000000e-01,2.830989515549819657e+01,2.900000000000000000e+01
2.020000000000000000e+02,5.440249443054199219e-01,2.830989515549819657e+01,5.300000000000000000e+01
2.030000000000000000e+02,5.547518730163574219e-01,2.830989515549819657e+01,3.000000000000000000e+01
2.040000000000000000e+02,5.670149326324462891e-01,2.830989515549819657e+01,5.400000000000000000e+01
2.050000000000000000e+02,5.679349899291992188e-01,2.830989515549819657e+01,3.000000000000000000e+01
2.060000000000000000e+02,5.804588794708251953e-01,2.830989515549819657e+01,5.500000000000000000e+01
2.070000000000000000e+02,5.888879299163818359e-01,2.830989515549819657e+01,3.100000000000000000e+01
2.080000000000000000e+02,6.008658409118652344e-01,2.830989515549819657e+01,5.600000000000000000e+01
2.090000000000000000e+02,6.016459465026855469e-01,2.830989515549819657e+01,3.100000000000000000e+01
2.100000000000000000e+02,6.118059158325195312e-01,2.830989515549819657e+01,5.700000000000000000e+01
2.110000000000000000e+02,6.125748157501220703e-01,2.830989515549819657e+01,3.100000000000000000e+01
2.120000000000000000e+02,6.162869930267333984e-01,2.830989515549819657e+01,5.800000000000000000e+01
2.130000000000000000e+02,6.174159049987792969e-01,2.830989515549819657e+01,3.100000000000000000e+01
2.140000000000000000e+02,6.190059185028076172e-01,2.830989515549819657e+01,5.800000000000000000e+01
2.150000000000000000e+02,6.198828220367431641e-01,2.830989515549819657e+01,3.100000000000000000e+01
2.160000000000000000e+02,6.213979721069335938e-01,2.830989515549819657e+01,5.800000000000000000e+01
2.170000000000000000e+02,6.237518787384033203e-01,2.830989515549819657e+01,3.200000000000000000e+01
2.180000000000000000e+02,6.301410198211669922e-01,2.830989515549819657e+01,5.900000000000000000e+01
2.190000000000000000e+02,6.314709186553955078e-01,2.830989515549819657e+01,3.200000000000000000e+01
2.200000000000000000e+02,6.349580287933349609e-01,2.830989515549819657e+01,6.000000000000000000e+01
2.210000000000000000e+02,6.362679004669189453e-01,2.830989515549819657e+01,3.200000000000000000e+01
2.220000000000000000e+02,6.377658843994140625e-01,2.830989515549819657e+01,6.000000000000000000e+01
2.230000000000000000e+02,6.390018463134765625e-01,2.830989515549819657e+01,3.200000000000000000e+01
2.240000000000000000e+02,6.404299736022949219e-01,2.830989515549819657e+01,6.000000000000000000e+01
2.250000000000000000e+02,6.417639255523681641e-01,2.830989515549819657e+01,3.200000000000000000e+01
2.260000000000000000e+02,6.432509422302246094e-01,2.830989515549819657e+01,6.000000000000000000e+01
2.270000000000000000e+02,6.444978713989257812e-01,2.830989515549819657e+01,3.200000000000000000e+01
2.280000000000000000e+02,6.469910144805908203e-01,2.820478267242789627e+01,6.100000000000000000e+01
2.290000000000000000e+02,6.483008861541748047e-01,2.820478267242789627e+01,3.100000000000000000e+01
2.300000000000000000e+02,6.497809886932373047e-01,2.820478267242789627e+01,6.100000000000000000e+01
2.310000000000000000e+02,6.510879993438720703e-01,2.820478267242789627e+01,3.100000000000000000e+01
2.320000000000000000e+02,6.525588035583496094e-01,2.820478267242789627e+01,6.100000000000000000e+01
2.330000000000000000e+02,6.538398265838623047e-01,2.820478267242789627e+01,3.100000000000000000e+01
2.340000000000000000e+02,6.554539203643798828e-01,2.820478267242789627e+01,6.100000000000000000e+01
2.350000000000000000e+02,6.571278572082519531e-01,2.820478267242789627e+01,3.100000000000000000e+01
2.360000000000000000e+02,6.588008403778076172e-01,2.820478267242789627e+01,6.100000000000000000e+01
2.370000000000000000e+02,6.602928638458251953e-01,2.820478267242789627e+01,3.100000000000000000e+01
2.380000000000000000e+02,6.620450019836425781e-01,2.820478267242789627e+01,6.100000000000000000e+01
2.390000000000000000e+02,6.634488105773925781e-01,2.820478267242789627e+01,3.100000000000000000e+01
2.400000000000000000e+02,6.807630062103271484e-01,2.820478267242789627e+01,6.200000000000000000e+01
2.410000000000000000e+02,6.935229301452636719e-01,2.820478267242789627e+01,3.200000000000000000e+01
2.420000000000000000e+02,7.063748836517333984e-01,2.820478267242789627e+01,6.300000000000000000e+01
2.430000000000000000e+02,7.168359756469726562e-01,2.820478267242789627e+01,3.300000000000000000e+01
2.440000000000000000e+02,7.335379123687744141e-01,2.820478267242789627e+01,6.400000000000000000e+01
2.450000000000000000e+02,7.429199218750000000e-01,2.820478267242789627e+01,3.400000000000000000e+01
2.460000000000000000e+02,7.554368972778320312e-01,2.820478267242789627e+01,6.500000000000000000e+01
2.470000000000000000e+02,7.602598667144775391e-01,2.820478267242789627e+01,3.500000000000000000e+01
2.480000000000000000e+02,7.724230289459228516e-01,2.820478267242789627e+01,6.600000000000000000e+01
2.490000000000000000e+02,7.776958942413330078e-01,2.820478267242789627e+01,3.600000000000000000e+01
2.500000000000000000e+02,7.898378372192382812e-01,2.815879351054773139e+01,6.700000000000000000e+01
2.510000000000000000e+02,7.940008640289306641e-01,2.815879351054773139e+01,3.700000000000000000e+01
2.520000000000000000e+02,8.044419288635253906e-01,2.815879351054773139e+01,6.800000000000000000e+01
2.530000000000000000e+02,8.052778244018554688e-01,2.815879351054773139e+01,3.700000000000000000e+01
2.540000000000000000e+02,8.157229423522949219e-01,2.815879351054773139e+01,6.900000000000000000e+01
2.550000000000000000e+02,8.168909549713134766e-01,2.815879351054773139e+01,3.700000000000000000e+01
2.560000000000000000e+02,8.227248191833496094e-01,2.815879351054773139e+01,7.000000000000000000e+01
2.570000000000000000e+02,8.239638805389404297e-01,2.815879351054773139e+01,3.700000000000000000e+01
2.580000000000000000e+02,8.282549381256103516e-01,2.815879351054773139e+01,7.100000000000000000e+01
2.590000000000000000e+02,8.296158313751220703e-01,2.815879351054773139e+01,3.700000000000000000e+01
2.600000000000000000e+02,8.357639312744140625e-01,2.796157930231642297e+01,7.200000000000000000e+01
2.610000000000000000e+02,8.369519710540771484e-01,2.796157930231642297e+01,3.500000000000000000e+01
2.620000000000000000e+02,8.385097980499267578e-01,2.796157930231642297e+01,7.200000000000000000e+01
2.630000000000000000e+02,8.397929668426513672e-01,2.796157930231642297e+01,3.500000000000000000e+01
2.640000000000000000e+02,8.414268493652343750e-01,2.796157930231642297e+01,7.200000000000000000e+01
2.650000000000000000e+02,8.427748680114746094e-01,2.796157930231642297e+01,3.500000000000000000e+01
2.660000000000000000e+02,8.444190025329589844e-01,2.796157930231642297e+01,7.200000000000000000e+01
2.670000000000000000e+02,8.457648754119873047e-01,2.796157930231642297e+01,3.500000000000000000e+01
2.680000000000000000e+02,8.475108146667480469e-01,2.796157930231642297e+01,7.200000000000000000e+01
2.690000000000000000e+02,8.490228652954101562e-01,2.796157930231642297e+01,3.500000000000000000e+01
2.700000000000000000e+02,8.506269454956054688e-01,2.796157930231642297e+01,7.200000000000000000e+01
2.710000000000000000e+02,8.520150184631347656e-01,2.796157930231642297e+01,3.500000000000000000e+01
2.720000000000000000e+02,8.537979125976562500e-01,2.796157930231642297e+01,7.200000000000000000e+01
2.730000000000000000e+02,8.560268878936767578e-01,2.796157930231642297e+01,3.500000000000000000e+01
2.740000000000000000e+02,8.577289581298828125e-01,2.796157930231642297e+01,7.200000000000000000e+01
2.750000000000000000e+02,8.591299057006835938e-01,2.796157930231642297e+01,3.500000000000000000e+01
2.760000000000000000e+02,8.609888553619384766e-01,2.796157930231642297e+01,7.200000000000000000e+01
2.770000000000000000e+02,8.623869419097900391e-01,2.796157930231642297e+01,3.500000000000000000e+01
2.780000000000000000e+02,8.642778396606445312e-01,2.796157930231642297e+01,7.200000000000000000e+01
2.790000000000000000e+02,8.661777973175048828e-01,2.796157930231642297e+01,3.500000000000000000e+01
2.800000000000000000e+02,8.675370216369628906e-01,2.796157930231642297e+01,7.200000000000000000e+01
2.810000000000000000e+02,8.815038204193115234e-01,2.796157930231642297e+01,3.600000000000000000e+01
2.820000000000000000e+02,9.005908966064453125e-01,2.796157930231642297e+01,7.300000000000000000e+01
2.830000000000000000e+02,9.121339321136474609e-01,2.796157930231642297e+01,3.700000000000000000e+01
2.840000000000000000e+02,9.265530109405517578e-01,2.796157930231642297e+01,7.400000000000000000e+01
2.850000000000000000e+02,9.374728202819824219e-01,2.796157930231642297e+01,3.800000000000000000e+01
2.860000000000000000e+02,9.514768123626708984e-01,2.796157930231642297e+01,7.500000000000000000e+01
2.870000000000000000e+02,9.565789699554443359e-01,2.796157930231642297e+01,3.900000000000000000e+01
2.880000000000000000e+02,9.678819179534912109e-01,2.796157930231642297e+01,7.600000000000000000e+01
2.890000000000000000e+02,9.686379432678222656e-01,2.796157930231642297e+01,3.900000000000000000e+01
2.900000000000000000e+02,9.814569950103759766e-01,2.796157930231642297e+01,7.700000000000000000e+01
2.910000000000000000e+02,9.866428375244140625e-01,2.796157930231642297e+01,4.000000000000000000e+01
2.920000000000000000e+02,9.916999340057373047e-01,2.796157930231642297e+01,7.800000000000000000e+01
2.930000000000000000e+02,9.949920177459716797e-01,2.796157930231642297e+01,4.100000000000000000e+01
2.940000000000000000e+02,9.966659545898437500e-01,2.796157930231642297e+01,7.800000000000000000e+01
2.950000000000000000e+02,9.974799156188964844e-01,2.796157930231642297e+01,4.100000000000000000e+01
2.960000000000000000e+02,1.002027988433837891e+00,2.796157930231642297e+01,7.900000000000000000e+01
2.970000000000000000e+02,1.003288030624389648e+00,2.796157930231642297e+01,4.100000000000000000e+01
2.980000000000000000e+02,1.008381843566894531e+00,2.796157930231642297e+01,8.000000000000000000e+01
2.990000000000000000e+02,1.009941816329956055e+00,2.796157930231642297e+01,4.100000000000000000e+01
3.000000000000000000e+02,1.017417907714843750e+00,2.796157930231642297e+01,8.100000000000000000e+01
3.010000000000000000e+02,1.018687963485717773e+00,2.796157930231642297e+01,4.100000000000000000e+01
3.020000000000000000e+02,1.020306825637817383e+00,2.796157930231642297e+01,8.100000000000000000e+01
3.030000000000000000e+02,1.021653890609741211e+00,2.796157930231642297e+01,4.100000000000000000e+01
3.040000000000000000e+02,1.023347854614257812e+00,2.796157930231642297e+01,8.100000000000000000e+01
3.050000000000000000e+02,1.024700880050659180e+00,2.796157930231642297e+01,4.100000000000000000e+01
3.060000000000000000e+02,1.026412963867187500e+00,2.796157930231642297e+01,8.100000000000000000e+01
3.070000000000000000e+02,1.027911901473999023e+00,2.796157930231642297e+01,4.100000000000000000e+01
3.080000000000000000e+02,1.029778957366943359e+00,2.796157930231642297e+01,8.100000000000000000e+01
3.090000000000000000e+02,1.031834840774536133e+00,2.796157930231642297e+01,4.100000000000000000e+01
3.100000000000000000e+02,1.033865928649902344e+00,2.796157930231642297e+01,8.100000000000000000e+01
3.110000000000000000e+02,1.035427808761596680e+00,2.796157930231642297e+01,4.100000000000000000e+01
3.120000000000000000e+02,1.037410020828247070e+00,2.796157930231642297e+01,8.100000000000000000e+01
3.130000000000000000e+02,1.038846969604492188e+00,2.796157930231642297e+01,4.100000000000000000e+01
3.140000000000000000e+02,1.040743827819824219e+00,2.796157930231642297e+01,8.100000000000000000e+01
3.150000000000000000e+02,1.042465925216674805e+00,2.796157930231642297e+01,4.100000000000000000e+01
3.160000000000000000e+02,1.044490814208984375e+00,2.796157930231642297e+01,8.100000000000000000e+01
3.170000000000000000e+02,1.046968936920166016e+00,2.796157930231642297e+01,4.100000000000000000e+01
3.180000000000000000e+02,1.049033880233764648e+00,2.796157930231642297e+01,8.100000000000000000e+01
3.190000000000000000e+02,1.050827980041503906e+00,2.796157930231642297e+01,4.100000000000000000e+01
3.200000000000000000e+02,1.072064876556396484e+00,2.796157930231642297e+01,8.200000000000000000e+01
3.210000000000000000e+02,1.072726011276245117e+00,2.796157930231642297e+01,4.100000000000000000e+01
3.220000000000000000e+02,1.087782859802246094e+00,2.796157930231642297e+01,8.300000000000000000e+01
3.230000000000000000e+02,1.102550983428955078e+00,2.796157930231642297e+01,4.200000000000000000e+01
3.240000000000000000e+02,1.104104995727539062e+00,2.796157930231642297e+01,8.300000000000000000e+01
3.250000000000000000e+02,1.115687847137451172e+00,2.796157930231642297e+01,4.300000000000000000e+01
3.260000000000000000e+02,1.129983901977539062e+00,2.796157930231642297e+01,8.400000000000000000e+01
3.270000000000000000e+02,1.134788990020751953e+00,2.796157930231642297e+01,4.400000000000000000e+01
3.280000000000000000e+02,1.144878864288330078e+00,2.796157930231642297e+01,8.500000000000000000e+01
3.290000000000000000e+02,1.152010917663574219e+00,2.796157930231642297e+01,4.500000000000000000e+01
3.300000000000000000e+02,1.166996002197265625e+00,2.796157930231642297e+01,8.600000000000000000e+01
3.310000000000000000e+02,1.168061017990112305e+00,2.796157930231642297e+01,4.500000000000000000e+01
3.320000000000000000e+02,1.173107862472534180e+00,2.796157930231642297e+01,8.700000000000000000e+01
3.330000000000000000e+02,1.177451848983764648e+00,2.796157930231642297e+01,4.600000000000000000e+01
3.340000000000000000e+02,1.189867973327636719e+00,2.796157930231642297e+01,8.800000000000000000e+01
3.350000000000000000e+02,1.191136837005615234e+00,2.796157930231642297e+01,4.600000000000000000e+01
3.360000000000000000e+02,1.198748826980590820e+00,2.796157930231642297e+01,8.900000000000000000e+01
3.370000000000000000e+02,1.200076818466186523e+00,2.796157930231642297e+01,4.600000000000000000e+01
3.380000000000000000e+02,1.204278945922851562e+00,2.796157930231642297e+01,9.000000000000000000e+01
3.390000000000000000e+02,1.205704927444458008e+00,2.796157930231642297e+01,4.600000000000000000e+01
3.400000000000000000e+02,1.207958936691284180e+00,2.796157930231642297e+01,9.000000000000000000e+01
3.410000000000000000e+02,1.209380865097045898e+00,2.796157930231642297e+01,4.600000000000000000e+01
3.420000000000000000e+02,1.211128950119018555e+00,2.796157930231642297e+01,9.000000000000000000e+01
3.430000000000000000e+02,1.212726831436157227e+00,2.796157930231642297e+01,4.600000000000000000e+01
3.440000000000000000e+02,1.214570999145507812e+00,2.796157930231642297e+01,9.000000000000000000e+01
3.450000000000000000e+02,1.215974807739257812e+00,2.796157930231642297e+01,4.600000000000000000e+01
3.460000000000000000e+02,1.217737913131713867e+00,2.796157930231642297e+01,9.000000000000000000e+01
3.470000000000000000e+02,1.219362974166870117e+00,2.796157930231642297e+01,4.600000000000000000e+01
3.480000000000000000e+02,1.221338987350463867e+00,2.796157930231642297e+01,9.000000000000000000e+01
3.490000000000000000e+02,1.222872972488403320e+00,2.796157930231642297e+01,4.600000000000000000e+01
3.500000000000000000e+02,1.224783897399902344e+00,2.796157930231642297e+01,9.000000000000000000e+01
3.510000000000000000e+02,1.226238965988159180e+00,2.796157930231642297e+01,4.600000000000000000e+01
3.520000000000000000e+02,1.228080987930297852e+00,2.796157930231642297e+01,9.000000000000000000e+01
3.530000000000000000e+02,1.229969024658203125e+00,2.796157930231642297e+01,4.600000000000000000e+01
3.540000000000000000e+02,1.231735944747924805e+00,2.796157930231642297e+01,9.000000000000000000e+01
3.550000000000000000e+02,1.234119892120361328e+00,2.796157930231642297e+01,4.600000000000000000e+01
3.560000000000000000e+02,1.236151933670043945e+00,2.796157930231642297e+01,9.000000000000000000e+01
3.570000000000000000e+02,1.238159894943237305e+00,2.796157930231642297e+01,4.600000000000000000e+01
3.580000000000000000e+02,1.240263938903808594e+00,2.796157930231642297e+01,9.000000000000000000e+01
3.590000000000000000e+02,1.242517948150634766e+00,2.796157930231642297e+01,4.600000000000000000e+01
3.600000000000000000e+02,1.268909931182861328e+00,2.796157930231642297e+01,9.100000000000000000e+01
3.610000000000000000e+02,1.288594007492065430e+00,2.796157930231642297e+01,4.700000000000000000e+01
3.620000000000000000e+02,1.309297800064086914e+00,2.796157930231642297e+01,9.200000000000000000e+01
3.630000000000000000e+02,1.324117898941040039e+00,2.796157930231642297e+01,4.800000000000000000e+01
3.640000000000000000e+02,1.345423936843872070e+00,2.796157930231642297e+01,9.300000000000000000e+01
3.650000000000000000e+02,1.359049797058105469e+00,2.796157930231642297e+01,4.900000000000000000e+01
3.660000000000000000e+02,1.377385854721069336e+00,2.796157930231642297e+01,9.400000000000000000e+01
3.670000000000000000e+02,1.386319875717163086e+00,2.796157930231642297e+01,5.000000000000000000e+01
3.680000000000000000e+02,1.397969007492065430e+00,2.796157930231642297e+01,9.500000000000000000e+01
3.690000000000000000e+02,1.404197931289672852e+00,2.796157930231642297e+01,5.100000000000000000e+01
3.700000000000000000e+02,1.416037797927856445e+00,2.796157930231642297e+01,9.600000000000000000e+01
3.710000000000000000e+02,1.421373844146728516e+00,2.796157930231642297e+01,5.200000000000000000e+01
3.720000000000000000e+02,1.435587882995605469e+00,2.796157930231642297e+01,9.700000000000000000e+01
3.730000000000000000e+02,1.436466932296752930e+00,2.796157930231642297e+01,5.200000000000000000e+01
3.740000000000000000e+02,1.442165851593017578e+00,2.796157930231642297e+01,9.800000000000000000e+01
3.750000000000000000e+02,1.445065975189208984e+00,2.796157930231642297e+01,5.300000000000000000e+01
3.760000000000000000e+02,1.457595825195312500e+00,2.796157930231642297e+01,9.900000000000000000e+01
3.770000000000000000e+02,1.459048986434936523e+00,2.796157930231642297e+01,5.300000000000000000e+01
3.780000000000000000e+02,1.469365835189819336e+00,2.796157930231642297e+01,1.000000000000000000e+02
3.790000000000000000e+02,1.470911026000976562e+00,2.796157930231642297e+01,5.300000000000000000e+01
3.800000000000000000e+02,1.472718000411987305e+00,2.796157930231642297e+01,1.000000000000000000e+02
3.810000000000000000e+02,1.474264860153198242e+00,2.796157930231642297e+01,5.300000000000000000e+01
3.820000000000000000e+02,1.476081848144531250e+00,2.796157930231642297e+01,1.000000000000000000e+02
3.830000000000000000e+02,1.477684020996093750e+00,2.796157930231642297e+01,5.300000000000000000e+01
3.840000000000000000e+02,1.479674816131591797e+00,2.796157930231642297e+01,1.000000000000000000e+02
3.850000000000000000e+02,1.481235980987548828e+00,2.796157930231642297e+01,5.300000000000000000e+01
3.860000000000000000e+02,1.483006000518798828e+00,2.796157930231642297e+01,1.000000000000000000e+02
3.870000000000000000e+02,1.484741926193237305e+00,2.796157930231642297e+01,5.300000000000000000e+01
3.880000000000000000e+02,1.486800909042358398e+00,2.796157930231642297e+01,1.000000000000000000e+02
3.890000000000000000e+02,1.488368988037109375e+00,2.796157930231642297e+01,5.300000000000000000e+01
3.900000000000000000e+02,1.490396976470947266e+00,2.796157930231642297e+01,1.000000000000000000e+02
3.910000000000000000e+02,1.492447853088378906e+00,2.796157930231642297e+01,5.300000000000000000e+01
3.920000000000000000e+02,1.494433879852294922e+00,2.796157930231642297e+01,1.000000000000000000e+02
3.930000000000000000e+02,1.496546030044555664e+00,2.796157930231642297e+01,5.300000000000000000e+01
3.940000000000000000e+02,1.498659849166870117e+00,2.796157930231642297e+01,1.000000000000000000e+02
3.950000000000000000e+02,1.500957965850830078e+00,2.796157930231642297e+01,5.300000000000000000e+01
3.960000000000000000e+02,1.503184795379638672e+00,2.796157930231642297e+01,1.000000000000000000e+02
3.970000000000000000e+02,1.504989862442016602e+00,2.796157930231642297e+01,5.300000000000000000e+01
3.980000000000000000e+02,1.507148027420043945e+00,2.796157930231642297e+01,1.000000000000000000e+02
3.990000000000000000e+02,1.509093999862670898e+00,2.796157930231642297e+01,5.300000000000000000e+01
4.000000000000000000e+02,1.540050983428955078e+00,2.796157930231642297e+01,1.010000000000000000e+02
4.010000000000000000e+02,1.540835857391357422e+00,2.796157930231642297e+01,5.300000000000000000e+01
4.020000000000000000e+02,1.570122003555297852e+00,2.796157930231642297e+01,1.020000000000000000e+02
4.030000000000000000e+02,1.586498022079467773e+00,2.796157930231642297e+01,5.400000000000000000e+01
4.040000000000000000e+02,1.605718851089477539e+00,2.796157930231642297e+01,1.030000000000000000e+02
4.050000000000000000e+02,1.606930017471313477e+00,2.796157930231642297e+01,5.400000000000000000e+01
4.060000000000000000e+02,1.623744010925292969e+00,2.796157930231642297e+01,1.040000000000000000e+02
4.070000000000000000e+02,1.634771823883056641e+00,2.796157930231642297e+01,5.500000000000000000e+01
4.080000000000000000e+02,1.653584957122802734e+00,2.796157930231642297e+01,1.050000000000000000e+02
4.090000000000000000e+02,1.654462814331054688e+00,2.796157930231642297e+01,5.500000000000000000e+01
4.100000000000000000e+02,1.671015977859497070e+00,2.796157930231642297e+01,1.060000000000000000e+02
4.110000000000000000e+02,1.672020912170410156e+00,2.796157930231642297e+01,5.500000000000000000e+01
4.120000000000000000e+02,1.687014818191528320e+00,2.796157930231642297e+01,1.070000000000000000e+02
4.130000000000000000e+02,1.691075801849365234e+00,2.796157930231642297e+01,5.600000000000000000e+01
4.140000000000000000e+02,1.696105957031250000e+00,2.796157930231642297e+01,1.080000000000000000e+02
4.150000000000000000e+02,1.697741031646728516e+00,2.796157930231642297e+01,5.600000000000000000e+01
4.160000000000000000e+02,1.705909013748168945e+00,2.796157930231642297e+01,1.090000000000000000e+02
4.170000000000000000e+02,1.706902980804443359e+00,2.796157930231642297e+01,5.600000000000000000e+01
4.180000000000000000e+02,1.710371017456054688e+00,2.796157930231642297e+01,1.100000000000000000e+02
4.190000000000000000e+02,1.712108850479125977e+00,2.796157930231642297e+01,5.600000000000000000e+01
4.200000000000000000e+02,1.713981866836547852e+00,2.796157930231642297e+01,1.100000000000000000e+02
4.210000000000000000e+02,1.715698003768920898e+00,2.796157930231642297e+01,5.600000000000000000e+01
4.220000000000000000e+02,1.717777013778686523e+00,2.796157930231642297e+01,1.100000000000000000e+02
4.230000000000000000e+02,1.719326972961425781e+00,2.796157930231642297e+01,5.600000000000000000e+01
4.240000000000000000e+02,1.721659898757934570e+00,2.796157930231642297e+01,1.100000000000000000e+02
4.250000000000000000e+02,1.723263025283813477e+00,2.796157930231642297e+01,5.600000000000000000e+01
4.260000000000000000e+02,1.725349903106689453e+00,2.796157930231642297e+01,1.100000000000000000e+02
4.270000000000000000e+02,1.726867914199829102e+00,2.796157930231642297e+01,5.600000000000000000e+01
4.280000000000000000e+02,1.728964805603027344e+00,2.796157930231642297e+01,1.100000000000000000e+02
4.290000000000000000e+02,1.730460882186889648e+00,2.796157930231642297e+01,5.600000000000000000e+01
4.300000000000000000e+02,1.732604980468750000e+00,2.796157930231642297e+01,1.100000000000000000e+02
4.310000000000000000e+02,1.734203815460205078e+00,2.796157930231642297e+01,5.600000000000000000e+01
4.320000000000000000e+02,1.737000942230224609e+00,2.796157930231642297e+01,1.100000000000000000e+02
4.330000000000000000e+02,1.738837957382202148e+00,2.796157930231642297e+01,5.600000000000000000e+01
4.340000000000000000e+02,1.741143941879272461e+00,2.796157930231642297e+01,1.100000000000000000e+02
4.350000000000000000e+02,1.743353843688964844e+00,2.796157930231642297e+01,5.600000000000000000e+01
4.360000000000000000e+02,1.745668888092041016e+00,2.796157930231642297e+01,1.100000000000000000e+02
4.370000000000000000e+02,1.747735023498535156e+00,2.796157930231642297e+01,5.600000000000000000e+01
4.380000000000000000e+02,1.750105857849121094e+00,2.796157930231642297e+01,1.100000000000000000e+02
4.390000000000000000e+02,1.752177953720092773e+00,2.796157930231642297e+01,5.600000000000000000e+01
4.400000000000000000e+02,1.753901004791259766e+00,2.796157930231642297e+01,1.100000000000000000e+02
4.410000000000000000e+02,1.754609823226928711e+00,2.796157930231642297e+01,5.600000000000000000e+01
4.420000000000000000e+02,1.784639835357666016e+00,2.796157930231642297e+01,1.110000000000000000e+02
4.430000000000000000e+02,1.800885915756225586e+00,2.796157930231642297e+01,5.700000000000000000e+01
4.440000000000000000e+02,1.826221942901611328e+00,2.796157930231642297e+01,1.120000000000000000e+02
4.450000000000000000e+02,1.827014923095703125e+00,2.796157930231642297e+01,5.700000000000000000e+01
4.460000000000000000e+02,1.842422962188720703e+00,2.796157930231642297e+01,1.130000000000000000e+02
4.470000000000000000e+02,1.853845834732055664e+00,2.796157930231642297e+01,5.800000000000000000e+01
4.480000000000000000e+02,1.880697011947631836e+00,2.796157930231642297e+01,1.140000000000000000e+02
4.490000000000000000e+02,1.884581804275512695e+00,2.796157930231642297e+01,5.900000000000000000e+01
4.500000000000000000e+02,1.904561996459960938e+00,2.793401218975267142e+01,1.150000000000000000e+02
4.510000000000000000e+02,1.905429840087890625e+00,2.793401218975267142e+01,5.900000000000000000e+01
4.520000000000000000e+02,1.926141977310180664e+00,2.793401218975267142e+01,1.160000000000000000e+02
4.530000000000000000e+02,1.927052021026611328e+00,2.793401218975267142e+01,5.900000000000000000e+01
4.540000000000000000e+02,1.941794872283935547e+00,2.793401218975267142e+01,1.170000000000000000e+02
4.550000000000000000e+02,1.945267915725708008e+00,2.793401218975267142e+01,6.000000000000000000e+01
4.560000000000000000e+02,1.952692985534667969e+00,2.793401218975267142e+01,1.180000000000000000e+02
4.570000000000000000e+02,1.955824851989746094e+00,2.793401218975267142e+01,6.100000000000000000e+01
4.580000000000000000e+02,1.960752010345458984e+00,2.793401218975267142e+01,1.190000000000000000e+02
4.590000000000000000e+02,1.962292909622192383e+00,2.793401218975267142e+01,6.100000000000000000e+01
4.600000000000000000e+02,1.967316865921020508e+00,2.793401218975267142e+01,1.200000000000000000e+02
4.610000000000000000e+02,1.968827009201049805e+00,2.793401218975267142e+01,6.100000000000000000e+01
4.620000000000000000e+02,1.971151828765869141e+00,2.793401218975267142e+01,1.200000000000000000e+02
4.630000000000000000e+02,1.972786903381347656e+00,2.793401218975267142e+01,6.100000000000000000e+01
4.640000000000000000e+02,1.975026845932006836e+00,2.793401218975267142e+01,1.200000000000000000e+02
4.650000000000000000e+02,1.976665019989013672e+00,2.793401218975267142e+01,6.100000000000000000e+01
4.660000000000000000e+02,1.978688001632690430e+00,2.793401218975267142e+01,1.200000000000000000e+02
4.670000000000000000e+02,1.980377912521362305e+00,2.793401218975267142e+01,6.100000000000000000e+01
4.680000000000000000e+02,1.982354879379272461e+00,2.793401218975267142e+01,1.200000000000000000e+02
4.690000000000000000e+02,1.984305858612060547e+00,2.793401218975267142e+01,6.100000000000000000e+01
4.700000000000000000e+02,1.986613988876342773e+00,2.793401218975267142e+01,1.200000000000000000e+02
4.710000000000000000e+02,1.989368915557861328e+00,2.793401218975267142e+01,6.100000000000000000e+01
4.720000000000000000e+02,1.992093801498413086e+00,2.793401218975267142e+01,1.200000000000000000e+02
4.730000000000000000e+02,1.993932008743286133e+00,2.793401218975267142e+01,6.100000000000000000e+01
4.740000000000000000e+02,1.996454954147338867e+00,2.793401218975267142e+01,1.200000000000000000e+02
4.750000000000000000e+02,1.998265027999877930e+00,2.793401218975267142e+01,6.100000000000000000e+01
4.760000000000000000e+02,2.001200914382934570e+00,2.793401218975267142e+01,1.200000000000000000e+02
4.770000000000000000e+02,2.003715991973876953e+00,2.793401218975267142e+01,6.100000000000000000e+01
4.780000000000000000e+02,2.006431818008422852e+00,2.793401218975267142e+01,1.200000000000000000e+02
4.790000000000000000e+02,2.008819818496704102e+00,2.793401218975267142e+01,6.100000000000000000e+01
4.800000000000000000e+02,2.042397975921630859e+00,2.793401218975267142e+01,1.210000000000000000e+02
4.810000000000000000e+02,2.043142795562744141e+00,2.793401218975267142e+01,6.100000000000000000e+01
4.820000000000000000e+02,2.067008018493652344e+00,2.793401218975267142e+01,1.220000000000000000e+02
4.830000000000000000e+02,2.086396932601928711e+00,2.793401218975267142e+01,6.200000000000000000e+01
4.840000000000000000e+02,2.118054866790771484e+00,2.793401218975267142e+01,1.230000000000000000e+02
4.850000000000000000e+02,2.134020805358886719e+00,2.793401218975267142e+01,6.300000000000000000e+01
4.860000000000000000e+02,2.156292915344238281e+00,2.793401218975267142e+01,1.240000000000000000e+02
4.870000000000000000e+02,2.166661024093627930e+00,2.793401218975267142e+01,6.400000000000000000e+01
4.880000000000000000e+02,2.179298877716064453e+00,2.793401218975267142e+01,1.250000000000000000e+02
4.890000000000000000e+02,2.180210828781127930e+00,2.793401218975267142e+01,6.400000000000000000e+01
4.900000000000000000e+02,2.199882984161376953e+00,2.793401218975267142e+01,1.260000000000000000e+02
4.910000000000000000e+02,2.207774877548217773e+00,2.793401218975267142e+01,6.500000000000000000e+01
4.920000000000000000e+02,2.228814840316772461e+00,2.793401218975267142e+01,1.270000000000000000e+02
4.930000000000000000e+02,2.229780912399291992e+00,2.793401218975267142e+01,6.500000000000000000e+01
4.940000000000000000e+02,2.239722967147827148e+00,2.793401218975267142e+01,1.280000000000000000e+02
4.950000000000000000e+02,2.243713855743408203e+00,2.793401218975267142e+01,6.600000000000000000e+01
4.960000000000000000e+02,2.249363899230957031e+00,2.793401218975267142e+01,1.290000000000000000e+02
4.970000000000000000e+02,2.250365972518920898e+00,2.793401218975267142e+01,6.600000000000000000e+01
4.980000000000000000e+02,2.263289928436279297e+00,2.793401218975267142e+01,1.300000000000000000e+02
4.990000000000000000e+02,2.264945983886718750e+00,2.793401218975267142e+01,6.600000000000000000e+01
