0.000000000000000000e+00,2.436161041259765625e-03,0.000000000000000000e+00,2.000000000000000000e+00
1.000000000000000000e+00,4.950046539306640625e-03,0.000000000000000000e+00,2.000000000000000000e+00
2.000000000000000000e+00,7.639169692993164062e-03,0.000000000000000000e+00,3.000000000000000000e+00
3.000000000000000000e+00,1.093006134033203125e-02,0.000000000000000000e+00,3.000000000000000000e+00
4.000000000000000000e+00,1.162314414978027344e-02,0.000000000000000000e+00,3.000000000000000000e+00
5.000000000000000000e+00,1.435899734497070312e-02,0.000000000000000000e+00,4.000000000000000000e+00
6.000000000000000000e+00,1.662302017211914062e-02,0.000000000000000000e+00,4.000000000000000000e+00
7.000000000000000000e+00,1.892900466918945312e-02,0.000000000000000000e+00,5.000000000000000000e+00
8.000000000000000000e+00,2.135610580444335938e-02,0.000000000000000000e+00,5.000000000000000000e+00
9.000000000000000000e+00,2.379703521728515625e-02,0.000000000000000000e+00,6.000000000000000000e+00
1.000000000000000000e+01,2.604007720947265625e-02,0.000000000000000000e+00,6.000000000000000000e+00
1.100000000000000000e+01,2.860999107360839844e-02,0.000000000000000000e+00,7.000000000000000000e+00
1.200000000000000000e+01,3.109002113342285156e-02,0.000000000000000000e+00,7.000000000000000000e+00
1.300000000000000000e+01,3.332710266113281250e-02,3.439971937817988135e+01,8.000000000000000000e+00
1.400000000000000000e+01,3.551912307739257812e-02,3.395531604817347215e+01,8.000000000000000000e+00
1.500000000000000000e+01,3.638505935668945312e-02,3.395531604817347215e+01,8.000000000000000000e+00
1.600000000000000000e+01,3.810405731201171875e-02,3.395531604817347215e+01,9.000000000000000000e+00
1.700000000000000000e+01,3.935408592224121094e-02,3.395531604817347215e+01,8.000000000000000000e+00
1.800000000000000000e+01,4.071116447448730469e-02,3.395531604817347215e+01,9.000000000000000000e+00
1.900000000000000000e+01,4.239606857299804688e-02,3.395531604817347215e+01,9.000000000000000000e+00
2.000000000000000000e+01,4.414820671081542969e-02,3.395531604817347215e+01,1.000000000000000000e+01
2.100000000000000000e+01,4.510903358459472656e-02,3.395531604817347215e+01,9.000000000000000000e+00
2.200000000000000000e+01,4.600501060485839844e-02,3.395531604817347215e+01,1.000000000000000000e+01
2.300000000000000000e+01,4.686117172241210938e-02,3.395531604817347215e+01,9.000000000000000000e+00
2.400000000000000000e+01,4.779314994812011719e-02,3.395531604817347215e+01,1.000000000000000000e+01
2.500000000000000000e+01,4.876399040222167969e-02,3.395531604817347215e+01,9.000000000000000000e+00
2.600000000000000000e+01,4.968905448913574219e-02,3.395531604817347215e+01,1.000000000000000000e+01
2.700000000000000000e+01,5.166006088256835938e-02,2.987975256079305453e+01,1.000000000000000000e+01
2.800000000000000000e+01,5.258417129516601562e-02,2.987975256079305453e+01,3.000000000000000000e+00
2.900000000000000000e+01,5.346107482910156250e-02,2.987975256079305453e+01,2.000000000000000000e+00
3.000000000000000000e+01,5.436706542968750000e-02,2.987975256079305453e+01,3.000000000000000000e+00
3.100000000000000000e+01,5.541706085205078125e-02,2.987975256079305453e+01,2.000000000000000000e+00
3.200000000000000000e+01,5.643606185913085938e-02,2.987975256079305453e+01,3.000000000000000000e+00
3.300000000000000000e+01,5.736613273620605469e-02,2.987975256079305453e+01,2.000000000000000000e+00
3.400000000000000000e+01,5.835103988647460938e-02,2.987975256079305453e+01,3.000000000000000000e+00
3.500000000000000000e+01,5.946612358093261719e-02,2.987975256079305453e+01,2.000000000000000000e+00
3.600000000000000000e+01,6.046700477600097656e-02,2.987975256079305453e+01,3.000000000000000000e+00
3.700000000000000000e+01,6.156110763549804688e-02,2.987975256079305453e+01,2.000000000000000000e+00
3.800000000000000000e+01,6.260704994201660156e-02,2.987975256079305453e+01,3.000000000000000000e+00
3.900000000000000000e+01,6.366300582885742188e-02,2.987975256079305453e+01,2.000000000000000000e+00
4.000000000000000000e+01,6.476020812988281250e-02,2.987975256079305453e+01,3.000000000000000000e+00
4.100000000000000000e+01,6.596016883850097656e-02,2.987975256079305453e+01,2.000000000000000000e+00
4.200000000000000000e+01,6.724309921264648438e-02,2.987975256079305453e+01,3.000000000000000000e+00
4.300000000000000000e+01,6.837916374206542969e-02,2.987975256079305453e+01,2.000000000000000000e+00
4.400000000000000000e+01,6.927108764648437500e-02,2.987975256079305453e+01,3.000000000000000000e+00
4.500000000000000000e+01,6.978797912597656250e-02,2.987975256079305453e+01,2.000000000000000000e+00
4.600000000000000000e+01,7.022619247436523438e-02,2.987975256079305453e+01,3.000000000000000000e+00
4.700000000000000000e+01,7.063698768615722656e-02,2.987975256079305453e+01,2.000000000000000000e+00
4.800000000000000000e+01,7.109212875366210938e-02,2.987975256079305453e+01,3.000000000000000000e+00
4.900000000000000000e+01,7.154512405395507812e-02,2.987975256079305453e+01,2.000000000000000000e+00
5.000000000000000000e+01,7.208204269409179688e-02,2.987975256079305453e+01,3.000000000000000000e+00
5.100000000000000000e+01,7.258605957031250000e-02,2.987975256079305453e+01,2.000000000000000000e+00
5.200000000000000000e+01,7.320308685302734375e-02,2.987975256079305453e+01,3.000000000000000000e+00
5.300000000000000000e+01,7.375717163085937500e-02,2.987975256079305453e+01,2.000000000000000000e+00
5.400000000000000000e+01,7.434821128845214844e-02,2.987975256079305453e+01,3.000000000000000000e+00
5.500000000000000000e+01,7.498097419738769531e-02,2.987975256079305453e+01,2.000000000000000000e+00
5.600000000000000000e+01,7.574200630187988281e-02,2.987975256079305453e+01,3.000000000000000000e+00
5.700000000000000000e+01,7.638812065124511719e-02,2.987975256079305453e+01,2.000000000000000000e+00
5.800000000000000000e+01,7.732319831848144531e-02,2.987975256079305453e+01,3.000000000000000000e+00
5.900000000000000000e+01,7.818102836608886719e-02,2.987975256079305453e+01,2.000000000000000000e+00
6.000000000000000000e+01,7.889819145202636719e-02,2.987975256079305453e+01,3.000000000000000000e+00
6.100000000000000000e+01,7.971215248107910156e-02,2.987975256079305453e+01,2.000000000000000000e+00
6.200000000000000000e+01,8.079600334167480469e-02,2.987975256079305453e+01,3.000000000000000000e+00
6.300000000000000000e+01,8.310818672180175781e-02,2.987683389115802512e+01,3.000000000000000000e+00
6.400000000000000000e+01,8.415699005126953125e-02,2.987683389115802512e+01,3.000000000000000000e+00
6.500000000000000000e+01,8.488917350769042969e-02,2.987683389115802512e+01,2.000000000000000000e+00
6.600000000000000000e+01,8.571600914001464844e-02,2.987683389115802512e+01,3.000000000000000000e+00
6.700000000000000000e+01,8.658909797668457031e-02,2.987683389115802512e+01,2.000000000000000000e+00
6.800000000000000000e+01,8.742618560791015625e-02,2.987683389115802512e+01,3.000000000000000000e+00
6.900000000000000000e+01,8.836817741394042969e-02,2.987683389115802512e+01,2.000000000000000000e+00
7.000000000000000000e+01,8.999800682067871094e-02,2.987273382374294073e+01,4.000000000000000000e+00
7.100000000000000000e+01,9.087014198303222656e-02,2.987273382374294073e+01,2.000000000000000000e+00
7.200000000000000000e+01,9.187507629394531250e-02,2.987273382374294073e+01,3.000000000000000000e+00
7.300000000000000000e+01,9.274601936340332031e-02,2.987273382374294073e+01,2.000000000000000000e+00
7.400000000000000000e+01,9.362697601318359375e-02,2.987273382374294073e+01,3.000000000000000000e+00
7.500000000000000000e+01,9.451198577880859375e-02,2.987273382374294073e+01,2.000000000000000000e+00
7.600000000000000000e+01,9.544014930725097656e-02,2.987273382374294073e+01,3.000000000000000000e+00
7.700000000000000000e+01,9.626197814941406250e-02,2.987273382374294073e+01,2.000000000000000000e+00
7.800000000000000000e+01,9.725213050842285156e-02,2.987273382374294073e+01,3.000000000000000000e+00
7.900000000000000000e+01,9.834003448486328125e-02,2.987273382374294073e+01,2.000000000000000000e+00
8.000000000000000000e+01,9.934306144714355469e-02,2.987273382374294073e+01,3.000000000000000000e+00
8.100000000000000000e+01,1.004440784454345703e-01,2.987273382374294073e+01,2.000000000000000000e+00
8.200000000000000000e+01,1.014111042022705078e-01,2.987273382374294073e+01,3.000000000000000000e+00
8.300000000000000000e+01,1.027309894561767578e-01,2.987273382374294073e+01,2.000000000000000000e+00
8.400000000000000000e+01,1.038410663604736328e-01,2.987273382374294073e+01,3.000000000000000000e+00
8.500000000000000000e+01,1.053071022033691406e-01,2.987273382374294073e+01,2.000000000000000000e+00
8.600000000000000000e+01,1.064410209655761719e-01,2.987273382374294073e+01,3.000000000000000000e+00
8.700000000000000000e+01,1.075551509857177734e-01,2.987273382374294073e+01,2.000000000000000000e+00
8.800000000000000000e+01,1.081171035766601562e-01,2.987273382374294073e+01,3.000000000000000000e+00
8.900000000000000000e+01,1.085360050201416016e-01,2.987273382374294073e+01,2.000000000000000000e+00
9.000000000000000000e+01,1.091520786285400391e-01,2.987273382374294073e+01,3.000000000000000000e+00
9.100000000000000000e+01,1.096081733703613281e-01,2.987273382374294073e+01,2.000000000000000000e+00
9.200000000000000000e+01,1.100761890411376953e-01,2.987273382374294073e+01,3.000000000000000000e+00
9.300000000000000000e+01,1.105370521545410156e-01,2.987273382374294073e+01,2.000000000000000000e+00
9.400000000000000000e+01,1.110570430755615234e-01,2.987273382374294073e+01,3.000000000000000000e+00
9.500000000000000000e+01,1.116371154785156250e-01,2.987273382374294073e+01,2.000000000000000000e+00
9.600000000000000000e+01,1.121900081634521484e-01,2.987273382374294073e+01,3.000000000000000000e+00
9.700000000000000000e+01,1.128220558166503906e-01,2.987273382374294073e+01,2.000000000000000000e+00
9.800000000000000000e+01,1.133890151977539062e-01,2.987273382374294073e+01,3.000000000000000000e+00
9.900000000000000000e+01,1.140160560607910156e-01,2.987273382374294073e+01,2.000000000000000000e+00
1.000000000000000000e+02,1.147232055664062500e-01,2.987273382374294073e+01,3.000000000000000000e+00
1.010000000000000000e+02,1.155171394348144531e-01,2.987273382374294073e+01,2.000000000000000000e+00
1.020000000000000000e+02,1.162800788879394531e-01,2.987273382374294073e+01,3.000000000000000000e+00
1.030000000000000000e+02,1.169919967651367188e-01,2.987273382374294073e+01,2.000000000000000000e+00
1.040000000000000000e+02,1.177310943603515625e-01,2.987273382374294073e+01,3.000000000000000000e+00
1.050000000000000000e+02,1.196281909942626953e-01,2.987273382374294073e+01,3.000000000000000000e+00
1.060000000000000000e+02,1.205201148986816406e-01,2.987273382374294073e+01,3.000000000000000000e+00
1.070000000000000000e+02,1.224160194396972656e-01,2.987273382374294073e+01,4.000000000000000000e+00
1.080000000000000000e+02,1.232130527496337891e-01,2.987273382374294073e+01,3.000000000000000000e+00
1.090000000000000000e+02,1.241011619567871094e-01,2.987273382374294073e+01,4.000000000000000000e+00
1.100000000000000000e+02,1.249141693115234375e-01,2.987273382374294073e+01,3.000000000000000000e+00
1.110000000000000000e+02,1.266951560974121094e-01,2.987273382374294073e+01,5.000000000000000000e+00
1.120000000000000000e+02,1.275231838226318359e-01,2.987273382374294073e+01,3.000000000000000000e+00
1.130000000000000000e+02,1.283161640167236328e-01,2.987273382374294073e+01,5.000000000000000000e+00
1.140000000000000000e+02,1.293351650238037109e-01,2.987273382374294073e+01,3.000000000000000000e+00
1.150000000000000000e+02,1.305880546569824219e-01,2.987273382374294073e+01,5.000000000000000000e+00
1.160000000000000000e+02,1.314511299133300781e-01,2.987273382374294073e+01,3.000000000000000000e+00
1.170000000000000000e+02,1.324601173400878906e-01,2.987273382374294073e+01,5.000000000000000000e+00
1.180000000000000000e+02,1.335260868072509766e-01,2.987273382374294073e+01,3.000000000000000000e+00
1.190000000000000000e+02,1.348190307617187500e-01,2.987273382374294073e+01,5.000000000000000000e+00
1.200000000000000000e+02,1.356301307678222656e-01,2.987273382374294073e+01,3.000000000000000000e+00
1.210000000000000000e+02,1.366829872131347656e-01,2.987273382374294073e+01,5.000000000000000000e+00
1.220000000000000000e+02,1.376760005950927734e-01,2.987273382374294073e+01,3.000000000000000000e+00
1.230000000000000000e+02,1.386251449584960938e-01,2.987273382374294073e+01,5.000000000000000000e+00
1.240000000000000000e+02,1.396441459655761719e-01,2.987273382374294073e+01,3.000000000000000000e+00
1.250000000000000000e+02,1.407570838928222656e-01,2.987273382374294073e+01,5.000000000000000000e+00
1.260000000000000000e+02,1.418321132659912109e-01,2.987273382374294073e+01,3.000000000000000000e+00
1.270000000000000000e+02,1.430661678314208984e-01,2.987273382374294073e+01,5.000000000000000000e+00
1.280000000000000000e+02,1.441261768341064453e-01,2.987273382374294073e+01,3.000000000000000000e+00
1.290000000000000000e+02,1.453011035919189453e-01,2.987273382374294073e+01,5.000000000000000000e+00
1.300000000000000000e+02,1.464331150054931641e-01,2.987273382374294073e+01,3.000000000000000000e+00
1.310000000000000000e+02,1.477310657501220703e-01,2.987273382374294073e+01,5.000000000000000000e+00
1.320000000000000000e+02,1.483261585235595703e-01,2.987273382374294073e+01,3.000000000000000000e+00
1.330000000000000000e+02,1.488990783691406250e-01,2.987273382374294073e+01,5.000000000000000000e+00
1.340000000000000000e+02,1.494669914245605469e-01,2.987273382374294073e+01,3.000000000000000000e+00
1.350000000000000000e+02,1.500360965728759766e-01,2.987273382374294073e+01,5.000000000000000000e+00
1.360000000000000000e+02,1.506700515747070312e-01,2.987273382374294073e+01,3.000000000000000000e+00
1.370000000000000000e+02,1.511931419372558594e-01,2.987273382374294073e+01,5.000000000000000000e+00
1.380000000000000000e+02,1.517281532287597656e-01,2.987273382374294073e+01,3.000000000000000000e+00
1.390000000000000000e+02,1.522860527038574219e-01,2.987273382374294073e+01,5.000000000000000000e+00
1.400000000000000000e+02,1.527750492095947266e-01,2.987273382374294073e+01,3.000000000000000000e+00
1.410000000000000000e+02,1.532971858978271484e-01,2.987273382374294073e+01,5.000000000000000000e+00
1.420000000000000000e+02,1.558451652526855469e-01,2.987273382374294073e+01,4.000000000000000000e+00
1.430000000000000000e+02,1.566061973571777344e-01,2.987273382374294073e+01,5.000000000000000000e+00
1.440000000000000000e+02,1.572391986846923828e-01,2.987273382374294073e+01,4.000000000000000000e+00
1.450000000000000000e+02,1.579620838165283203e-01,2.987273382374294073e+01,5.000000000000000000e+00
1.460000000000000000e+02,1.587669849395751953e-01,2.987273382374294073e+01,4.000000000000000000e+00
1.470000000000000000e+02,1.594741344451904297e-01,2.987273382374294073e+01,5.000000000000000000e+00
1.480000000000000000e+02,1.603951454162597656e-01,2.987273382374294073e+01,4.000000000000000000e+00
1.490000000000000000e+02,1.613500118255615234e-01,2.987273382374294073e+01,5.000000000000000000e+00
1.500000000000000000e+02,1.624431610107421875e-01,2.987273382374294073e+01,4.000000000000000000e+00
1.510000000000000000e+02,1.648530960083007812e-01,2.987273382374294073e+01,6.000000000000000000e+00
1.520000000000000000e+02,1.657321453094482422e-01,2.987273382374294073e+01,4.000000000000000000e+00
1.530000000000000000e+02,1.665291786193847656e-01,2.987273382374294073e+01,6.000000000000000000e+00
1.540000000000000000e+02,1.678161621093750000e-01,2.987273382374294073e+01,4.000000000000000000e+00
1.550000000000000000e+02,1.698050498962402344e-01,2.987273382374294073e+01,7.000000000000000000e+00
1.560000000000000000e+02,1.706621646881103516e-01,2.987273382374294073e+01,4.000000000000000000e+00
1.570000000000000000e+02,1.715531349182128906e-01,2.987273382374294073e+01,7.000000000000000000e+00
1.580000000000000000e+02,1.723990440368652344e-01,2.987273382374294073e+01,4.000000000000000000e+00
1.590000000000000000e+02,1.735889911651611328e-01,2.987273382374294073e+01,7.000000000000000000e+00
1.600000000000000000e+02,1.744730472564697266e-01,2.987273382374294073e+01,4.000000000000000000e+00
1.610000000000000000e+02,1.752820014953613281e-01,2.987273382374294073e+01,7.000000000000000000e+00
1.620000000000000000e+02,1.761651039123535156e-01,2.987273382374294073e+01,4.000000000000000000e+00
1.630000000000000000e+02,1.770951747894287109e-01,2.987273382374294073e+01,7.000000000000000000e+00
1.640000000000000000e+02,1.782400608062744141e-01,2.987273382374294073e+01,4.000000000000000000e+00
1.650000000000000000e+02,1.791820526123046875e-01,2.987273382374294073e+01,7.000000000000000000e+00
1.660000000000000000e+02,1.802129745483398438e-01,2.987273382374294073e+01,4.000000000000000000e+00
1.670000000000000000e+02,1.815321445465087891e-01,2.987273382374294073e+01,7.000000000000000000e+00
1.680000000000000000e+02,1.825699806213378906e-01,2.987273382374294073e+01,4.000000000000000000e+00
1.690000000000000000e+02,1.836631298065185547e-01,2.987273382374294073e+01,7.000000000000000000e+00
1.700000000000000000e+02,1.847181320190429688e-01,2.987273382374294073e+01,4.000000000000000000e+00
1.710000000000000000e+02,1.857709884643554688e-01,2.987273382374294073e+01,7.000000000000000000e+00
1.720000000000000000e+02,1.870360374450683594e-01,2.987273382374294073e+01,4.000000000000000000e+00
1.730000000000000000e+02,1.889741420745849609e-01,2.987273382374294073e+01,7.000000000000000000e+00
1.740000000000000000e+02,1.901741027832031250e-01,2.987273382374294073e+01,4.000000000000000000e+00
1.750000000000000000e+02,1.913549900054931641e-01,2.987273382374294073e+01,7.000000000000000000e+00
1.760000000000000000e+02,1.922249794006347656e-01,2.987273382374294073e+01,4.000000000000000000e+00
1.770000000000000000e+02,1.926779747009277344e-01,2.987273382374294073e+01,7.000000000000000000e+00
1.780000000000000000e+02,1.931180953979492188e-01,2.987273382374294073e+01,4.000000000000000000e+00
1.790000000000000000e+02,1.936810016632080078e-01,2.987273382374294073e+01,7.000000000000000000e+00
1.800000000000000000e+02,1.945049762725830078e-01,2.987273382374294073e+01,4.000000000000000000e+00
1.810000000000000000e+02,1.949942111968994141e-01,2.987273382374294073e+01,7.000000000000000000e+00
1.820000000000000000e+02,1.954700946807861328e-01,2.987273382374294073e+01,4.000000000000000000e+00
1.830000000000000000e+02,1.960191726684570312e-01,2.987273382374294073e+01,7.000000000000000000e+00
1.840000000000000000e+02,1.968259811401367188e-01,2.987273382374294073e+01,4.000000000000000000e+00
1.850000000000000000e+02,1.977159976959228516e-01,2.987273382374294073e+01,7.000000000000000000e+00
1.860000000000000000e+02,1.983280181884765625e-01,2.987273382374294073e+01,4.000000000000000000e+00
1.870000000000000000e+02,1.993980407714843750e-01,2.987273382374294073e+01,7.000000000000000000e+00
1.880000000000000000e+02,2.000930309295654297e-01,2.987273382374294073e+01,4.000000000000000000e+00
1.890000000000000000e+02,2.008080482482910156e-01,2.987273382374294073e+01,7.000000000000000000e+00
1.900000000000000000e+02,2.031900882720947266e-01,2.987041971383531802e+01,5.000000000000000000e+00
1.910000000000000000e+02,2.039251327514648438e-01,2.987041971383531802e+01,7.000000000000000000e+00
1.920000000000000000e+02,2.049071788787841797e-01,2.987041971383531802e+01,4.000000000000000000e+00
1.930000000000000000e+02,2.057690620422363281e-01,2.987041971383531802e+01,7.000000000000000000e+00
1.940000000000000000e+02,2.065441608428955078e-01,2.987041971383531802e+01,4.000000000000000000e+00
1.950000000000000000e+02,2.074341773986816406e-01,2.987041971383531802e+01,7.000000000000000000e+00
1.960000000000000000e+02,2.082581520080566406e-01,2.987041971383531802e+01,4.000000000000000000e+00
1.970000000000000000e+02,2.090890407562255859e-01,2.987041971383531802e+01,7.000000000000000000e+00
1.980000000000000000e+02,2.099871635437011719e-01,2.987041971383531802e+01,4.000000000000000000e+00
1.990000000000000000e+02,2.108061313629150391e-01,2.987041971383531802e+01,7.000000000000000000e+00
2.000000000000000000e+02,2.117981910705566406e-01,2.987041971383531802e+01,4.000000000000000000e+00
2.010000000000000000e+02,2.130072116851806641e-01,2.987041971383531802e+01,7.000000000000000000e+00
2.020000000000000000e+02,2.141451835632324219e-01,2.987041971383531802e+01,4.000000000000000000e+00
2.030000000000000000e+02,2.153971195220947266e-01,2.987041971383531802e+01,7.000000000000000000e+00
2.040000000000000000e+02,2.162270545959472656e-01,2.987041971383531802e+01,4.000000000000000000e+00
2.050000000000000000e+02,2.173190116882324219e-01,2.987041971383531802e+01,7.000000000000000000e+00
2.060000000000000000e+02,2.182440757751464844e-01,2.987041971383531802e+01,4.000000000000000000e+00
2.070000000000000000e+02,2.192230224609375000e-01,2.987041971383531802e+01,7.000000000000000000e+00
2.080000000000000000e+02,2.201111316680908203e-01,2.987041971383531802e+01,4.000000000000000000e+00
2.090000000000000000e+02,2.210481166839599609e-01,2.987041971383531802e+01,7.000000000000000000e+00
2.100000000000000000e+02,2.220411300659179688e-01,2.987041971383531802e+01,4.000000000000000000e+00
2.110000000000000000e+02,2.230360507965087891e-01,2.987041971383531802e+01,7.000000000000000000e+00
2.120000000000000000e+02,2.241890430450439453e-01,2.987041971383531802e+01,4.000000000000000000e+00
2.130000000000000000e+02,2.253019809722900391e-01,2.987041971383531802e+01,7.000000000000000000e+00
2.140000000000000000e+02,2.264220714569091797e-01,2.987041971383531802e+01,4.000000000000000000e+00
2.150000000000000000e+02,2.275321483612060547e-01,2.987041971383531802e+01,7.000000000000000000e+00
2.160000000000000000e+02,2.287251949310302734e-01,2.987041971383531802e+01,4.000000000000000000e+00
2.170000000000000000e+02,2.301561832427978516e-01,2.987041971383531802e+01,7.000000000000000000e+00
2.180000000000000000e+02,2.313201427459716797e-01,2.987041971383531802e+01,4.000000000000000000e+00
2.190000000000000000e+02,2.327330112457275391e-01,2.987041971383531802e+01,7.000000000000000000e+00
2.200000000000000000e+02,2.333700656890869141e-01,2.987041971383531802e+01,4.000000000000000000e+00
2.210000000000000000e+02,2.338531017303466797e-01,2.987041971383531802e+01,7.000000000000000000e+00
2.220000000000000000e+02,2.343909740447998047e-01,2.987041971383531802e+01,4.000000000000000000e+00
2.230000000000000000e+02,2.348461151123046875e-01,2.987041971383531802e+01,7.000000000000000000e+00
2.240000000000000000e+02,2.354190349578857422e-01,2.987041971383531802e+01,4.000000000000000000e+00
2.250000000000000000e+02,2.359540462493896484e-01,2.987041971383531802e+01,7.000000000000000000e+00
2.260000000000000000e+02,2.364261150360107422e-01,2.987041971383531802e+01,4.000000000000000000e+00
2.270000000000000000e+02,2.369470596313476562e-01,2.987041971383531802e+01,7.000000000000000000e+00
2.280000000000000000e+02,2.376420497894287109e-01,2.987041971383531802e+01,4.000000000000000000e+00
2.290000000000000000e+02,2.383391857147216797e-01,2.987041971383531802e+01,7.000000000000000000e+00
2.300000000000000000e+02,2.389800548553466797e-01,2.987041971383531802e+01,4.000000000000000000e+00
2.310000000000000000e+02,2.395830154418945312e-01,2.987041971383531802e+01,7.000000000000000000e+00
2.320000000000000000e+02,2.402961254119873047e-01,2.987041971383531802e+01,4.000000000000000000e+00
2.330000000000000000e+02,2.410070896148681641e-01,2.987041971383531802e+01,7.000000000000000000e+00
2.340000000000000000e+02,2.418591976165771484e-01,2.987041971383531802e+01,4.000000000000000000e+00
2.350000000000000000e+02,2.448999881744384766e-01,2.987041971383531802e+01,8.000000000000000000e+00
2.360000000000000000e+02,2.456231117248535156e-01,2.987041971383531802e+01,4.000000000000000000e+00
2.370000000000000000e+02,2.483961582183837891e-01,2.987041971383531802e+01,9.000000000000000000e+00
2.380000000000000000e+02,2.501370906829833984e-01,2.986680853866413798e+01,5.000000000000000000e+00
2.390000000000000000e+02,2.509191036224365234e-01,2.986680853866413798e+01,9.000000000000000000e+00
2.400000000000000000e+02,2.517421245574951172e-01,2.986680853866413798e+01,4.000000000000000000e+00
2.410000000000000000e+02,2.526881694793701172e-01,2.986680853866413798e+01,9.000000000000000000e+00
2.420000000000000000e+02,2.535309791564941406e-01,2.986680853866413798e+01,4.000000000000000000e+00
2.430000000000000000e+02,2.555711269378662109e-01,2.986680853866413798e+01,1.000000000000000000e+01
2.440000000000000000e+02,2.563750743865966797e-01,2.986680853866413798e+01,4.000000000000000000e+00
2.450000000000000000e+02,2.584090232849121094e-01,2.986680853866413798e+01,1.100000000000000000e+01
2.460000000000000000e+02,2.592811584472656250e-01,2.986680853866413798e+01,4.000000000000000000e+00
2.470000000000000000e+02,2.602391242980957031e-01,2.986680853866413798e+01,1.100000000000000000e+01
2.480000000000000000e+02,2.611529827117919922e-01,2.986680853866413798e+01,4.000000000000000000e+00
2.490000000000000000e+02,2.621572017669677734e-01,2.986680853866413798e+01,1.100000000000000000e+01
2.500000000000000000e+02,2.631921768188476562e-01,2.986680853866413798e+01,4.000000000000000000e+00
2.510000000000000000e+02,2.641379833221435547e-01,2.986680853866413798e+01,1.100000000000000000e+01
2.520000000000000000e+02,2.650830745697021484e-01,2.986680853866413798e+01,4.000000000000000000e+00
2.530000000000000000e+02,2.660841941833496094e-01,2.986680853866413798e+01,1.100000000000000000e+01
2.540000000000000000e+02,2.670581340789794922e-01,2.986680853866413798e+01,4.000000000000000000e+00
2.550000000000000000e+02,2.680671215057373047e-01,2.986680853866413798e+01,1.100000000000000000e+01
2.560000000000000000e+02,2.691102027893066406e-01,2.986680853866413798e+01,4.000000000000000000e+00
2.570000000000000000e+02,2.704761028289794922e-01,2.986680853866413798e+01,1.100000000000000000e+01
2.580000000000000000e+02,2.715351581573486328e-01,2.986680853866413798e+01,4.000000000000000000e+00
2.590000000000000000e+02,2.728741168975830078e-01,2.986680853866413798e+01,1.100000000000000000e+01
2.600000000000000000e+02,2.740461826324462891e-01,2.986680853866413798e+01,4.000000000000000000e+00
2.610000000000000000e+02,2.754151821136474609e-01,2.986680853866413798e+01,1.100000000000000000e+01
2.620000000000000000e+02,2.765691280364990234e-01,2.986680853866413798e+01,4.000000000000000000e+00
2.630000000000000000e+02,2.778460979461669922e-01,2.986680853866413798e+01,1.100000000000000000e+01
2.640000000000000000e+02,2.788941860198974609e-01,2.986680853866413798e+01,4.000000000000000000e+00
2.650000000000000000e+02,2.793161869049072266e-01,2.986680853866413798e+01,1.100000000000000000e+01
2.660000000000000000e+02,2.800099849700927734e-01,2.986680853866413798e+01,4.000000000000000000e+00
2.670000000000000000e+02,2.804350852966308594e-01,2.986680853866413798e+01,1.100000000000000000e+01
2.680000000000000000e+02,2.810280323028564453e-01,2.986680853866413798e+01,4.000000000000000000e+00
2.690000000000000000e+02,2.817001342773437500e-01,2.986680853866413798e+01,1.100000000000000000e+01
2.700000000000000000e+02,2.821750640869140625e-01,2.986680853866413798e+01,4.000000000000000000e+00
2.710000000000000000e+02,2.827160358428955078e-01,2.986680853866413798e+01,1.100000000000000000e+01
2.720000000000000000e+02,2.852060794830322266e-01,2.986680853866413798e+01,5.000000000000000000e+00
2.730000000000000000e+02,2.858262062072753906e-01,2.986680853866413798e+01,1.100000000000000000e+01
2.740000000000000000e+02,2.864360809326171875e-01,2.986680853866413798e+01,5.000000000000000000e+00
2.750000000000000000e+02,2.873210906982421875e-01,2.986680853866413798e+01,1.100000000000000000e+01
2.760000000000000000e+02,2.880070209503173828e-01,2.986680853866413798e+01,5.000000000000000000e+00
2.770000000000000000e+02,2.919270992279052734e-01,2.986680853866413798e+01,1.200000000000000000e+01
2.780000000000000000e+02,2.926139831542968750e-01,2.986680853866413798e+01,5.000000000000000000e+00
2.790000000000000000e+02,2.934050559997558594e-01,2.986680853866413798e+01,1.200000000000000000e+01
2.800000000000000000e+02,2.942631244659423828e-01,2.986680853866413798e+01,5.000000000000000000e+00
2.810000000000000000e+02,2.952589988708496094e-01,2.986680853866413798e+01,1.200000000000000000e+01
2.820000000000000000e+02,2.960782051086425781e-01,2.986680853866413798e+01,5.000000000000000000e+00
2.830000000000000000e+02,2.990791797637939453e-01,2.986680853866413798e+01,1.300000000000000000e+01
2.840000000000000000e+02,2.998700141906738281e-01,2.986680853866413798e+01,5.000000000000000000e+00
2.850000000000000000e+02,3.009622097015380859e-01,2.986680853866413798e+01,1.300000000000000000e+01
2.860000000000000000e+02,3.020842075347900391e-01,2.986680853866413798e+01,5.000000000000000000e+00
2.870000000000000000e+02,3.029520511627197266e-01,2.986680853866413798e+01,1.300000000000000000e+01
2.880000000000000000e+02,3.040940761566162109e-01,2.986680853866413798e+01,5.000000000000000000e+00
2.890000000000000000e+02,3.052711486816406250e-01,2.986680853866413798e+01,1.300000000000000000e+01
2.900000000000000000e+02,3.062040805816650391e-01,2.986680853866413798e+01,5.000000000000000000e+00
2.910000000000000000e+02,3.074021339416503906e-01,2.986680853866413798e+01,1.300000000000000000e+01
2.920000000000000000e+02,3.083040714263916016e-01,2.986680853866413798e+01,5.000000000000000000e+00
2.930000000000000000e+02,3.093140125274658203e-01,2.986680853866413798e+01,1.300000000000000000e+01
2.940000000000000000e+02,3.102571964263916016e-01,2.986680853866413798e+01,5.000000000000000000e+00
2.950000000000000000e+02,3.126480579376220703e-01,2.984308370591661586e+01,1.400000000000000000e+01
2.960000000000000000e+02,3.135950565338134766e-01,2.984308370591661586e+01,2.000000000000000000e+00
2.970000000000000000e+02,3.145802021026611328e-01,2.984308370591661586e+01,1.300000000000000000e+01
2.980000000000000000e+02,3.155181407928466797e-01,2.984308370591661586e+01,2.000000000000000000e+00
2.990000000000000000e+02,3.167381286621093750e-01,2.984308370591661586e+01,1.300000000000000000e+01
3.000000000000000000e+02,3.177649974822998047e-01,2.984308370591661586e+01,2.000000000000000000e+00
3.010000000000000000e+02,3.189229965209960938e-01,2.984308370591661586e+01,1.300000000000000000e+01
3.020000000000000000e+02,3.199419975280761719e-01,2.984308370591661586e+01,2.000000000000000000e+00
3.030000000000000000e+02,3.211741447448730469e-01,2.984308370591661586e+01,1.300000000000000000e+01
3.040000000000000000e+02,3.221900463104248047e-01,2.984308370591661586e+01,2.000000000000000000e+00
3.050000000000000000e+02,3.234350681304931641e-01,2.984308370591661586e+01,1.300000000000000000e+01
3.060000000000000000e+02,3.245630264282226562e-01,2.984308370591661586e+01,2.000000000000000000e+00
3.070000000000000000e+02,3.260290622711181641e-01,2.984308370591661586e+01,1.300000000000000000e+01
3.080000000000000000e+02,3.267011642456054688e-01,2.984308370591661586e+01,2.000000000000000000e+00
3.090000000000000000e+02,3.272211551666259766e-01,2.984308370591661586e+01,1.300000000000000000e+01
3.100000000000000000e+02,3.291831016540527344e-01,2.984308370591661586e+01,3.000000000000000000e+00
3.110000000000000000e+02,3.297162055969238281e-01,2.984308370591661586e+01,1.300000000000000000e+01
3.120000000000000000e+02,3.303141593933105469e-01,2.984308370591661586e+01,3.000000000000000000e+00
3.130000000000000000e+02,3.308291435241699219e-01,2.984308370591661586e+01,1.300000000000000000e+01
3.140000000000000000e+02,3.312661647796630859e-01,2.984308370591661586e+01,3.000000000000000000e+00
3.150000000000000000e+02,3.318130970001220703e-01,2.984308370591661586e+01,1.300000000000000000e+01
3.160000000000000000e+02,3.325371742248535156e-01,2.984308370591661586e+01,3.000000000000000000e+00
3.170000000000000000e+02,3.333120346069335938e-01,2.984308370591661586e+01,1.300000000000000000e+01
3.180000000000000000e+02,3.340451717376708984e-01,2.984308370591661586e+01,3.000000000000000000e+00
3.190000000000000000e+02,3.347361087799072266e-01,2.984308370591661586e+01,1.300000000000000000e+01
3.200000000000000000e+02,3.353760242462158203e-01,2.984308370591661586e+01,3.000000000000000000e+00
3.210000000000000000e+02,3.363142013549804688e-01,2.984308370591661586e+01,1.300000000000000000e+01
3.220000000000000000e+02,3.371181488037109375e-01,2.984308370591661586e+01,3.000000000000000000e+00
3.230000000000000000e+02,3.379321098327636719e-01,2.984308370591661586e+01,1.300000000000000000e+01
3.240000000000000000e+02,3.388061523437500000e-01,2.984308370591661586e+01,3.000000000000000000e+00
3.250000000000000000e+02,3.395011425018310547e-01,2.984308370591661586e+01,1.300000000000000000e+01
3.260000000000000000e+02,3.404080867767333984e-01,2.984308370591661586e+01,3.000000000000000000e+00
3.270000000000000000e+02,3.437461853027343750e-01,2.984308370591661586e+01,1.400000000000000000e+01
3.280000000000000000e+02,3.445601463317871094e-01,2.984308370591661586e+01,3.000000000000000000e+00
3.290000000000000000e+02,3.454639911651611328e-01,2.984308370591661586e+01,1.400000000000000000e+01
3.300000000000000000e+02,3.463010787963867188e-01,2.984308370591661586e+01,3.000000000000000000e+00
3.310000000000000000e+02,3.470540046691894531e-01,2.984308370591661586e+01,1.400000000000000000e+01
3.320000000000000000e+02,3.480231761932373047e-01,2.984308370591661586e+01,3.000000000000000000e+00
3.330000000000000000e+02,3.489840030670166016e-01,2.984308370591661586e+01,1.400000000000000000e+01
3.340000000000000000e+02,3.498580455780029297e-01,2.984308370591661586e+01,3.000000000000000000e+00
3.350000000000000000e+02,3.508222103118896484e-01,2.984308370591661586e+01,1.400000000000000000e+01
3.360000000000000000e+02,3.516800403594970703e-01,2.984308370591661586e+01,3.000000000000000000e+00
3.370000000000000000e+02,3.526501655578613281e-01,2.984308370591661586e+01,1.400000000000000000e+01
3.380000000000000000e+02,3.534910678863525391e-01,2.984308370591661586e+01,3.000000000000000000e+00
3.390000000000000000e+02,3.545360565185546875e-01,2.984308370591661586e+01,1.400000000000000000e+01
3.400000000000000000e+02,3.554861545562744141e-01,2.984308370591661586e+01,3.000000000000000000e+00
3.410000000000000000e+02,3.565611839294433594e-01,2.984308370591661586e+01,1.400000000000000000e+01
3.420000000000000000e+02,3.575952053070068359e-01,2.984308370591661586e+01,3.000000000000000000e+00
3.430000000000000000e+02,3.590500354766845703e-01,2.984308370591661586e+01,1.400000000000000000e+01
3.440000000000000000e+02,3.600671291351318359e-01,2.984308370591661586e+01,3.000000000000000000e+00
3.450000000000000000e+02,3.612511157989501953e-01,2.984308370591661586e+01,1.400000000000000000e+01
3.460000000000000000e+02,3.624930381774902344e-01,2.984308370591661586e+01,3.000000000000000000e+00
3.470000000000000000e+02,3.639500141143798828e-01,2.984308370591661586e+01,1.400000000000000000e+01
3.480000000000000000e+02,3.650290966033935547e-01,2.984308370591661586e+01,3.000000000000000000e+00
3.490000000000000000e+02,3.663079738616943359e-01,2.984308370591661586e+01,1.400000000000000000e+01
3.500000000000000000e+02,3.674380779266357422e-01,2.984308370591661586e+01,3.000000000000000000e+00
3.510000000000000000e+02,3.687040805816650391e-01,2.984308370591661586e+01,1.400000000000000000e+01
3.520000000000000000e+02,3.694000244140625000e-01,2.984308370591661586e+01,3.000000000000000000e+00
3.530000000000000000e+02,3.698630332946777344e-01,2.984308370591661586e+01,1.400000000000000000e+01
3.540000000000000000e+02,3.702991008758544922e-01,2.984308370591661586e+01,3.000000000000000000e+00
3.550000000000000000e+02,3.708031177520751953e-01,2.984308370591661586e+01,1.400000000000000000e+01
3.560000000000000000e+02,3.712620735168457031e-01,2.984308370591661586e+01,3.000000000000000000e+00
3.570000000000000000e+02,3.718950748443603516e-01,2.984308370591661586e+01,1.400000000000000000e+01
3.580000000000000000e+02,3.724181652069091797e-01,2.984308370591661586e+01,3.000000000000000000e+00
3.590000000000000000e+02,3.732481002807617188e-01,2.984308370591661586e+01,1.400000000000000000e+01
3.600000000000000000e+02,3.738961219787597656e-01,2.984308370591661586e+01,3.000000000000000000e+00
3.610000000000000000e+02,3.745231628417968750e-01,2.984308370591661586e+01,1.400000000000000000e+01
3.620000000000000000e+02,3.751010894775390625e-01,2.984308370591661586e+01,3.000000000000000000e+00
3.630000000000000000e+02,3.759431838989257812e-01,2.984308370591661586e+01,1.400000000000000000e+01
3.640000000000000000e+02,3.766090869903564453e-01,2.984308370591661586e+01,3.000000000000000000e+00
3.650000000000000000e+02,3.812770843505859375e-01,2.984308370591661586e+01,1.500000000000000000e+01
3.660000000000000000e+02,3.819689750671386719e-01,2.984308370591661586e+01,3.000000000000000000e+00
3.670000000000000000e+02,3.831980228424072266e-01,2.984308370591661586e+01,1.500000000000000000e+01
3.680000000000000000e+02,3.839511871337890625e-01,2.984308370591661586e+01,3.000000000000000000e+00
3.690000000000000000e+02,3.881330490112304688e-01,2.984308370591661586e+01,1.600000000000000000e+01
3.700000000000000000e+02,3.891479969024658203e-01,2.984308370591661586e+01,3.000000000000000000e+00
3.710000000000000000e+02,3.902041912078857422e-01,2.984308370591661586e+01,1.600000000000000000e+01
3.720000000000000000e+02,3.911371231079101562e-01,2.984308370591661586e+01,3.000000000000000000e+00
3.730000000000000000e+02,3.920149803161621094e-01,2.984308370591661586e+01,1.600000000000000000e+01
3.740000000000000000e+02,3.928480148315429688e-01,2.984308370591661586e+01,3.000000000000000000e+00
3.750000000000000000e+02,3.958501815795898438e-01,2.984308370591661586e+01,1.700000000000000000e+01
3.760000000000000000e+02,3.966901302337646484e-01,2.984308370591661586e+01,3.000000000000000000e+00
3.770000000000000000e+02,3.977541923522949219e-01,2.984308370591661586e+01,1.700000000000000000e+01
3.780000000000000000e+02,3.986241817474365234e-01,2.984308370591661586e+01,3.000000000000000000e+00
3.790000000000000000e+02,3.996779918670654297e-01,2.984308370591661586e+01,1.700000000000000000e+01
3.800000000000000000e+02,4.005651473999023438e-01,2.984308370591661586e+01,3.000000000000000000e+00
3.810000000000000000e+02,4.016430377960205078e-01,2.984308370591661586e+01,1.700000000000000000e+01
3.820000000000000000e+02,4.025511741638183594e-01,2.984308370591661586e+01,3.000000000000000000e+00
3.830000000000000000e+02,4.036371707916259766e-01,2.984308370591661586e+01,1.700000000000000000e+01
3.840000000000000000e+02,4.048261642456054688e-01,2.984308370591661586e+01,3.000000000000000000e+00
3.850000000000000000e+02,4.059011936187744141e-01,2.984308370591661586e+01,1.700000000000000000e+01
3.860000000000000000e+02,4.068980216979980469e-01,2.984308370591661586e+01,3.000000000000000000e+00
3.870000000000000000e+02,4.079580307006835938e-01,2.984308370591661586e+01,1.700000000000000000e+01
3.880000000000000000e+02,4.089519977569580078e-01,2.984308370591661586e+01,3.000000000000000000e+00
3.890000000000000000e+02,4.101409912109375000e-01,2.984308370591661586e+01,1.700000000000000000e+01
3.900000000000000000e+02,4.113190174102783203e-01,2.984308370591661586e+01,3.000000000000000000e+00
3.910000000000000000e+02,4.125370979309082031e-01,2.984308370591661586e+01,1.700000000000000000e+01
3.920000000000000000e+02,4.136362075805664062e-01,2.984308370591661586e+01,3.000000000000000000e+00
3.930000000000000000e+02,4.154582023620605469e-01,2.984308370591661586e+01,1.700000000000000000e+01
3.940000000000000000e+02,4.164671897888183594e-01,2.984308370591661586e+01,3.000000000000000000e+00
3.950000000000000000e+02,4.186890125274658203e-01,2.984308370591661586e+01,1.700000000000000000e+01
3.960000000000000000e+02,4.193990230560302734e-01,2.984308370591661586e+01,3.000000000000000000e+00
3.970000000000000000e+02,4.201591014862060547e-01,2.984308370591661586e+01,1.700000000000000000e+01
3.980000000000000000e+02,4.208722114562988281e-01,2.984308370591661586e+01,3.000000000000000000e+00
3.990000000000000000e+02,4.214220046997070312e-01,2.984308370591661586e+01,1.700000000000000000e+01
4.000000000000000000e+02,4.218552112579345703e-01,2.984308370591661586e+01,3.000000000000000000e+00
4.010000000000000000e+02,4.224810600280761719e-01,2.984308370591661586e+01,1.700000000000000000e+01
4.020000000000000000e+02,4.229040145874023438e-01,2.984308370591661586e+01,3.000000000000000000e+00
4.030000000000000000e+02,4.235131740570068359e-01,2.984308370591661586e+01,1.700000000000000000e+01
4.040000000000000000e+02,4.244530200958251953e-01,2.984308370591661586e+01,3.000000000000000000e+00
4.050000000000000000e+02,4.252600669860839844e-01,2.984308370591661586e+01,1.700000000000000000e+01
4.060000000000000000e+02,4.259090423583984375e-01,2.984308370591661586e+01,3.000000000000000000e+00
4.070000000000000000e+02,4.266910552978515625e-01,2.984308370591661586e+01,1.700000000000000000e+01
4.080000000000000000e+02,4.273540973663330078e-01,2.984308370591661586e+01,3.000000000000000000e+00
4.090000000000000000e+02,4.327881336212158203e-01,2.984308370591661586e+01,1.800000000000000000e+01
4.100000000000000000e+02,4.335980415344238281e-01,2.984308370591661586e+01,3.000000000000000000e+00
4.110000000000000000e+02,4.346370697021484375e-01,2.984308370591661586e+01,1.800000000000000000e+01
4.120000000000000000e+02,4.354710578918457031e-01,2.984308370591661586e+01,3.000000000000000000e+00
4.130000000000000000e+02,4.363350868225097656e-01,2.984308370591661586e+01,1.800000000000000000e+01
4.140000000000000000e+02,4.371111392974853516e-01,2.984308370591661586e+01,3.000000000000000000e+00
4.150000000000000000e+02,4.386990070343017578e-01,2.984308370591661586e+01,1.800000000000000000e+01
4.160000000000000000e+02,4.395091533660888672e-01,2.984308370591661586e+01,3.000000000000000000e+00
4.170000000000000000e+02,4.405281543731689453e-01,2.984308370591661586e+01,1.800000000000000000e+01
4.180000000000000000e+02,4.416131973266601562e-01,2.984308370591661586e+01,3.000000000000000000e+00
4.190000000000000000e+02,4.427981376647949219e-01,2.984308370591661586e+01,1.800000000000000000e+01
4.200000000000000000e+02,4.437811374664306641e-01,2.984308370591661586e+01,3.000000000000000000e+00
4.210000000000000000e+02,4.448511600494384766e-01,2.984308370591661586e+01,1.800000000000000000e+01
4.220000000000000000e+02,4.457180500030517578e-01,2.984308370591661586e+01,3.000000000000000000e+00
4.230000000000000000e+02,4.468300342559814453e-01,2.984308370591661586e+01,1.800000000000000000e+01
4.240000000000000000e+02,4.476881027221679688e-01,2.984308370591661586e+01,3.000000000000000000e+00
4.250000000000000000e+02,4.492220878601074219e-01,2.984308370591661586e+01,1.800000000000000000e+01
4.260000000000000000e+02,4.501299858093261719e-01,2.984308370591661586e+01,3.000000000000000000e+00
4.270000000000000000e+02,4.515581130981445312e-01,2.984308370591661586e+01,1.800000000000000000e+01
4.280000000000000000e+02,4.526550769805908203e-01,2.984308370591661586e+01,3.000000000000000000e+00
4.290000000000000000e+02,4.537050724029541016e-01,2.984308370591661586e+01,1.800000000000000000e+01
4.300000000000000000e+02,4.546890258789062500e-01,2.984308370591661586e+01,3.000000000000000000e+00
4.310000000000000000e+02,4.558930397033691406e-01,2.984308370591661586e+01,1.800000000000000000e+01
4.320000000000000000e+02,4.568979740142822266e-01,2.984308370591661586e+01,3.000000000000000000e+00
4.330000000000000000e+02,4.579741954803466797e-01,2.984308370591661586e+01,1.800000000000000000e+01
4.340000000000000000e+02,4.591031074523925781e-01,2.984308370591661586e+01,3.000000000000000000e+00
4.350000000000000000e+02,4.604461193084716797e-01,2.984308370591661586e+01,1.800000000000000000e+01
4.360000000000000000e+02,4.615461826324462891e-01,2.984308370591661586e+01,3.000000000000000000e+00
4.370000000000000000e+02,4.629960060119628906e-01,2.984308370591661586e+01,1.800000000000000000e+01
4.380000000000000000e+02,4.641540050506591797e-01,2.984308370591661586e+01,3.000000000000000000e+00
4.390000000000000000e+02,4.656260013580322266e-01,2.984308370591661586e+01,1.800000000000000000e+01
4.400000000000000000e+02,4.661290645599365234e-01,2.984308370591661586e+01,3.000000000000000000e+00
4.410000000000000000e+02,4.666311740875244141e-01,2.984308370591661586e+01,1.800000000000000000e+01
4.420000000000000000e+02,4.677760601043701172e-01,2.984308370591661586e+01,3.000000000000000000e+00
4.430000000000000000e+02,4.682910442352294922e-01,2.984308370591661586e+01,1.800000000000000000e+01
4.440000000000000000e+02,4.688069820404052734e-01,2.984308370591661586e+01,3.000000000000000000e+00
4.450000000000000000e+02,4.693892002105712891e-01,2.984308370591661586e+01,1.800000000000000000e+01
4.460000000000000000e+02,4.698481559753417969e-01,2.984308370591661586e+01,3.000000000000000000e+00
4.470000000000000000e+02,4.704551696777343750e-01,2.984308370591661586e+01,1.800000000000000000e+01
4.480000000000000000e+02,4.710621833801269531e-01,2.984308370591661586e+01,3.000000000000000000e+00
4.490000000000000000e+02,4.719259738922119141e-01,2.984308370591661586e+01,1.800000000000000000e+01
4.500000000000000000e+02,4.726350307464599609e-01,2.984308370591661586e+01,3.000000000000000000e+00
4.510000000000000000e+02,4.735081195831298828e-01,2.984308370591661586e+01,1.800000000000000000e+01
4.520000000000000000e+02,4.742450714111328125e-01,2.984308370591661586e+01,3.000000000000000000e+00
4.530000000000000000e+02,4.750311374664306641e-01,2.984308370591661586e+01,1.800000000000000000e+01
4.540000000000000000e+02,4.759721755981445312e-01,2.984308370591661586e+01,3.000000000000000000e+00
4.550000000000000000e+02,4.768331050872802734e-01,2.984308370591661586e+01,1.800000000000000000e+01
4.560000000000000000e+02,4.775969982147216797e-01,2.984308370591661586e+01,3.000000000000000000e+00
4.570000000000000000e+02,4.817039966583251953e-01,2.984308370591661586e+01,1.900000000000000000e+01
4.580000000000000000e+02,4.825150966644287109e-01,2.984308370591661586e+01,3.000000000000000000e+00
4.590000000000000000e+02,4.834241867065429688e-01,2.984308370591661586e+01,1.900000000000000000e+01
4.600000000000000000e+02,4.844071865081787109e-01,2.984308370591661586e+01,3.000000000000000000e+00
4.610000000000000000e+02,4.853370189666748047e-01,2.984308370591661586e+01,1.900000000000000000e+01
4.620000000000000000e+02,4.861800670623779297e-01,2.984308370591661586e+01,3.000000000000000000e+00
4.630000000000000000e+02,4.872891902923583984e-01,2.984308370591661586e+01,1.900000000000000000e+01
4.640000000000000000e+02,4.881281852722167969e-01,2.984308370591661586e+01,3.000000000000000000e+00
4.650000000000000000e+02,4.890940189361572266e-01,2.984308370591661586e+01,1.900000000000000000e+01
4.660000000000000000e+02,4.899621009826660156e-01,2.984308370591661586e+01,3.000000000000000000e+00
4.670000000000000000e+02,4.920661449432373047e-01,2.984148468718858638e+01,2.000000000000000000e+01
4.680000000000000000e+02,4.929451942443847656e-01,2.984148468718858638e+01,3.000000000000000000e+00
4.690000000000000000e+02,4.940350055694580078e-01,2.984148468718858638e+01,1.900000000000000000e+01
4.700000000000000000e+02,4.949440956115722656e-01,2.984148468718858638e+01,3.000000000000000000e+00
4.710000000000000000e+02,4.959900379180908203e-01,2.984148468718858638e+01,1.900000000000000000e+01
4.720000000000000000e+02,4.971501827239990234e-01,2.984148468718858638e+01,3.000000000000000000e+00
4.730000000000000000e+02,4.980511665344238281e-01,2.984148468718858638e+01,1.900000000000000000e+01
4.740000000000000000e+02,4.991230964660644531e-01,2.984148468718858638e+01,3.000000000000000000e+00
4.750000000000000000e+02,5.002701282501220703e-01,2.984148468718858638e+01,1.900000000000000000e+01
4.760000000000000000e+02,5.013201236724853516e-01,2.984148468718858638e+01,3.000000000000000000e+00
4.770000000000000000e+02,5.026390552520751953e-01,2.984148468718858638e+01,1.900000000000000000e+01
4.780000000000000000e+02,5.037040710449218750e-01,2.984148468718858638e+01,3.000000000000000000e+00
4.790000000000000000e+02,5.051431655883789062e-01,2.984148468718858638e+01,1.900000000000000000e+01
4.800000000000000000e+02,5.062301158905029297e-01,2.984148468718858638e+01,3.000000000000000000e+00
4.810000000000000000e+02,5.075430870056152344e-01,2.984148468718858638e+01,1.900000000000000000e+01
4.820000000000000000e+02,5.087020397186279297e-01,2.984148468718858638e+01,3.000000000000000000e+00
4.830000000000000000e+02,5.104620456695556641e-01,2.984148468718858638e+01,1.900000000000000000e+01
4.840000000000000000e+02,5.110471248626708984e-01,2.984148468718858638e+01,3.000000000000000000e+00
4.850000000000000000e+02,5.115160942077636719e-01,2.984148468718858638e+01,1.900000000000000000e+01
4.860000000000000000e+02,5.120019912719726562e-01,2.984148468718858638e+01,3.000000000000000000e+00
4.870000000000000000e+02,5.125529766082763672e-01,2.984148468718858638e+01,1.900000000000000000e+01
4.880000000000000000e+02,5.131452083587646484e-01,2.984148468718858638e+01,3.000000000000000000e+00
4.890000000000000000e+02,5.137531757354736328e-01,2.984148468718858638e+01,1.900000000000000000e+01
4.900000000000000000e+02,5.141940116882324219e-01,2.984148468718858638e+01,3.000000000000000000e+00
4.910000000000000000e+02,5.148200988769531250e-01,2.984148468718858638e+01,1.900000000000000000e+01
4.920000000000000000e+02,5.157320499420166016e-01,2.984148468718858638e+01,3.000000000000000000e+00
4.930000000000000000e+02,5.164461135864257812e-01,2.984148468718858638e+01,1.900000000000000000e+01
4.940000000000000000e+02,5.170011520385742188e-01,2.984148468718858638e+01,3.000000000000000000e+00
4.950000000000000000e+02,5.178270339965820312e-01,2.984148468718858638e+01,1.900000000000000000e+01
4.960000000000000000e+02,5.186281204223632812e-01,2.984148468718858638e+01,3.000000000000000000e+00
4.970000000000000000e+02,5.237112045288085938e-01,2.984148468718858638e+01,2.000000000000000000e+01
4.980000000000000000e+02,5.248620510101318359e-01,2.984148468718858638e+01,3.000000000000000000e+00
4.990000000000000000e+02,5.258500576019287109e-01,2.984148468718858638e+01,2.000000000000000000e+01
