0.000000000000000000e+00,8.459091186523437500e-04,0.000000000000000000e+00,1.000000000000000000e+00
1.000000000000000000e+00,3.412008285522460938e-03,0.000000000000000000e+00,2.000000000000000000e+00
2.000000000000000000e+00,4.201889038085937500e-03,0.000000000000000000e+00,1.000000000000000000e+00
3.000000000000000000e+00,6.371974945068359375e-03,0.000000000000000000e+00,3.000000000000000000e+00
4.000000000000000000e+00,7.061004638671875000e-03,0.000000000000000000e+00,1.000000000000000000e+00
5.000000000000000000e+00,9.403944015502929688e-03,0.000000000000000000e+00,4.000000000000000000e+00
6.000000000000000000e+00,1.005291938781738281e-02,0.000000000000000000e+00,1.000000000000000000e+00
7.000000000000000000e+00,1.201891899108886719e-02,0.000000000000000000e+00,5.000000000000000000e+00
8.000000000000000000e+00,1.367187500000000000e-02,0.000000000000000000e+00,2.000000000000000000e+00
9.000000000000000000e+00,1.541185379028320312e-02,0.000000000000000000e+00,6.000000000000000000e+00
1.000000000000000000e+01,1.710486412048339844e-02,0.000000000000000000e+00,3.000000000000000000e+00
1.100000000000000000e+01,1.931405067443847656e-02,0.000000000000000000e+00,7.000000000000000000e+00
1.200000000000000000e+01,2.122783660888671875e-02,0.000000000000000000e+00,4.000000000000000000e+00
1.300000000000000000e+01,2.308297157287597656e-02,0.000000000000000000e+00,8.000000000000000000e+00
1.400000000000000000e+01,2.520990371704101562e-02,0.000000000000000000e+00,4.000000000000000000e+00
1.500000000000000000e+01,2.700686454772949219e-02,0.000000000000000000e+00,9.000000000000000000e+00
1.600000000000000000e+01,2.894687652587890625e-02,0.000000000000000000e+00,4.000000000000000000e+00
1.700000000000000000e+01,3.066587448120117188e-02,0.000000000000000000e+00,1.000000000000000000e+01
1.800000000000000000e+01,3.270387649536132812e-02,0.000000000000000000e+00,4.000000000000000000e+00
1.900000000000000000e+01,3.487396240234375000e-02,0.000000000000000000e+00,1.100000000000000000e+01
2.000000000000000000e+01,3.724098205566406250e-02,0.000000000000000000e+00,4.000000000000000000e+00
2.100000000000000000e+01,3.929591178894042969e-02,0.000000000000000000e+00,1.100000000000000000e+01
2.200000000000000000e+01,4.154801368713378906e-02,0.000000000000000000e+00,4.000000000000000000e+00
2.300000000000000000e+01,4.360103607177734375e-02,0.000000000000000000e+00,1.100000000000000000e+01
2.400000000000000000e+01,4.464006423950195312e-02,0.000000000000000000e+00,4.000000000000000000e+00
2.500000000000000000e+01,4.676198959350585938e-02,0.000000000000000000e+00,1.100000000000000000e+01
2.600000000000000000e+01,4.782795906066894531e-02,0.000000000000000000e+00,4.000000000000000000e+00
2.700000000000000000e+01,5.019783973693847656e-02,0.000000000000000000e+00,1.100000000000000000e+01
2.800000000000000000e+01,5.146288871765136719e-02,0.000000000000000000e+00,4.000000000000000000e+00
2.900000000000000000e+01,5.298304557800292969e-02,0.000000000000000000e+00,1.100000000000000000e+01
3.000000000000000000e+01,5.420494079589843750e-02,0.000000000000000000e+00,4.000000000000000000e+00
3.100000000000000000e+01,5.539202690124511719e-02,0.000000000000000000e+00,1.100000000000000000e+01
3.200000000000000000e+01,5.661702156066894531e-02,0.000000000000000000e+00,4.000000000000000000e+00
3.300000000000000000e+01,5.802392959594726562e-02,0.000000000000000000e+00,1.100000000000000000e+01
3.400000000000000000e+01,5.936098098754882812e-02,0.000000000000000000e+00,4.000000000000000000e+00
3.500000000000000000e+01,6.063985824584960938e-02,0.000000000000000000e+00,1.100000000000000000e+01
3.600000000000000000e+01,6.204605102539062500e-02,0.000000000000000000e+00,4.000000000000000000e+00
3.700000000000000000e+01,6.340384483337402344e-02,0.000000000000000000e+00,1.100000000000000000e+01
3.800000000000000000e+01,6.479001045227050781e-02,0.000000000000000000e+00,4.000000000000000000e+00
3.900000000000000000e+01,6.615996360778808594e-02,0.000000000000000000e+00,1.100000000000000000e+01
4.000000000000000000e+01,6.760787963867187500e-02,0.000000000000000000e+00,4.000000000000000000e+00
4.100000000000000000e+01,6.946706771850585938e-02,0.000000000000000000e+00,1.100000000000000000e+01
4.200000000000000000e+01,7.168889045715332031e-02,0.000000000000000000e+00,5.000000000000000000e+00
4.300000000000000000e+01,7.548403739929199219e-02,0.000000000000000000e+00,1.200000000000000000e+01
4.400000000000000000e+01,7.804894447326660156e-02,0.000000000000000000e+00,6.000000000000000000e+00
4.500000000000000000e+01,8.271193504333496094e-02,0.000000000000000000e+00,1.300000000000000000e+01
4.600000000000000000e+01,8.343195915222167969e-02,0.000000000000000000e+00,6.000000000000000000e+00
4.700000000000000000e+01,8.772492408752441406e-02,0.000000000000000000e+00,1.400000000000000000e+01
4.800000000000000000e+01,9.003806114196777344e-02,0.000000000000000000e+00,7.000000000000000000e+00
4.900000000000000000e+01,9.403586387634277344e-02,0.000000000000000000e+00,1.500000000000000000e+01
5.000000000000000000e+01,9.644699096679687500e-02,0.000000000000000000e+00,8.000000000000000000e+00
5.100000000000000000e+01,9.956097602844238281e-02,0.000000000000000000e+00,1.600000000000000000e+01
5.200000000000000000e+01,1.017818450927734375e-01,0.000000000000000000e+00,9.000000000000000000e+00
5.300000000000000000e+01,1.052138805389404297e-01,0.000000000000000000e+00,1.700000000000000000e+01
5.400000000000000000e+01,1.071009635925292969e-01,0.000000000000000000e+00,1.000000000000000000e+01
5.500000000000000000e+01,1.098680496215820312e-01,0.000000000000000000e+00,1.800000000000000000e+01
5.600000000000000000e+01,1.119358539581298828e-01,0.000000000000000000e+00,1.000000000000000000e+01
5.700000000000000000e+01,1.142709255218505859e-01,0.000000000000000000e+00,1.900000000000000000e+01
5.800000000000000000e+01,1.163849830627441406e-01,0.000000000000000000e+00,1.000000000000000000e+01
5.900000000000000000e+01,1.193280220031738281e-01,0.000000000000000000e+00,2.000000000000000000e+01
6.000000000000000000e+01,1.216719150543212891e-01,0.000000000000000000e+00,1.000000000000000000e+01
6.100000000000000000e+01,1.249120235443115234e-01,0.000000000000000000e+00,2.100000000000000000e+01
6.200000000000000000e+01,1.270859241485595703e-01,0.000000000000000000e+00,1.000000000000000000e+01
6.300000000000000000e+01,1.291968822479248047e-01,0.000000000000000000e+00,2.100000000000000000e+01
6.400000000000000000e+01,1.304039955139160156e-01,0.000000000000000000e+00,1.000000000000000000e+01
6.500000000000000000e+01,1.325819492340087891e-01,0.000000000000000000e+00,2.100000000000000000e+01
6.600000000000000000e+01,1.337239742279052734e-01,0.000000000000000000e+00,1.000000000000000000e+01
6.700000000000000000e+01,1.364960670471191406e-01,0.000000000000000000e+00,2.100000000000000000e+01
6.800000000000000000e+01,1.376838684082031250e-01,0.000000000000000000e+00,1.000000000000000000e+01
6.900000000000000000e+01,1.402750015258789062e-01,0.000000000000000000e+00,2.100000000000000000e+01
7.000000000000000000e+01,1.415119171142578125e-01,0.000000000000000000e+00,1.000000000000000000e+01
7.100000000000000000e+01,1.429338455200195312e-01,0.000000000000000000e+00,2.100000000000000000e+01
7.200000000000000000e+01,1.442239284515380859e-01,0.000000000000000000e+00,1.000000000000000000e+01
7.300000000000000000e+01,1.456048488616943359e-01,0.000000000000000000e+00,2.100000000000000000e+01
7.400000000000000000e+01,1.469788551330566406e-01,0.000000000000000000e+00,1.000000000000000000e+01
7.500000000000000000e+01,1.483640670776367188e-01,0.000000000000000000e+00,2.100000000000000000e+01
7.600000000000000000e+01,1.497709751129150391e-01,0.000000000000000000e+00,1.000000000000000000e+01
7.700000000000000000e+01,1.512038707733154297e-01,0.000000000000000000e+00,2.100000000000000000e+01
7.800000000000000000e+01,1.530179977416992188e-01,0.000000000000000000e+00,1.000000000000000000e+01
7.900000000000000000e+01,1.546819210052490234e-01,0.000000000000000000e+00,2.100000000000000000e+01
8.000000000000000000e+01,1.562209129333496094e-01,0.000000000000000000e+00,1.000000000000000000e+01
8.100000000000000000e+01,1.576850414276123047e-01,0.000000000000000000e+00,2.100000000000000000e+01
8.200000000000000000e+01,1.591088771820068359e-01,0.000000000000000000e+00,1.000000000000000000e+01
8.300000000000000000e+01,1.605558395385742188e-01,0.000000000000000000e+00,2.100000000000000000e+01
8.400000000000000000e+01,1.625750064849853516e-01,0.000000000000000000e+00,1.100000000000000000e+01
8.500000000000000000e+01,1.699678897857666016e-01,0.000000000000000000e+00,2.200000000000000000e+01
8.600000000000000000e+01,1.726489067077636719e-01,0.000000000000000000e+00,1.200000000000000000e+01
8.700000000000000000e+01,1.800708770751953125e-01,0.000000000000000000e+00,2.300000000000000000e+01
8.800000000000000000e+01,1.838040351867675781e-01,0.000000000000000000e+00,1.300000000000000000e+01
8.900000000000000000e+01,1.910200119018554688e-01,0.000000000000000000e+00,2.400000000000000000e+01
9.000000000000000000e+01,1.947729587554931641e-01,0.000000000000000000e+00,1.400000000000000000e+01
9.100000000000000000e+01,2.012078762054443359e-01,0.000000000000000000e+00,2.500000000000000000e+01
9.200000000000000000e+01,2.041440010070800781e-01,0.000000000000000000e+00,1.500000000000000000e+01
9.300000000000000000e+01,2.080268859863281250e-01,0.000000000000000000e+00,2.600000000000000000e+01
9.400000000000000000e+01,2.115249633789062500e-01,0.000000000000000000e+00,1.600000000000000000e+01
9.500000000000000000e+01,2.156379222869873047e-01,0.000000000000000000e+00,2.700000000000000000e+01
9.600000000000000000e+01,2.186930179595947266e-01,0.000000000000000000e+00,1.700000000000000000e+01
9.700000000000000000e+01,2.231278419494628906e-01,0.000000000000000000e+00,2.800000000000000000e+01
9.800000000000000000e+01,2.253098487854003906e-01,0.000000000000000000e+00,1.700000000000000000e+01
9.900000000000000000e+01,2.283558845520019531e-01,0.000000000000000000e+00,2.900000000000000000e+01
